     1  'SIGNATURE   '       3      12
L_FLUX      
     1  'FLUXDIRECT  '       0      -1
     2  'FLUX  1     '       2      64
  3.67702305E-01  3.66582721E-01  3.65848601E-01  3.56802553E-01  3.47413450E-01
  3.46955240E-01  3.42951834E-01  3.61770034E-01  3.63842368E-01  3.62104744E-01
  3.53765726E-01  3.40366364E-01  3.38600576E-01  3.36632758E-01  3.37249309E-01
  3.41996402E-01  3.21257055E-01  3.27508420E-01  3.62249136E-01  3.59387666E-01
  3.53411436E-01  3.39299560E-01  3.22962224E-01  3.18165302E-01  3.26292843E-01
  3.21693629E-01  3.06687802E-01  2.96090394E-01  2.99529701E-01  3.23171824E-01
  3.20041090E-01  3.12058926E-01  2.94879764E-01  2.76609868E-01  2.69875675E-01
  2.96539605E-01  2.83667654E-01  2.65106082E-01  2.36136213E-01  2.09008411E-01
  1.85005680E-01  1.68161049E-01  1.56341746E-01  1.51177526E-01  1.46501899E-01
  1.40407071E-01  1.37224376E-01  1.31658778E-01  1.19737715E-01  1.04122318E-01
  9.20625702E-02  8.23649243E-02  7.44085312E-02  6.76868111E-02  6.23846091E-02
  5.79287037E-02  5.41666336E-02  5.11778332E-02  4.87634167E-02  4.68447730E-02
  4.53742035E-02  4.44273651E-02  4.38999645E-02  4.14170660E-02
     2  'FLUX  2     '       2      64
  1.60584712E+00  1.60188103E+00  1.59763968E+00  1.55922663E+00  1.51834238E+00
  1.51620793E+00  1.49843717E+00  1.58046889E+00  1.58754361E+00  1.57913160E+00
  1.54312909E+00  1.48649704E+00  1.47858369E+00  1.47254372E+00  1.47395909E+00
  1.48979843E+00  1.40400076E+00  1.42735124E+00  1.57010674E+00  1.55828142E+00
  1.53322995E+00  1.47462618E+00  1.40698254E+00  1.38690221E+00  1.42263913E+00
  1.40477586E+00  1.34373939E+00  1.29489005E+00  1.30170679E+00  1.39429581E+00
  1.38071859E+00  1.34671605E+00  1.27406216E+00  1.19710767E+00  1.16874278E+00
  1.28659832E+00  1.23253071E+00  1.15003002E+00  1.02141058E+00  9.01351511E-01
  7.98010886E-01  7.24982381E-01  6.72715843E-01  6.50964439E-01  6.31513655E-01
  6.06328785E-01  5.93757689E-01  5.71034372E-01  5.17209589E-01  4.46252972E-01
  3.91308844E-01  3.47120821E-01  3.10896456E-01  2.80379504E-01  2.56122380E-01
  2.35742629E-01  2.18550920E-01  2.04784140E-01  1.93603948E-01  1.84660941E-01
  1.77741960E-01  1.73114866E-01  1.70366928E-01  1.58758029E-01
     2  'FLUX  3     '       2      64
  3.40313578E+00  3.39314294E+00  3.38055897E+00  3.30358195E+00  3.22070408E+00
  3.21632743E+00  3.17716241E+00  3.33993936E+00  3.35098076E+00  3.33238530E+00
  3.25942898E+00  3.14851332E+00  3.13242316E+00  3.12565660E+00  3.12532949E+00
  3.14883971E+00  2.97692513E+00  3.01434970E+00  3.28590393E+00  3.26255250E+00
  3.21261501E+00  3.09736085E+00  2.96682096E+00  2.92678905E+00  3.00371218E+00
  2.96734166E+00  2.84576774E+00  2.73867822E+00  2.73786831E+00  2.89910698E+00
  2.87218213E+00  2.80500197E+00  2.66268396E+00  2.51407003E+00  2.45873928E+00
  2.70034146E+00  2.58948517E+00  2.41981959E+00  2.15756750E+00  1.91334581E+00
  1.70750034E+00  1.55744493E+00  1.44467437E+00  1.39884853E+00  1.35871780E+00
  1.30849075E+00  1.28486812E+00  1.24108875E+00  1.12118626E+00  9.63778138E-01
  8.41840982E-01  7.43692100E-01  6.63194656E-01  5.95472157E-01  5.41290045E-01
  4.95746106E-01  4.57329392E-01  4.26360011E-01  4.01094109E-01  3.80767643E-01
  3.64905655E-01  3.53973240E-01  3.47127050E-01  3.20886999E-01
     2  'FLUX  4     '       2      64
  3.67174602E+00  3.66803479E+00  3.65265822E+00  3.57622623E+00  3.49156046E+00
  3.48693490E+00  3.44014168E+00  3.61068797E+00  3.61902547E+00  3.59918571E+00
  3.52445579E+00  3.41499734E+00  3.39725304E+00  3.38752174E+00  3.38356304E+00
  3.40025878E+00  3.22332001E+00  3.25743198E+00  3.53416276E+00  3.51096392E+00
  3.46004868E+00  3.34369016E+00  3.21462679E+00  3.17326975E+00  3.24899244E+00
  3.21530318E+00  3.09188890E+00  2.97266245E+00  2.95818043E+00  3.11823201E+00
  3.08986974E+00  3.01975870E+00  2.87228227E+00  2.72039342E+00  2.66276932E+00
  2.91644621E+00  2.80471110E+00  2.61904311E+00  2.33336997E+00  2.07405210E+00
  1.86813605E+00  1.70337272E+00  1.56862557E+00  1.51641119E+00  1.47326410E+00
  1.42084682E+00  1.39799154E+00  1.35430169E+00  1.20610178E+00  1.02170217E+00
  8.81691873E-01  7.70190299E-01  6.79487526E-01  6.03819609E-01  5.43314874E-01
  4.92699772E-01  4.50202972E-01  4.15890336E-01  3.87883604E-01  3.65310550E-01
  3.47619057E-01  3.35165679E-01  3.27102095E-01  2.98660815E-01
     2  'FLUX  5     '       2      64
  3.56703687E+00  3.56586695E+00  3.54667664E+00  3.47786665E+00  3.40006018E+00
  3.39535594E+00  3.34853768E+00  3.49929786E+00  3.49835443E+00  3.47442079E+00
  3.40535426E+00  3.31127810E+00  3.29482174E+00  3.30555606E+00  3.29370451E+00
  3.28327608E+00  3.13554549E+00  3.14442968E+00  3.34599471E+00  3.32599449E+00
  3.28165913E+00  3.18521619E+00  3.08129692E+00  3.04637170E+00  3.13323736E+00
  3.10153913E+00  2.99603200E+00  2.86848140E+00  2.81685114E+00  2.88738465E+00
  2.86160421E+00  2.80128574E+00  2.67815065E+00  2.55404711E+00  2.50725341E+00
  2.76271582E+00  2.65582490E+00  2.47242403E+00  2.19916677E+00  1.95509219E+00
  1.77355778E+00  1.62011099E+00  1.49080908E+00  1.44561684E+00  1.41028166E+00
  1.36934364E+00  1.35368454E+00  1.31901538E+00  1.16570032E+00  9.75148022E-01
  8.30518723E-01  7.15781689E-01  6.22948825E-01  5.46283901E-01  4.84710515E-01
  4.33539897E-01  3.90892804E-01  3.56282264E-01  3.27976763E-01  3.05052400E-01
  2.86886483E-01  2.73469210E-01  2.64012486E-01  2.37661630E-01
     2  'FLUX  6     '       2      64
  4.05708075E+00  4.05041218E+00  4.02537107E+00  3.95802951E+00  3.88100553E+00
  3.87541127E+00  3.83124065E+00  3.94488835E+00  3.93953824E+00  3.91339374E+00
  3.84661698E+00  3.76002002E+00  3.74593854E+00  3.78974223E+00  3.76563239E+00
  3.73879671E+00  3.59439230E+00  3.57599473E+00  3.68625784E+00  3.66757655E+00
  3.62701416E+00  3.54144144E+00  3.45278621E+00  3.42039847E+00  3.54980516E+00
  3.49966860E+00  3.38314390E+00  3.24247527E+00  3.16230869E+00  3.11324549E+00
  3.09155965E+00  3.04128671E+00  2.94139671E+00  2.84311700E+00  2.80434084E+00
  3.08593822E+00  2.95836258E+00  2.76850677E+00  2.51027346E+00  2.27902889E+00
  2.09419274E+00  1.91072357E+00  1.75886846E+00  1.71331024E+00  1.67945516E+00
  1.64219487E+00  1.63034010E+00  1.59407020E+00  1.42411435E+00  1.21529865E+00
  1.05085158E+00  9.16863203E-01  8.06126952E-01  7.13184834E-01  6.37180507E-01
  5.73253572E-01  5.19430518E-01  4.75212038E-01  4.38690364E-01  4.08821672E-01
  3.84887189E-01  3.66819024E-01  3.53615642E-01  3.19706649E-01
     2  'FLUX  7     '       2      64
  2.99191356E+00  2.98923206E+00  2.97806191E+00  2.94808912E+00  2.91551971E+00
  2.91281629E+00  2.89589500E+00  2.91360402E+00  2.91050911E+00  2.89705229E+00
  2.86630726E+00  2.82719064E+00  2.82347155E+00  2.87646365E+00  2.85551620E+00
  2.82771921E+00  2.75488329E+00  2.72934914E+00  2.70681047E+00  2.69799423E+00
  2.67844129E+00  2.63956618E+00  2.60104990E+00  2.58598208E+00  2.70297122E+00
  2.65838075E+00  2.58069611E+00  2.48835206E+00  2.41837287E+00  2.28527856E+00
  2.27301836E+00  2.24687266E+00  2.19713426E+00  2.14877868E+00  2.13011241E+00
  2.35717130E+00  2.25865030E+00  2.11675739E+00  1.93951869E+00  1.77659523E+00
  1.64486718E+00  1.52133787E+00  1.42436993E+00  1.39834571E+00  1.37981331E+00
  1.36025333E+00  1.35535002E+00  1.33378625E+00  1.21871889E+00  1.06109655E+00
  9.29558277E-01  8.18924427E-01  7.25449681E-01  6.45908594E-01  5.79629898E-01
  5.23364186E-01  4.75673467E-01  4.36032057E-01  4.03013527E-01  3.75769347E-01
  3.53678823E-01  3.36480379E-01  3.23228389E-01  2.94731677E-01
     2  'FLUX  8     '       2      64
  3.32610583E+00  3.32266736E+00  3.31224465E+00  3.28514171E+00  3.25605989E+00
  3.25355124E+00  3.24309587E+00  3.22801590E+00  3.22496700E+00  3.21244454E+00
  3.18535948E+00  3.15044379E+00  3.14975500E+00  3.22496533E+00  3.19777799E+00
  3.16326690E+00  3.09366012E+00  3.05652738E+00  2.96899343E+00  2.96145654E+00
  2.94514418E+00  2.91364622E+00  2.88342309E+00  2.87090993E+00  3.01979899E+00
  2.96123266E+00  2.87415910E+00  2.77787423E+00  2.69597244E+00  2.48773885E+00
  2.47804379E+00  2.45815301E+00  2.42154145E+00  2.38645601E+00  2.37288094E+00
  2.62438655E+00  2.51127434E+00  2.36196876E+00  2.19179463E+00  2.03393960E+00
  1.89942741E+00  1.77174687E+00  1.67528522E+00  1.65088522E+00  1.63394713E+00
  1.61638141E+00  1.61283600E+00  1.59244025E+00  1.48618722E+00  1.32852268E+00
  1.18817580E+00  1.06507790E+00  9.57639337E-01  8.63764822E-01  7.83699691E-01
  7.14416206E-01  6.54698491E-01  6.04297400E-01  5.61754048E-01  5.26226521E-01
  4.97095078E-01  4.74167883E-01  4.56351191E-01  4.18109059E-01
     2  'FLUX  9     '       2      64
  2.62849617E+00  2.62671280E+00  2.62344098E+00  2.61357546E+00  2.60417414E+00
  2.60329294E+00  2.60588360E+00  2.55518794E+00  2.55502248E+00  2.55036211E+00
  2.54042435E+00  2.52642918E+00  2.52994180E+00  2.59720802E+00  2.57531905E+00
  2.54968429E+00  2.51148653E+00  2.48043203E+00  2.35993290E+00  2.35694289E+00
  2.35036206E+00  2.33843470E+00  2.32834363E+00  2.32320690E+00  2.44873953E+00
  2.39895082E+00  2.33375478E+00  2.26982856E+00  2.20885801E+00  2.00902128E+00
  2.00424528E+00  1.99537289E+00  1.98025656E+00  1.96593142E+00  1.96041346E+00
  2.15577817E+00  2.06845856E+00  1.95736492E+00  1.84220636E+00  1.73389411E+00
  1.63552201E+00  1.54213727E+00  1.47501993E+00  1.45914948E+00  1.44832790E+00
  1.43757439E+00  1.43604779E+00  1.42291987E+00  1.35791576E+00  1.24809480E+00
  1.14174247E+00  1.04361272E+00  9.54658091E-01  8.74523163E-01  8.04407835E-01
  7.42426574E-01  6.87995672E-01  6.41317487E-01  6.01367772E-01  5.67599535E-01
  5.39615214E-01  5.17414868E-01  5.00060797E-01  4.61817890E-01
     2  'FLUX 10     '       2      64
  2.15232563E+00  2.15102506E+00  2.15092158E+00  2.14919114E+00  2.14882445E+00
  2.14874864E+00  2.15605903E+00  2.09731150E+00  2.09832311E+00  2.09744072E+00
  2.09566212E+00  2.09183168E+00  2.09656954E+00  2.15218091E+00  2.13530850E+00
  2.11639547E+00  2.09539986E+00  2.07046938E+00  1.95159936E+00  1.95085394E+00
  1.94898570E+00  1.94631374E+00  1.94546676E+00  1.94391012E+00  2.04471564E+00
  2.00449443E+00  1.95594490E+00  1.91255081E+00  1.86736834E+00  1.69589782E+00
  1.69369245E+00  1.69028354E+00  1.68547666E+00  1.68104637E+00  1.67943251E+00
  1.82825196E+00  1.76199198E+00  1.67974257E+00  1.60048389E+00  1.52505183E+00
  1.45327866E+00  1.38617551E+00  1.34021425E+00  1.33006203E+00  1.32342553E+00
  1.31704450E+00  1.31680262E+00  1.30855787E+00  1.26902902E+00  1.19155324E+00
  1.11040950E+00  1.03199756E+00  9.58433032E-01  8.90322983E-01  8.29305708E-01
  7.74321198E-01  7.25221336E-01  6.82488024E-01  6.45448267E-01  6.13787353E-01
  5.87283015E-01  5.66057682E-01  5.49299002E-01  5.12128294E-01
     2  'FLUX 11     '       2      64
  1.79339850E+00  1.79236281E+00  1.79329526E+00  1.79454982E+00  1.79723144E+00
  1.79745817E+00  1.80517673E+00  1.75282156E+00  1.75408852E+00  1.75465965E+00
  1.75593591E+00  1.75615227E+00  1.76055670E+00  1.80350518E+00  1.79101074E+00
  1.77738500E+00  1.76540983E+00  1.74647272E+00  1.64647985E+00  1.64663351E+00
  1.64666879E+00  1.64753342E+00  1.64994156E+00  1.64984024E+00  1.72676098E+00
  1.69594467E+00  1.66037118E+00  1.63063049E+00  1.59796917E+00  1.46303678E+00
  1.46207774E+00  1.46108568E+00  1.46055520E+00  1.46018326E+00  1.46016443E+00
  1.56988609E+00  1.52113700E+00  1.46143794E+00  1.40687656E+00  1.35471869E+00
  1.30333018E+00  1.25576031E+00  1.22458303E+00  1.21814787E+00  1.21415818E+00
  1.21053290E+00  1.21088791E+00  1.20583165E+00  1.18253994E+00  1.12890983E+00
  1.06843138E+00  1.00741625E+00  9.48310494E-01  8.92169893E-01  8.40756893E-01
  7.93586791E-01  7.50799477E-01  7.13043988E-01  6.79930031E-01  6.51328623E-01
  6.27160311E-01  6.07641220E-01  5.92090070E-01  5.57280123E-01
     2  'FLUX 12     '       2      64
  1.51335812E+00  1.51240420E+00  1.51392841E+00  1.51709867E+00  1.52169418E+00
  1.52209413E+00  1.52946854E+00  1.48479342E+00  1.48613691E+00  1.48761213E+00
  1.49082279E+00  1.49373221E+00  1.49762046E+00  1.52929008E+00  1.52055788E+00
  1.51135266E+00  1.50604463E+00  1.49206924E+00  1.41133130E+00  1.41204464E+00
  1.41328692E+00  1.41638041E+00  1.42074442E+00  1.42156017E+00  1.47749734E+00
  1.45489812E+00  1.43042910E+00  1.41151774E+00  1.38891864E+00  1.28649354E+00
  1.28636253E+00  1.28691840E+00  1.28903723E+00  1.29119575E+00  1.29213428E+00
  1.36938262E+00  1.33497739E+00  1.29397893E+00  1.25866568E+00  1.22409904E+00
  1.18846977E+00  1.15646470E+00  1.13651526E+00  1.13277388E+00  1.13062668E+00
  1.12887764E+00  1.12952840E+00  1.12682939E+00  1.11407924E+00  1.07727826E+00
  1.03249586E+00  9.85366642E-01  9.38284934E-01  8.92474592E-01  8.49622965E-01
  8.09638321E-01  7.72836804E-01  7.39931047E-01  7.10744679E-01  6.85283065E-01
  6.63570285E-01  6.45864189E-01  6.31593466E-01  5.99786937E-01
     2  'FLUX 13     '       2      64
  1.28419089E+00  1.28349805E+00  1.28510392E+00  1.28894627E+00  1.29399288E+00
  1.29446721E+00  1.30060577E+00  1.26543486E+00  1.26665640E+00  1.26846397E+00
  1.27232075E+00  1.27639520E+00  1.27952850E+00  1.30119681E+00  1.29549444E+00
  1.28973317E+00  1.28841996E+00  1.27880442E+00  1.21816981E+00  1.21909249E+00
  1.22081363E+00  1.22469127E+00  1.22960734E+00  1.23082292E+00  1.26879311E+00
  1.25328600E+00  1.23752999E+00  1.22650850E+00  1.21196210E+00  1.13907790E+00
  1.13941038E+00  1.14071369E+00  1.14397776E+00  1.14725518E+00  1.14859486E+00
  1.19933784E+00  1.17662621E+00  1.15028596E+00  1.12926662E+00  1.10839534E+00
  1.08524692E+00  1.06367981E+00  1.05058932E+00  1.04848266E+00  1.04748154E+00
  1.04691672E+00  1.04775536E+00  1.04641616E+00  1.03966773E+00  1.01528955E+00
  9.83283877E-01  9.48164582E-01  9.12005603E-01  8.75983596E-01  8.41590285E-01
  8.08968544E-01  7.78516650E-01  7.50941753E-01  7.26219296E-01  7.04445899E-01
  6.85717225E-01  6.70312166E-01  6.57773077E-01  6.29806101E-01
     2  'FLUX 14     '       2      64
  1.10710704E+00  1.10627568E+00  1.10783172E+00  1.11142087E+00  1.11608195E+00
  1.11646342E+00  1.12168980E+00  1.09514308E+00  1.09617686E+00  1.09786272E+00
  1.10155630E+00  1.10547757E+00  1.10789979E+00  1.12268639E+00  1.11922407E+00
  1.11588764E+00  1.11707854E+00  1.11060464E+00  1.06612349E+00  1.06704485E+00
  1.06880891E+00  1.07264817E+00  1.07711911E+00  1.07836664E+00  1.10376954E+00
  1.09340477E+00  1.08386028E+00  1.07816398E+00  1.06912494E+00  1.01774967E+00
  1.01822639E+00  1.01971257E+00  1.02310109E+00  1.02638268E+00  1.02774513E+00
  1.06109273E+00  1.04632246E+00  1.02992177E+00  1.01796842E+00  1.00472045E+00
  9.89281654E-01  9.78306353E-01  9.73409474E-01  9.72903609E-01  9.72865760E-01
  9.73093092E-01  9.73849118E-01  9.73866761E-01  9.73998666E-01  9.59799111E-01
  9.38000619E-01  9.12608325E-01  8.85473132E-01  8.57709944E-01  8.30605090E-01
  8.04454148E-01  7.79690325E-01  7.56976545E-01  7.36392260E-01  7.18091130E-01
  7.02212691E-01  6.89033031E-01  6.78194225E-01  6.54142022E-01
     2  'FLUX 15     '       2      64
  9.84915674E-01  9.84248102E-01  9.85611796E-01  9.89023268E-01  9.93242562E-01
  9.93674457E-01  9.97884095E-01  9.77515996E-01  9.78397727E-01  9.80058908E-01
  9.83575702E-01  9.87475693E-01  9.89386797E-01  9.98975635E-01  9.96999562E-01
  9.95290041E-01  9.97533083E-01  9.93405819E-01  9.60953593E-01  9.61856544E-01
  9.63592768E-01  9.67250586E-01  9.71405983E-01  9.72713292E-01  9.89007890E-01
  9.82294381E-01  9.76775408E-01  9.74450171E-01  9.69352663E-01  9.33927059E-01
  9.34556723E-01  9.36171949E-01  9.39615250E-01  9.42970514E-01  9.44386065E-01
  9.64724064E-01  9.55665171E-01  9.46215272E-01  9.40658987E-01  9.33952332E-01
  9.24389660E-01  9.17444468E-01  9.15072441E-01  9.15199399E-01  9.15566266E-01
  9.16171849E-01  9.16845500E-01  9.17200089E-01  9.19593334E-01  9.11602318E-01
  8.96968484E-01  8.78847241E-01  8.58753443E-01  8.37651849E-01  8.16603780E-01
  7.95962155E-01  7.76146352E-01  7.57749617E-01  7.40907848E-01  7.25800753E-01
  7.12587893E-01  7.01531768E-01  6.92359269E-01  6.72042489E-01
     2  'FLUX 16     '       2      64
  8.13861609E-01  8.13345671E-01  8.14443648E-01  8.17286551E-01  8.20764601E-01
  8.21102560E-01  8.24102104E-01  8.10128331E-01  8.10796201E-01  8.12173605E-01
  8.15105140E-01  8.18467557E-01  8.19802940E-01  8.25122237E-01  8.24251533E-01
  8.23660851E-01  8.26319933E-01  8.23980510E-01  8.02817345E-01  8.03577602E-01
  8.05064917E-01  8.08163106E-01  8.11615348E-01  8.12720954E-01  8.21506262E-01
  8.17812860E-01  8.15465868E-01  8.15391898E-01  8.13109517E-01  7.91509628E-01
  7.92112589E-01  7.93574393E-01  7.96596110E-01  7.99559295E-01  8.00763905E-01
  8.10916483E-01  8.06345463E-01  8.02203059E-01  8.01003516E-01  7.98614025E-01
  7.93957651E-01  7.91248441E-01  7.91068375E-01  7.91525424E-01  7.92033672E-01
  7.92751133E-01  7.93334067E-01  7.94029832E-01  7.97043383E-01  7.93124199E-01
  7.84136653E-01  7.72286534E-01  7.58670509E-01  7.44018734E-01  7.29112446E-01
  7.14274645E-01  6.99853301E-01  6.86317563E-01  6.73812568E-01  6.62505746E-01
  6.52545333E-01  6.44150198E-01  6.37131631E-01  6.21617854E-01
     2  'FLUX 17     '       2      64
  7.31346428E-01  7.30470359E-01  7.31569171E-01  7.34252214E-01  7.37367451E-01
  7.37758160E-01  7.41123199E-01  7.29764581E-01  7.30396688E-01  7.31734693E-01
  7.34584868E-01  7.37619579E-01  7.38821745E-01  7.42454648E-01  7.42456317E-01
  7.42807388E-01  7.46800721E-01  7.45508850E-01  7.29084015E-01  7.29870021E-01
  7.31403351E-01  7.34505713E-01  7.37587035E-01  7.38850117E-01  7.43963242E-01
  7.41897583E-01  7.41918862E-01  7.44074643E-01  7.43733764E-01  7.28610933E-01
  7.29267359E-01  7.30796576E-01  7.33828962E-01  7.36568928E-01  7.37890601E-01
  7.43035614E-01  7.40973651E-01  7.40335047E-01  7.42356718E-01  7.41877198E-01
  7.37895310E-01  7.39039660E-01  7.43560851E-01  7.45006979E-01  7.46007681E-01
  7.46990144E-01  7.47215807E-01  7.48319685E-01  7.57281959E-01  7.59248555E-01
  7.55417287E-01  7.48383164E-01  7.39289641E-01  7.28882134E-01  7.17846096E-01
  7.06560075E-01  6.95366621E-01  6.84685528E-01  6.74689889E-01  6.65555000E-01
  6.57432854E-01  6.50523722E-01  6.44690871E-01  6.31845832E-01
     2  'FLUX 18     '       2      64
  7.05387354E-01  7.05156565E-01  7.06112444E-01  7.08932877E-01  7.12341964E-01
  7.12571084E-01  7.14357793E-01  7.05746531E-01  7.06249833E-01  7.07564056E-01
  7.10414350E-01  7.14033663E-01  7.14842677E-01  7.15464771E-01  7.15719819E-01
  7.16395855E-01  7.20011055E-01  7.19455242E-01  7.08722413E-01  7.09454596E-01
  7.10941315E-01  7.14012682E-01  7.17468500E-01  7.18475044E-01  7.19035149E-01
  7.18561053E-01  7.19738901E-01  7.22412705E-01  7.23246753E-01  7.15534985E-01
  7.16234922E-01  7.17820287E-01  7.21000850E-01  7.24251390E-01  7.25364029E-01
  7.23791718E-01  7.24263489E-01  7.26149619E-01  7.30372190E-01  7.33592570E-01
  7.35284150E-01  7.36961842E-01  7.38477767E-01  7.39197791E-01  7.39933729E-01
  7.40943015E-01  7.41709709E-01  7.42976367E-01  7.45168805E-01  7.44859099E-01
  7.41400361E-01  7.35779405E-01  7.28627980E-01  7.20427036E-01  7.11669445E-01
  7.02645004E-01  6.93627715E-01  6.84960544E-01  6.76797032E-01  6.69292212E-01
  6.62582934E-01  6.56844735E-01  6.51974320E-01  6.41258538E-01
     2  'FLUX 19     '       2      64
  6.56042874E-01  6.55638635E-01  6.56612873E-01  6.59532785E-01  6.62930608E-01
  6.63142383E-01  6.65180326E-01  6.57628775E-01  6.58107877E-01  6.59463763E-01
  6.62444115E-01  6.66154683E-01  6.66877210E-01  6.66541457E-01  6.67213678E-01
  6.68448627E-01  6.73062921E-01  6.73002601E-01  6.64424360E-01  6.65214479E-01
  6.66831493E-01  6.70123458E-01  6.73618853E-01  6.74733758E-01  6.73111498E-01
  6.73579335E-01  6.76171124E-01  6.80282652E-01  6.82288289E-01  6.77983940E-01
  6.78768277E-01  6.80517018E-01  6.83970988E-01  6.87356234E-01  6.88570023E-01
  6.83753610E-01  6.85796142E-01  6.89870954E-01  6.96370482E-01  7.01107502E-01
  7.03046083E-01  7.06041455E-01  7.09591031E-01  7.10931897E-01  7.12011218E-01
  7.13304579E-01  7.13957846E-01  7.15231717E-01  7.20178664E-01  7.23087311E-01
  7.22524822E-01  7.19710708E-01  7.15292633E-01  7.09743917E-01  7.03483701E-01
  6.96815193E-01  6.89992428E-01  6.83311701E-01  6.76930368E-01  6.70997024E-01
  6.65641308E-01  6.61017895E-01  6.57055616E-01  6.48367286E-01
     2  'FLUX 20     '       2      64
  1.19026411E+00  1.18944418E+00  1.19148958E+00  1.19764137E+00  1.20465565E+00
  1.20514131E+00  1.20919096E+00  1.19705224E+00  1.19796979E+00  1.20079792E+00
  1.20706248E+00  1.21489370E+00  1.21616316E+00  1.21236181E+00  1.21480656E+00
  1.21844375E+00  1.22962534E+00  1.23097324E+00  1.22018886E+00  1.22187543E+00
  1.22535980E+00  1.23240626E+00  1.23968315E+00  1.24218416E+00  1.23271918E+00
  1.23616147E+00  1.24480939E+00  1.25622749E+00  1.26311183E+00  1.26437330E+00
  1.26614118E+00  1.27001190E+00  1.27754450E+00  1.28484571E+00  1.28755748E+00
  1.26847422E+00  1.27682006E+00  1.29059649E+00  1.30919909E+00  1.32369995E+00
  1.33187485E+00  1.34197044E+00  1.35206795E+00  1.35537231E+00  1.35785544E+00
  1.36067021E+00  1.36176503E+00  1.36450684E+00  1.37763262E+00  1.38898718E+00
  1.39398658E+00  1.39478111E+00  1.39247656E+00  1.38789225E+00  1.38163579E+00
  1.37429941E+00  1.36631680E+00  1.35814083E+00  1.35007691E+00  1.34239042E+00
  1.33530855E+00  1.32907605E+00  1.32363081E+00  1.31178522E+00
     2  'FLUX 21     '       2      64
  1.07768989E+00  1.07623935E+00  1.07810962E+00  1.08358181E+00  1.08959329E+00
  1.09011734E+00  1.09423006E+00  1.08626592E+00  1.08710313E+00  1.08972859E+00
  1.09547138E+00  1.10229194E+00  1.10329115E+00  1.09746587E+00  1.10098386E+00
  1.10568297E+00  1.11758423E+00  1.12010407E+00  1.11634052E+00  1.11795163E+00
  1.12127483E+00  1.12783587E+00  1.13408136E+00  1.13657284E+00  1.12288964E+00
  1.12819457E+00  1.13936210E+00  1.15284526E+00  1.16178906E+00  1.17158568E+00
  1.17332876E+00  1.17705560E+00  1.18408442E+00  1.19055700E+00  1.19320154E+00
  1.16863704E+00  1.17968082E+00  1.19739616E+00  1.21904647E+00  1.23470986E+00
  1.24252856E+00  1.25711274E+00  1.27315283E+00  1.27773702E+00  1.28072011E+00
  1.28365171E+00  1.28409863E+00  1.28689480E+00  1.30733359E+00  1.32604408E+00
  1.33776343E+00  1.34513795E+00  1.34930706E+00  1.35107195E+00  1.35086954E+00
  1.34931326E+00  1.34678125E+00  1.34360158E+00  1.34007406E+00  1.33643377E+00
  1.33287656E+00  1.32958043E+00  1.32655835E+00  1.32013714E+00
     2  'FLUX 22     '       2      64
  7.23108709E-01  7.22181916E-01  7.23911881E-01  7.29821205E-01  7.36427605E-01
  7.36866236E-01  7.39953935E-01  7.31853426E-01  7.32616663E-01  7.35376358E-01
  7.41444230E-01  7.49290228E-01  7.50156581E-01  7.43031681E-01  7.46310592E-01
  7.50929296E-01  7.62360156E-01  7.64814436E-01  7.61993229E-01  7.63645232E-01
  7.67119288E-01  7.74078965E-01  7.81274498E-01  7.83686280E-01  7.68030703E-01
  7.73860216E-01  7.85136878E-01  7.98537016E-01  8.07771802E-01  8.19984674E-01
  8.21924865E-01  8.26043248E-01  8.33933949E-01  8.41666520E-01  8.44373047E-01
  8.15149665E-01  8.27549696E-01  8.46760988E-01  8.70422244E-01  8.90251517E-01
  9.03862238E-01  9.16320860E-01  9.26444829E-01  9.29549277E-01  9.31891143E-01
  9.34517562E-01  9.35449362E-01  9.38075483E-01  9.49634492E-01  9.63966489E-01
  9.74666834E-01  9.82635438E-01  9.88432646E-01  9.92523611E-01  9.95101273E-01
  9.96595144E-01  9.97244239E-01  9.97222960E-01  9.96743262E-01  9.95959580E-01
  9.94998217E-01  9.93956923E-01  9.92878854E-01  9.90723491E-01
     2  'FLUX 23     '       2      64
  4.77142036E-01  4.76735324E-01  4.77726251E-01  4.81089622E-01  4.84785020E-01
  4.85034347E-01  4.86623943E-01  4.83497381E-01  4.83897209E-01  4.85453844E-01
  4.88882363E-01  4.93340492E-01  4.93716449E-01  4.88472402E-01  4.90669817E-01
  4.93650228E-01  5.00630975E-01  5.02586424E-01  5.03700256E-01  5.04642248E-01
  5.06628394E-01  5.10581672E-01  5.14605165E-01  5.16005874E-01  5.04966795E-01
  5.09131193E-01  5.16574323E-01  5.25088191E-01  5.31261265E-01  5.41907489E-01
  5.43032646E-01  5.45396745E-01  5.49889088E-01  5.54265201E-01  5.55825710E-01
  5.36266446E-01  5.44666231E-01  5.57171464E-01  5.72126210E-01  5.84895015E-01
  5.93999147E-01  6.02118850E-01  6.08494163E-01  6.10403657E-01  6.11836731E-01
  6.13445818E-01  6.13972306E-01  6.15582347E-01  6.22788012E-01  6.32189989E-01
  6.39600277E-01  6.45434082E-01  6.49973452E-01  6.53470695E-01  6.56002998E-01
  6.57829463E-01  6.59084857E-01  6.59855127E-01  6.60269499E-01  6.60418332E-01
  6.60374522E-01  6.60188913E-01  6.59900308E-01  6.59412086E-01
     2  'FLUX 24     '       2      64
  4.80589956E-01  4.79063153E-01  4.80762362E-01  4.87104803E-01  4.94218081E-01
  4.94690597E-01  4.97971892E-01  4.88781363E-01  4.89600062E-01  4.92649227E-01
  4.99316484E-01  5.07977366E-01  5.08921325E-01  5.01199067E-01  5.04884303E-01
  5.10075271E-01  5.22268355E-01  5.24601519E-01  5.21251738E-01  5.23085237E-01
  5.26984096E-01  5.34786284E-01  5.42869329E-01  5.45506120E-01  5.28058648E-01
  5.34532666E-01  5.47109544E-01  5.61911881E-01  5.72101712E-01  5.85434556E-01
  5.87729454E-01  5.92578769E-01  6.01836681E-01  6.10927463E-01  6.14034414E-01
  5.80164254E-01  5.94214380E-01  6.16669774E-01  6.44168735E-01  6.66985393E-01
  6.82296634E-01  6.96004629E-01  7.06834257E-01  7.10081100E-01  7.12527633E-01
  7.15264201E-01  7.16181457E-01  7.18946517E-01  7.31092393E-01  7.46472001E-01
  7.58558095E-01  7.68221259E-01  7.75960088E-01  7.82179952E-01  7.86980391E-01
  7.90748298E-01  7.93666959E-01  7.95831680E-01  7.97419965E-01  7.98546970E-01
  7.99303114E-01  7.99738228E-01  7.99918115E-01  8.00556660E-01
     2  'FLUX 25     '       2      64
  4.08531368E-01  4.07054454E-01  4.08934444E-01  4.16023582E-01  4.24010336E-01
  4.24550921E-01  4.28272069E-01  4.18337882E-01  4.19136882E-01  4.22411919E-01
  4.29815352E-01  4.39554125E-01  4.40642476E-01  4.32062805E-01  4.36080247E-01
  4.41597372E-01  4.55825597E-01  4.58432555E-01  4.54468518E-01  4.56515759E-01
  4.60908473E-01  4.69812125E-01  4.79106665E-01  4.82206017E-01  4.62348312E-01
  4.69683111E-01  4.84142572E-01  5.01134992E-01  5.12680829E-01  5.27577400E-01
  5.30220270E-01  5.35845518E-01  5.46685338E-01  5.57413757E-01  5.61176181E-01
  5.21979094E-01  5.38270414E-01  5.64213336E-01  5.96408188E-01  6.23515069E-01
  6.42326832E-01  6.59160078E-01  6.72339678E-01  6.76261187E-01  6.79210305E-01
  6.82504535E-01  6.83588147E-01  6.86936557E-01  7.01721847E-01  7.20588326E-01
  7.35597670E-01  7.47787595E-01  7.57747889E-01  7.65951097E-01  7.72492647E-01
  7.77822256E-01  7.82141745E-01  7.85537004E-01  7.88206339E-01  7.90272772E-01
  7.91828811E-01  7.92914689E-01  7.93616593E-01  7.95458436E-01
     2  'FLUX 26     '       2      64
  4.85543072E-01  4.85717982E-01  4.86192822E-01  4.87817943E-01  4.89382803E-01
  4.89500642E-01  4.89579707E-01  4.93664294E-01  4.93742377E-01  4.94495183E-01
  4.96111065E-01  4.98324752E-01  4.98041093E-01  4.90783781E-01  4.93190676E-01
  4.96142626E-01  5.01161456E-01  5.04338682E-01  5.15493810E-01  5.15965760E-01
  5.16975105E-01  5.18864095E-01  5.20571828E-01  5.21338344E-01  5.07688344E-01
  5.13036966E-01  5.20496368E-01  5.28060138E-01  5.34776926E-01  5.54593921E-01
  5.55254519E-01  5.56514859E-01  5.58745265E-01  5.60837030E-01  5.61650276E-01
  5.40500045E-01  5.49930155E-01  5.62241435E-01  5.75422406E-01  5.87400198E-01
  5.96944511E-01  6.05328918E-01  6.11684501E-01  6.13475084E-01  6.14768326E-01
  6.16158187E-01  6.16512477E-01  6.17873132E-01  6.24595046E-01  6.35020316E-01
  6.44341648E-01  6.52468801E-01  6.59480095E-01  6.65516436E-01  6.70540690E-01
  6.74784482E-01  6.78343773E-01  6.81244612E-01  6.83605552E-01  6.85500026E-01
  6.86984718E-01  6.88080609E-01  6.88859105E-01  6.90739453E-01
     2  'FLUX 27     '       2      64
  5.77724040E-01  5.74971914E-01  5.77901661E-01  5.89694917E-01  6.03065968E-01
  6.03977442E-01  6.10137343E-01  5.93570769E-01  5.94758451E-01  6.00126803E-01
  6.12516642E-01  6.29040182E-01  6.30889177E-01  6.16549015E-01  6.23286366E-01
  6.32372737E-01  6.56522453E-01  6.60557985E-01  6.53608382E-01  6.57049954E-01
  6.64520204E-01  6.79803431E-01  6.95899546E-01  7.01239705E-01  6.67160153E-01
  6.79714680E-01  7.04633832E-01  7.33687758E-01  7.53260195E-01  7.78406799E-01
  7.83074856E-01  7.93036342E-01  8.12334538E-01  8.31586599E-01  8.38324964E-01
  7.69127727E-01  7.97601998E-01  8.43489408E-01  9.00615633E-01  9.48921740E-01
  9.82898712E-01  1.01321876E+00  1.03675091E+00  1.04370606E+00  1.04885292E+00
  1.05460310E+00  1.05644369E+00  1.06227338E+00  1.08826745E+00  1.12230587E+00
  1.15018165E+00  1.17348206E+00  1.19311404E+00  1.20981967E+00  1.22365761E+00
  1.23537660E+00  1.24527919E+00  1.25344110E+00  1.26018441E+00  1.26569319E+00
  1.27010071E+00  1.27343524E+00  1.27587509E+00  1.28179729E+00
     2  'FLUX 28     '       2      64
  1.83147758E-01  1.83256999E-01  1.83423057E-01  1.83962911E-01  1.84398174E-01
  1.84435204E-01  1.84305176E-01  1.87122852E-01  1.87142879E-01  1.87419161E-01
  1.87954336E-01  1.88667879E-01  1.88445091E-01  1.84773818E-01  1.85951814E-01
  1.87392503E-01  1.89459711E-01  1.91121489E-01  1.97776183E-01  1.97944641E-01
  1.98301405E-01  1.98900431E-01  1.99333698E-01  1.99592277E-01  1.92815572E-01
  1.95487365E-01  1.99000031E-01  2.02437624E-01  2.05705002E-01  2.16518804E-01
  2.16763169E-01  2.17189535E-01  2.17861399E-01  2.18415543E-01  2.18651935E-01
  2.08496183E-01  2.13071346E-01  2.18838468E-01  2.24703535E-01  2.30066448E-01
  2.34366015E-01  2.38191709E-01  2.41101667E-01  2.41899312E-01  2.42461100E-01
  2.43053988E-01  2.43166819E-01  2.43725136E-01  2.46724695E-01  2.51661599E-01
  2.56251127E-01  2.60368645E-01  2.64016628E-01  2.67241001E-01  2.70003587E-01
  2.72404402E-01  2.74479151E-01  2.76226163E-01  2.77696252E-01  2.78917879E-01
  2.79911906E-01  2.80680448E-01  2.81261623E-01  2.82627016E-01
     2  'FLUX 29     '       2      64
  2.41368935E-01  2.41480917E-01  2.41585478E-01  2.42077038E-01  2.42497250E-01
  2.42531523E-01  2.42297634E-01  2.45316625E-01  2.45286793E-01  2.45507658E-01
  2.45990574E-01  2.46731639E-01  2.46495739E-01  2.42747545E-01  2.43916735E-01
  2.45298862E-01  2.47321963E-01  2.48955622E-01  2.55777210E-01  2.55922884E-01
  2.56246120E-01  2.56838471E-01  2.57348627E-01  2.57613271E-01  2.50688225E-01
  2.53417730E-01  2.56978691E-01  2.60407269E-01  2.63654947E-01  2.74419487E-01
  2.74676532E-01  2.75137305E-01  2.75932789E-01  2.76701063E-01  2.76998371E-01
  2.66447783E-01  2.71124661E-01  2.77120262E-01  2.83326596E-01  2.89107323E-01
  2.93935120E-01  2.98060775E-01  3.01082939E-01  3.01904619E-01  3.02485138E-01
  3.03097636E-01  3.03218335E-01  3.03811818E-01  3.06843698E-01  3.12065959E-01
  3.17051142E-01  3.21609348E-01  3.25711668E-01  3.29386503E-01  3.32575381E-01
  3.35376441E-01  3.37820649E-01  3.39898229E-01  3.41661304E-01  3.43138009E-01
  3.44349056E-01  3.45294088E-01  3.46017212E-01  3.47700477E-01
     2  'FLUX 30     '       2      64
  2.35119790E-01  2.35215098E-01  2.35223666E-01  2.35388979E-01  2.35455826E-01
  2.35465571E-01  2.35131875E-01  2.38143325E-01  2.38087550E-01  2.38165826E-01
  2.38325670E-01  2.38624692E-01  2.38375872E-01  2.35384896E-01  2.36286253E-01
  2.37329528E-01  2.38591999E-01  2.39920154E-01  2.46070996E-01  2.46128544E-01
  2.46263117E-01  2.46476799E-01  2.46596247E-01  2.46719465E-01  2.41304502E-01
  2.43458435E-01  2.46108025E-01  2.48547807E-01  2.51014084E-01  2.59927452E-01
  2.60071009E-01  2.60297090E-01  2.60646075E-01  2.60967433E-01  2.61102617E-01
  2.53136724E-01  2.56689638E-01  2.61130422E-01  2.65539020E-01  2.69679189E-01
  2.73163676E-01  2.76154548E-01  2.78349042E-01  2.78933287E-01  2.79331774E-01
  2.79740214E-01  2.79792815E-01  2.80172229E-01  2.82327503E-01  2.86299169E-01
  2.90235430E-01  2.93918937E-01  2.97292888E-01  3.00357968E-01  3.03052127E-01
  3.05443138E-01  3.07548642E-01  3.09353977E-01  3.10897619E-01  3.12199652E-01
  3.13274741E-01  3.14120412E-01  3.14774215E-01  3.16282988E-01
     2  'FLUX 31     '       2      64
  3.93592298E-01  3.93714160E-01  3.93729508E-01  3.93985003E-01  3.94119531E-01
  3.94135237E-01  3.93693864E-01  3.97703737E-01  3.97626519E-01  3.97741884E-01
  3.97991270E-01  3.98450166E-01  3.98121119E-01  3.94051611E-01  3.95280540E-01
  3.96696985E-01  3.98460954E-01  4.00263369E-01  4.08526480E-01  4.08613086E-01
  4.08815861E-01  4.09155577E-01  4.09380168E-01  4.09565121E-01  4.02157634E-01
  4.05108154E-01  4.08759028E-01  4.12128150E-01  4.15501297E-01  4.27499712E-01
  4.27708447E-01  4.28047478E-01  4.28590804E-01  4.29106027E-01  4.29314554E-01
  4.18403506E-01  4.23270226E-01  4.29378599E-01  4.35477495E-01  4.41192597E-01
  4.45993274E-01  4.50089931E-01  4.53076541E-01  4.53858495E-01  4.54391748E-01
  4.54926163E-01  4.54986244E-01  4.55483496E-01  4.58375901E-01  4.63886082E-01
  4.69462007E-01  4.74761277E-01  4.79679257E-01  4.84197766E-01  4.88213032E-01
  4.91809487E-01  4.95003223E-01  4.97764200E-01  5.00142395E-01  5.02162158E-01
  5.03841102E-01  5.05172133E-01  5.06211340E-01  5.08590877E-01
     2  'FLUX 32     '       2      64
  1.72454238E-01  1.72490507E-01  1.72529697E-01  1.72715917E-01  1.72869891E-01
  1.72883391E-01  1.72789663E-01  1.74106315E-01  1.74090236E-01  1.74172714E-01
  1.74357474E-01  1.74640805E-01  1.74538583E-01  1.72975183E-01  1.73468873E-01
  1.74045727E-01  1.74881637E-01  1.75580218E-01  1.78501695E-01  1.78559050E-01
  1.78687051E-01  1.78921074E-01  1.79112583E-01  1.79221913E-01  1.76317021E-01
  1.77475512E-01  1.78976297E-01  1.80412009E-01  1.81775928E-01  1.86256126E-01
  1.86359510E-01  1.86543733E-01  1.86859906E-01  1.87160254E-01  1.87280521E-01
  1.82943538E-01  1.84888095E-01  1.87369198E-01  1.89915553E-01  1.92251921E-01
  1.94147930E-01  1.95824817E-01  1.97091803E-01  1.97425216E-01  1.97650701E-01
  1.97876289E-01  1.97899699E-01  1.98102072E-01  1.99366227E-01  2.01657489E-01
  2.03953534E-01  2.06137031E-01  2.08169580E-01  2.10044384E-01  2.11717948E-01
  2.13223472E-01  2.14566126E-01  2.15731889E-01  2.16740116E-01  2.17599735E-01
  2.18317121E-01  2.18888313E-01  2.19336584E-01  2.20359221E-01
     2  'FLUX 33     '       2      64
  1.46651387E-01  1.46668091E-01  1.46760315E-01  1.47107318E-01  1.47468597E-01
  1.47494912E-01  1.47540182E-01  1.48102283E-01  1.48113117E-01  1.48262218E-01
  1.48608372E-01  1.49099126E-01  1.49067700E-01  1.47782296E-01  1.48215950E-01
  1.48737818E-01  1.49726540E-01  1.50277868E-01  1.52062327E-01  1.52159795E-01
  1.52372196E-01  1.52794495E-01  1.53210655E-01  1.53379291E-01  1.50886238E-01
  1.51866838E-01  1.53276742E-01  1.54718444E-01  1.55948073E-01  1.59285665E-01
  1.59426317E-01  1.59706295E-01  1.60228148E-01  1.60745755E-01  1.60938904E-01
  1.56995520E-01  1.58745795E-01  1.61089048E-01  1.63663581E-01  1.65981561E-01
  1.67813197E-01  1.69423074E-01  1.70634866E-01  1.70961857E-01  1.71188027E-01
  1.71423733E-01  1.71461150E-01  1.71683520E-01  1.72925562E-01  1.75035030E-01
  1.77087992E-01  1.79014981E-01  1.80795863E-01  1.82431877E-01  1.83888733E-01
  1.85197949E-01  1.86365098E-01  1.87378675E-01  1.88255683E-01  1.89004004E-01
  1.89629033E-01  1.90127179E-01  1.90518320E-01  1.91410989E-01
     2  'FLUX 34     '       2      64
  2.91376710E-02  2.91397870E-02  2.91537978E-02  2.92034745E-02  2.92497799E-02
  2.92535275E-02  2.92565282E-02  2.94156428E-02  2.94167269E-02  2.94392537E-02
  2.94891037E-02  2.95573026E-02  2.95462832E-02  2.92969234E-02  2.93809976E-02
  2.94820461E-02  2.96516232E-02  2.97631640E-02  3.01720556E-02  3.01869772E-02
  3.02193630E-02  3.02801896E-02  3.03330552E-02  3.03587262E-02  2.98814531E-02
  3.00711058E-02  3.03336661E-02  3.05955987E-02  3.08288150E-02  3.15210931E-02
  3.15431543E-02  3.15851867E-02  3.16596925E-02  3.17290090E-02  3.17565277E-02
  3.10261250E-02  3.13537940E-02  3.17837298E-02  3.22388299E-02  3.26456167E-02
  3.29608209E-02  3.32489349E-02  3.34730037E-02  3.35329063E-02  3.35736312E-02
  3.36141177E-02  3.36181074E-02  3.36543359E-02  3.38862762E-02  3.42806764E-02
  3.46674584E-02  3.50325853E-02  3.53715345E-02  3.56839895E-02  3.59631032E-02
  3.62145528E-02  3.64391990E-02  3.66346836E-02  3.68041322E-02  3.69489491E-02
  3.70700918E-02  3.71668190E-02  3.72429565E-02  3.74163166E-02
     2  'FLUX 35     '       2      64
  2.86023151E-02  2.86040287E-02  2.86213309E-02  2.86842864E-02  2.87480820E-02
  2.87528429E-02  2.87622195E-02  2.88778562E-02  2.88802180E-02  2.89078765E-02
  2.89708730E-02  2.90583652E-02  2.90515050E-02  2.88075004E-02  2.88907308E-02
  2.89914384E-02  2.91769020E-02  2.92827524E-02  2.96338424E-02  2.96518821E-02
  2.96910312E-02  2.97675394E-02  2.98403166E-02  2.98710689E-02  2.93981452E-02
  2.95845903E-02  2.98519768E-02  3.01243868E-02  3.03579979E-02  3.10025476E-02
  3.10282875E-02  3.10790855E-02  3.11724767E-02  3.12631279E-02  3.12974900E-02
  3.05557959E-02  3.08859479E-02  3.13273780E-02  3.18077281E-02  3.22365984E-02
  3.25696208E-02  3.28683443E-02  3.30973864E-02  3.31593230E-02  3.32015418E-02
  3.32449675E-02  3.32507417E-02  3.32910754E-02  3.35269608E-02  3.39251757E-02
  3.43130305E-02  3.46777476E-02  3.50154638E-02  3.53262909E-02  3.56036313E-02
  3.58533114E-02  3.60762775E-02  3.62702422E-02  3.64383422E-02  3.65819931E-02
  3.67021523E-02  3.67980823E-02  3.68735455E-02  3.70455980E-02
     2  'FLUX 36     '       2      64
  2.92803831E-02  2.92819869E-02  2.93016564E-02  2.93732155E-02  2.94477139E-02
  2.94531379E-02  2.94665825E-02  2.95628645E-02  2.95660328E-02  2.95971446E-02
  2.96687037E-02  2.97683235E-02  2.97634639E-02  2.95158178E-02  2.96009965E-02
  2.97044013E-02  2.99036540E-02  3.00097913E-02  3.03403903E-02  3.03605795E-02
  3.04043554E-02  3.04910615E-02  3.05758938E-02  3.06101777E-02  3.01269162E-02
  3.03168315E-02  3.05941217E-02  3.08797862E-02  3.11202947E-02  3.17576267E-02
  3.17859352E-02  3.18425931E-02  3.19481120E-02  3.20518501E-02  3.20906788E-02
  3.13240550E-02  3.16644311E-02  3.21233682E-02  3.26293856E-02  3.30806598E-02
  3.34308669E-02  3.37431990E-02  3.39817740E-02  3.40459272E-02  3.40907536E-02
  3.41364853E-02  3.41431089E-02  3.41860577E-02  3.44331227E-02  3.48461457E-02
  3.52464877E-02  3.56221013E-02  3.59694697E-02  3.62889469E-02  3.65738682E-02
  3.68303172E-02  3.70593108E-02  3.72585021E-02  3.74311507E-02  3.75787020E-02
  3.77021469E-02  3.78007069E-02  3.78782526E-02  3.80550735E-02
     2  'FLUX 37     '       2      64
  3.03115677E-02  3.03139240E-02  3.03323362E-02  3.03981621E-02  3.04648243E-02
  3.04698106E-02  3.04800104E-02  3.05989832E-02  3.06016356E-02  3.06306258E-02
  3.06964293E-02  3.07874810E-02  3.07804588E-02  3.05272397E-02  3.06136254E-02
  3.07182837E-02  3.09111942E-02  3.10217440E-02  3.13849561E-02  3.14038023E-02
  3.14446092E-02  3.15241925E-02  3.15998048E-02  3.16318199E-02  3.11416835E-02
  3.13351117E-02  3.16121131E-02  3.18948887E-02  3.21375951E-02  3.28052491E-02
  3.28319073E-02  3.28844972E-02  3.29810977E-02  3.30747403E-02  3.31102908E-02
  3.23433094E-02  3.26854177E-02  3.31414342E-02  3.36377807E-02  3.40815522E-02
  3.44269462E-02  3.47357430E-02  3.49714868E-02  3.50351073E-02  3.50784957E-02
  3.51231284E-02  3.51291746E-02  3.51706520E-02  3.54127847E-02  3.58249955E-02
  3.62278335E-02  3.66073251E-02  3.69592495E-02  3.72835398E-02  3.75732444E-02
  3.78343016E-02  3.80676612E-02  3.82708423E-02  3.84470820E-02  3.85978147E-02
  3.87239978E-02  3.88248190E-02  3.89042348E-02  3.90850492E-02
     2  'FLUX 38     '       2      64
  2.98631880E-02  2.98658293E-02  2.98854634E-02  2.99560633E-02  3.00295129E-02
  3.00348829E-02  3.00475750E-02  3.01451143E-02  3.01482901E-02  3.01790293E-02
  3.02494876E-02  3.03476360E-02  3.03426012E-02  3.00961230E-02  3.01804915E-02
  3.02829798E-02  3.04793697E-02  3.05857677E-02  3.09167057E-02  3.09365466E-02
  3.09795476E-02  3.10645998E-02  3.11478432E-02  3.11815515E-02  3.07024699E-02
  3.08909863E-02  3.11646573E-02  3.14467847E-02  3.16853262E-02  3.23186815E-02
  3.23464237E-02  3.24018262E-02  3.25049497E-02  3.26064639E-02  3.26444432E-02
  3.18877697E-02  3.22244950E-02  3.26761678E-02  3.31737548E-02  3.36188860E-02
  3.39659974E-02  3.42729650E-02  3.45051363E-02  3.45678106E-02  3.46111804E-02
  3.46555114E-02  3.46618481E-02  3.47038433E-02  3.49436738E-02  3.53509597E-02
  3.57481688E-02  3.61219943E-02  3.64684910E-02  3.67877148E-02  3.70728746E-02
  3.73298712E-02  3.75596173E-02  3.77596952E-02  3.79332863E-02  3.80817764E-02
  3.82061191E-02  3.83055136E-02  3.83838415E-02  3.85619700E-02
     2  'FLUX 39     '       2      64
  2.98488624E-02  2.98524126E-02  2.98678447E-02  2.99223475E-02  2.99755968E-02
  2.99796890E-02  2.99842488E-02  3.01217232E-02  3.01234704E-02  3.01478617E-02
  3.02021895E-02  3.02774273E-02  3.02682929E-02  3.00255008E-02  3.01070344E-02
  3.02054249E-02  3.03763766E-02  3.04843038E-02  3.08606848E-02  3.08765173E-02
  3.09107564E-02  3.09762768E-02  3.10363527E-02  3.10633369E-02  3.05993762E-02
  3.07833161E-02  3.10397446E-02  3.12982984E-02  3.15260813E-02  3.21810395E-02
  3.22038308E-02  3.22478861E-02  3.23274173E-02  3.24034505E-02  3.24327238E-02
  3.17194834E-02  3.20392549E-02  3.24589387E-02  3.29084471E-02  3.33126560E-02
  3.36296968E-02  3.39113176E-02  3.41246687E-02  3.41815874E-02  3.42204422E-02
  3.42598706E-02  3.42645571E-02  3.43014300E-02  3.45175192E-02  3.48985381E-02
  3.52762416E-02  3.56345773E-02  3.59684303E-02  3.62771042E-02  3.65536623E-02
  3.68034318E-02  3.70270871E-02  3.72221619E-02  3.73915993E-02  3.75367031E-02
  3.76583226E-02  3.77556644E-02  3.78324986E-02  3.80068123E-02
     2  'FLUX 40     '       2      64
  3.06877717E-02  3.06914710E-02  3.07080187E-02  3.07671446E-02  3.08264177E-02
  3.08308639E-02  3.08369733E-02  3.09648048E-02  3.09668463E-02  3.09929680E-02
  3.10518481E-02  3.11339535E-02  3.11258361E-02  3.08802500E-02  3.09628788E-02
  3.10626496E-02  3.12408190E-02  3.13490219E-02  3.17154638E-02  3.17323618E-02
  3.17689292E-02  3.18398438E-02  3.19066755E-02  3.19355391E-02  3.14652957E-02
  3.16513926E-02  3.19132209E-02  3.21787484E-02  3.24101560E-02  3.30606923E-02
  3.30847912E-02  3.31318602E-02  3.32178511E-02  3.33012417E-02  3.33329737E-02
  3.26066874E-02  3.29318792E-02  3.33607271E-02  3.38237211E-02  3.42392810E-02
  3.45642753E-02  3.48524563E-02  3.50705571E-02  3.51289362E-02  3.51685584E-02
  3.52090150E-02  3.52134444E-02  3.52509804E-02  3.54746431E-02  3.58651467E-02
  3.62512954E-02  3.66174690E-02  3.69585976E-02  3.72740589E-02  3.75567824E-02
  3.78121883E-02  3.80409732E-02  3.82405892E-02  3.84140462E-02  3.85626219E-02
  3.86872031E-02  3.87869515E-02  3.88657115E-02  3.90443765E-02
     2  'FLUX 41     '       2      64
  2.92412564E-02  2.92455480E-02  2.92579569E-02  2.93020643E-02  2.93433610E-02
  2.93466114E-02  2.93456838E-02  2.94970050E-02  2.94978451E-02  2.95178536E-02
  2.95616500E-02  2.96226982E-02  2.96118651E-02  2.93810610E-02  2.94572841E-02
  2.95487642E-02  2.96981614E-02  2.98018306E-02  3.01840734E-02  3.01970653E-02
  3.02251186E-02  3.02777123E-02  3.03240027E-02  3.03462464E-02  2.99110152E-02
  3.00842021E-02  3.03194579E-02  3.05532273E-02  3.07644140E-02  3.13977189E-02
  3.14168781E-02  3.14529836E-02  3.15168500E-02  3.15771028E-02  3.16006355E-02
  3.09438687E-02  3.12395860E-02  3.16222571E-02  3.20250727E-02  3.23885791E-02
  3.26748565E-02  3.29285264E-02  3.31199169E-02  3.31706665E-02  3.32046039E-02
  3.32389288E-02  3.32420133E-02  3.32738459E-02  3.34655307E-02  3.38144153E-02
  3.41652334E-02  3.45005505E-02  3.48145291E-02  3.51059027E-02  3.53677906E-02
  3.56048532E-02  3.58175598E-02  3.60034145E-02  3.61650996E-02  3.63037400E-02
  3.64200920E-02  3.65133584E-02  3.65871079E-02  3.67541052E-02
     2  'FLUX 42     '       2      64
  5.61768487E-02  5.61851747E-02  5.62012754E-02  5.62542900E-02  5.62933050E-02
  5.62971123E-02  5.62821589E-02  5.66485822E-02  5.66477515E-02  5.66738695E-02
  5.67265823E-02  5.67975342E-02  5.67690022E-02  5.63363880E-02  5.64775206E-02
  5.66456430E-02  5.68846762E-02  5.70859686E-02  5.79041950E-02  5.79214916E-02
  5.79586104E-02  5.80215976E-02  5.80637679E-02  5.80935255E-02  5.72911575E-02
  5.76136634E-02  5.80322929E-02  5.84361069E-02  5.88200800E-02  6.00731373E-02
  6.01001531E-02  6.01471737E-02  6.02227822E-02  6.02862872E-02  6.03142567E-02
  5.91456369E-02  5.96780293E-02  6.03488199E-02  6.10257760E-02  6.16362393E-02
  6.21135645E-02  6.25508428E-02  6.28891215E-02  6.29782900E-02  6.30359054E-02
  6.30924180E-02  6.30936027E-02  6.31429851E-02  6.34804070E-02  6.41060919E-02
  6.47435859E-02  6.53576404E-02  6.59356788E-02  6.64741769E-02  6.69597313E-02
  6.74003288E-02  6.77964166E-02  6.81430995E-02  6.84451312E-02  6.87044337E-02
  6.89222962E-02  6.90971315E-02  6.92356080E-02  6.95489049E-02
     2  'FLUX 43     '       2      64
  8.73812288E-02  8.73883516E-02  8.74530226E-02  8.76803622E-02  8.79252777E-02
  8.79425630E-02  8.79979208E-02  8.81501734E-02  8.81633908E-02  8.82612467E-02
  8.84876326E-02  8.88019055E-02  8.87991935E-02  8.81439820E-02  8.83725062E-02
  8.86522830E-02  8.92305970E-02  8.95095021E-02  9.02592540E-02  9.03217718E-02
  9.04564410E-02  9.07272547E-02  9.10009742E-02  9.11059380E-02  8.98200721E-02
  9.03241932E-02  9.10797194E-02  9.18746591E-02  9.25250873E-02  9.41137597E-02
  9.41973627E-02  9.43678692E-02  9.46904942E-02  9.50122252E-02  9.51310471E-02
  9.30767059E-02  9.39910859E-02  9.52314958E-02  9.66269448E-02  9.78667811E-02
  9.88236815E-02  9.96700302E-02  1.00310408E-01  1.00483313E-01  1.00603171E-01
  1.00726768E-01  1.00744262E-01  1.00861616E-01  1.01526782E-01  1.02646746E-01
  1.03738382E-01  1.04768001E-01  1.05725020E-01  1.06609419E-01  1.07402071E-01
  1.08118623E-01  1.08761132E-01  1.09322295E-01  1.09810524E-01  1.10229231E-01
  1.10580742E-01  1.10862471E-01  1.11085117E-01  1.11591108E-01
     2  'FLUX 44     '       2      64
  1.12650901E-01  1.12659998E-01  1.12736627E-01  1.12996213E-01  1.13268949E-01
  1.13288715E-01  1.13352239E-01  1.13597177E-01  1.13613047E-01  1.13727018E-01
  1.13986023E-01  1.14339963E-01  1.14330888E-01  1.13524929E-01  1.13806278E-01
  1.14151292E-01  1.14838019E-01  1.15189642E-01  1.16182685E-01  1.16255559E-01
  1.16411991E-01  1.16721362E-01  1.17024630E-01  1.17145948E-01  1.15573034E-01
  1.16192728E-01  1.17108189E-01  1.18066818E-01  1.18863203E-01  1.20865360E-01
  1.20962612E-01  1.21158779E-01  1.21524900E-01  1.21883444E-01  1.22017950E-01
  1.19537666E-01  1.20647937E-01  1.22139521E-01  1.23799965E-01  1.25275165E-01
  1.26409903E-01  1.27415210E-01  1.28172666E-01  1.28377110E-01  1.28516763E-01
  1.28660128E-01  1.28678560E-01  1.28813788E-01  1.29596949E-01  1.30946964E-01
  1.32277295E-01  1.33539647E-01  1.34718224E-01  1.35811076E-01  1.36793613E-01
  1.37683988E-01  1.38484061E-01  1.39184341E-01  1.39794663E-01  1.40318990E-01
  1.40759826E-01  1.41113877E-01  1.41394392E-01  1.42029539E-01
     2  'FLUX 45     '       2      64
  3.04688543E-01  3.04705113E-01  3.04895043E-01  3.05529326E-01  3.06196451E-01
  3.06244850E-01  3.06413651E-01  3.06962729E-01  3.07003379E-01  3.07282746E-01
  3.07917386E-01  3.08778763E-01  3.08761001E-01  3.06836277E-01  3.07515144E-01
  3.08348626E-01  3.10024559E-01  3.10866356E-01  3.13174188E-01  3.13353419E-01
  3.13737512E-01  3.14496666E-01  3.15237701E-01  3.15535665E-01  3.11781645E-01
  3.13262731E-01  3.15466374E-01  3.17784011E-01  3.19694459E-01  3.24370891E-01
  3.24608028E-01  3.25087637E-01  3.25983196E-01  3.26857239E-01  3.27187359E-01
  3.21306318E-01  3.23947996E-01  3.27507138E-01  3.31483662E-01  3.34978700E-01
  3.37603271E-01  3.39961499E-01  3.41757625E-01  3.42244148E-01  3.42567563E-01
  3.42896670E-01  3.42925310E-01  3.43233526E-01  3.45091671E-01  3.48348767E-01
  3.51595610E-01  3.54701817E-01  3.57621223E-01  3.60343397E-01  3.62803876E-01
  3.65043461E-01  3.67063910E-01  3.68839085E-01  3.70391488E-01  3.71729285E-01
  3.72857511E-01  3.73766780E-01  3.74490142E-01  3.76121700E-01
     2  'FLUX 46     '       2      64
  3.35504383E-01  3.35497737E-01  3.35637748E-01  3.36108834E-01  3.36599380E-01
  3.36635828E-01  3.36770117E-01  3.37248564E-01  3.37272704E-01  3.37479949E-01
  3.37961018E-01  3.38607579E-01  3.38589102E-01  3.37102056E-01  3.37638766E-01
  3.38284791E-01  3.39610606E-01  3.40255558E-01  3.41980577E-01  3.42120886E-01
  3.42423230E-01  3.43021274E-01  3.43592882E-01  3.43832433E-01  3.40959549E-01
  3.42101246E-01  3.43823105E-01  3.45634431E-01  3.47094893E-01  3.50339919E-01
  3.50533128E-01  3.50924999E-01  3.51658821E-01  3.52370888E-01  3.52649480E-01
  3.48308593E-01  3.50278914E-01  3.52976173E-01  3.56029749E-01  3.58584344E-01
  3.60276878E-01  3.61896217E-01  3.63180608E-01  3.63522768E-01  3.63734215E-01
  3.63911897E-01  3.63884419E-01  3.64048451E-01  3.65384936E-01  3.67977679E-01
  3.70711565E-01  3.73413980E-01  3.76013875E-01  3.78481120E-01  3.80745769E-01
  3.82831335E-01  3.84731561E-01  3.86416465E-01  3.87901276E-01  3.89189512E-01
  3.90282989E-01  3.91170710E-01  3.91883343E-01  3.93474221E-01
     2  'FLUX 47     '       2      64
  3.89696240E-01  3.89634699E-01  3.89723957E-01  3.90004903E-01  3.90322626E-01
  3.90345365E-01  3.90508890E-01  3.90334159E-01  3.90346229E-01  3.90463352E-01
  3.90770376E-01  3.91162813E-01  3.91190112E-01  3.90713602E-01  3.90950590E-01
  3.91208619E-01  3.91990691E-01  3.92168939E-01  3.91898930E-01  3.91991884E-01
  3.92190069E-01  3.92605454E-01  3.93007219E-01  3.93181592E-01  3.92376214E-01
  3.92720968E-01  3.93417388E-01  3.94227773E-01  3.94676775E-01  3.93808573E-01
  3.93932879E-01  3.94201428E-01  3.94740283E-01  3.95277590E-01  3.95513415E-01
  3.94969225E-01  3.95318747E-01  3.95975053E-01  3.96969736E-01  3.97271723E-01
  3.96531314E-01  3.96171719E-01  3.95970523E-01  3.95951390E-01  3.95798415E-01
  3.95642519E-01  3.95410269E-01  3.95237446E-01  3.95043075E-01  3.95808309E-01
  3.97176772E-01  3.98818612E-01  4.00581121E-01  4.02376831E-01  4.04117435E-01
  4.05782342E-01  4.07344937E-01  4.08765912E-01  4.10043240E-01  4.11170274E-01
  4.12141234E-01  4.12942559E-01  4.13598448E-01  4.15033609E-01
     2  'FLUX 48     '       2      64
  2.91609973E-01  2.91534960E-01  2.91529745E-01  2.91419566E-01  2.91312695E-01
  2.91305870E-01  2.91381806E-01  2.91079521E-01  2.91073620E-01  2.91023433E-01
  2.90938169E-01  2.90769309E-01  2.90787429E-01  2.91350812E-01  2.91244268E-01
  2.91069269E-01  2.90910035E-01  2.90673733E-01  2.89182812E-01  2.89166838E-01
  2.89119691E-01  2.89040029E-01  2.88919479E-01  2.88916916E-01  2.90372699E-01
  2.89860725E-01  2.89249212E-01  2.88682878E-01  2.87982434E-01  2.83732951E-01
  2.83688575E-01  2.83609420E-01  2.83496886E-01  2.83382863E-01  2.83402771E-01
  2.87249982E-01  2.85760313E-01  2.83847094E-01  2.81928658E-01  2.79350579E-01
  2.75909364E-01  2.73299783E-01  2.71437019E-01  2.70873964E-01  2.70430863E-01
  2.69904524E-01  2.69540906E-01  2.69008577E-01  2.66972601E-01  2.65229851E-01
  2.64458507E-01  2.64234334E-01  2.64354706E-01  2.64692187E-01  2.65166432E-01
  2.65712351E-01  2.66289234E-01  2.66861588E-01  2.67408520E-01  2.67914444E-01
  2.68367648E-01  2.68756747E-01  2.69089758E-01  2.69789249E-01
     2  'FLUX 49     '       2      64
  2.34954312E-01  2.34887749E-01  2.34899804E-01  2.34792098E-01  2.34710053E-01
  2.34703273E-01  2.34814525E-01  2.34155938E-01  2.34167069E-01  2.34118849E-01
  2.34028578E-01  2.33840764E-01  2.33886182E-01  2.34756008E-01  2.34559268E-01
  2.34287381E-01  2.33980909E-01  2.33626947E-01  2.31416464E-01  2.31392473E-01
  2.31318951E-01  2.31193885E-01  2.31040388E-01  2.31019914E-01  2.33171001E-01
  2.32392758E-01  2.31421724E-01  2.30530694E-01  2.29516000E-01  2.23937660E-01
  2.23852530E-01  2.23695099E-01  2.23447934E-01  2.23208666E-01  2.23188490E-01
  2.28490412E-01  2.26417556E-01  2.23676339E-01  2.20865875E-01  2.17354938E-01
  2.12975308E-01  2.09587395E-01  2.07113013E-01  2.06477001E-01  2.05875471E-01
  2.05214709E-01  2.04843685E-01  2.04182059E-01  2.01550722E-01  1.98885411E-01
  1.97273701E-01  1.96290210E-01  1.95725799E-01  1.95444286E-01  1.95372567E-01
  1.95430741E-01  1.95574269E-01  1.95770442E-01  1.95991516E-01  1.96218774E-01
  1.96438432E-01  1.96640238E-01  1.96825057E-01  1.97192267E-01
     2  'FLUX 50     '       2      64
  1.95899367E-01  1.95847750E-01  1.95877656E-01  1.95803747E-01  1.95765272E-01
  1.95760742E-01  1.95883989E-01  1.95128486E-01  1.95151299E-01  1.95119724E-01
  1.95056617E-01  1.94902599E-01  1.94955647E-01  1.95829764E-01  1.95630684E-01
  1.95367500E-01  1.95064589E-01  1.94720179E-01  1.92424029E-01  1.92403734E-01
  1.92333564E-01  1.92214936E-01  1.92074180E-01  1.92054436E-01  1.94258347E-01
  1.93459705E-01  1.92451790E-01  1.91539660E-01  1.90512002E-01  1.84838206E-01
  1.84742093E-01  1.84561938E-01  1.84273213E-01  1.83995411E-01  1.83960065E-01
  1.89470366E-01  1.87329099E-01  1.84447318E-01  1.81463629E-01  1.77789330E-01
  1.73273891E-01  1.69746205E-01  1.67148679E-01  1.66478038E-01  1.65859252E-01
  1.65188223E-01  1.64806485E-01  1.64153323E-01  1.61393851E-01  1.58465192E-01
  1.56574950E-01  1.55316919E-01  1.54489279E-01  1.53958902E-01  1.53659090E-01
  1.53507784E-01  1.53460830E-01  1.53488144E-01  1.53560653E-01  1.53659061E-01
  1.53769329E-01  1.53882101E-01  1.53995112E-01  1.54204652E-01
     2  'FLUX 51     '       2      64
  2.40877554E-01  2.40825146E-01  2.40883797E-01  2.40813836E-01  2.40796551E-01
  2.40791842E-01  2.40959644E-01  2.39930108E-01  2.39971682E-01  2.39945590E-01
  2.39883810E-01  2.39702672E-01  2.39773601E-01  2.40893304E-01  2.40642995E-01
  2.40319207E-01  2.39930183E-01  2.39506558E-01  2.36456141E-01  2.36432463E-01
  2.36339763E-01  2.36180007E-01  2.35989958E-01  2.35963643E-01  2.38904491E-01
  2.37844080E-01  2.36485720E-01  2.35264912E-01  2.33899876E-01  2.26226017E-01
  2.26083800E-01  2.25812688E-01  2.25368381E-01  2.24939391E-01  2.24873483E-01
  2.32501537E-01  2.29565114E-01  2.25545436E-01  2.21337214E-01  2.16175959E-01
  2.09861860E-01  2.04881787E-01  2.01204538E-01  2.00144649E-01  1.99328199E-01
  1.98419929E-01  1.97876826E-01  1.96985379E-01  1.93021670E-01  1.88745588E-01
  1.85915679E-01  1.83972135E-01  1.82637349E-01  1.81727216E-01  1.81152910E-01
  1.80798441E-01  1.80602700E-01  1.80525422E-01  1.80525020E-01  1.80574283E-01
  1.80653378E-01  1.80749848E-01  1.80858225E-01  1.81043029E-01
     2  'FLUX 52     '       2      64
  4.82286662E-01  4.82210964E-01  4.82420504E-01  4.82455283E-01  4.82624531E-01
  4.82627451E-01  4.83049065E-01  4.80788887E-01  4.80918467E-01  4.80953425E-01
  4.80992377E-01  4.80814427E-01  4.80971694E-01  4.82995689E-01  4.82598066E-01
  4.82104480E-01  4.81590658E-01  4.80889827E-01  4.74615425E-01  4.74604756E-01
  4.74476755E-01  4.74265873E-01  4.73982781E-01  4.73978788E-01  4.79758948E-01
  4.77705777E-01  4.75091100E-01  4.72831488E-01  4.70207185E-01  4.54084069E-01
  4.53781992E-01  4.53201085E-01  4.52246845E-01  4.51320142E-01  4.51185971E-01
  4.67421532E-01  4.61300105E-01  4.52757239E-01  4.43745643E-01  4.32494700E-01
  4.18502837E-01  4.07398373E-01  3.99058700E-01  3.96780938E-01  3.94910365E-01
  3.92856270E-01  3.91797125E-01  3.89759064E-01  3.80774915E-01  3.71018082E-01
  3.64497542E-01  3.59966010E-01  3.56805772E-01  3.54607254E-01  3.53174627E-01
  3.52247864E-01  3.51689994E-01  3.51412356E-01  3.51320475E-01  3.51352841E-01
  3.51464570E-01  3.51627558E-01  3.51826847E-01  3.52147102E-01
     2  'FLUX 53     '       2      64
  7.03943074E-01  7.03902900E-01  7.04422474E-01  7.04994261E-01  7.05804884E-01
  7.05844939E-01  7.06635475E-01  7.03397989E-01  7.03676701E-01  7.03981221E-01
  7.04537809E-01  7.04904556E-01  7.05137193E-01  7.06847072E-01  7.06722975E-01
  7.06624806E-01  7.06955135E-01  7.06561983E-01  6.98500991E-01  6.98613524E-01
  6.98672950E-01  6.98829830E-01  6.98852241E-01  6.99030995E-01  7.05462813E-01
  7.03284025E-01  7.00632930E-01  6.98658586E-01  6.95924401E-01  6.74107075E-01
  6.73742235E-01  6.73036039E-01  6.71900809E-01  6.70784116E-01  6.70698643E-01
  6.92690849E-01  6.84765279E-01  6.73361242E-01  6.61270380E-01  6.45331502E-01
  6.24529898E-01  6.07890546E-01  5.95201135E-01  5.91764152E-01  5.88925719E-01
  5.85694730E-01  5.84253311E-01  5.81204236E-01  5.67323804E-01  5.52540541E-01
  5.42851508E-01  5.36254704E-01  5.31774044E-01  5.28768659E-01  5.26921511E-01
  5.25834441E-01  5.25293291E-01  5.25154650E-01  5.25273740E-01  5.25554717E-01
  5.25926828E-01  5.26342869E-01  5.26782751E-01  5.27561247E-01
     2  'FLUX 54     '       2      64
  1.51550353E+00  1.51561415E+00  1.51754999E+00  1.52109969E+00  1.52529359E+00
  1.52555108E+00  1.52809238E+00  1.52178872E+00  1.52267826E+00  1.52443016E+00
  1.52792394E+00  1.53169131E+00  1.53222299E+00  1.52995980E+00  1.53181410E+00
  1.53445745E+00  1.54058874E+00  1.54256666E+00  1.53158569E+00  1.53245139E+00
  1.53389192E+00  1.53675151E+00  1.53923047E+00  1.54058087E+00  1.54301143E+00
  1.54280186E+00  1.54376292E+00  1.54690027E+00  1.54721415E+00  1.51475358E+00
  1.51465034E+00  1.51449430E+00  1.51455557E+00  1.51452589E+00  1.51523900E+00
  1.54541159E+00  1.53629851E+00  1.52204180E+00  1.50738513E+00  1.48280883E+00
  1.44480288E+00  1.41465557E+00  1.39165926E+00  1.38472188E+00  1.37988579E+00
  1.37390196E+00  1.37098062E+00  1.36556554E+00  1.33988547E+00  1.31459010E+00
  1.29972160E+00  1.29097080E+00  1.28627956E+00  1.28432763E+00  1.28437626E+00
  1.28567028E+00  1.28777015E+00  1.29034150E+00  1.29311407E+00  1.29589725E+00
  1.29854572E+00  1.30094194E+00  1.30308509E+00  1.30731499E+00
     2  'FLUX 55     '       2      64
  2.62112308E+00  2.62185121E+00  2.62758875E+00  2.64115691E+00  2.65631223E+00
  2.65732193E+00  2.66455793E+00  2.65421343E+00  2.65653586E+00  2.66301394E+00
  2.67652941E+00  2.69296193E+00  2.69419193E+00  2.67231965E+00  2.68183041E+00
  2.69501281E+00  2.72308803E+00  2.73474836E+00  2.73433185E+00  2.73788786E+00
  2.74489570E+00  2.75867605E+00  2.77179599E+00  2.77739859E+00  2.74424958E+00
  2.75823832E+00  2.78192186E+00  2.81197882E+00  2.83308172E+00  2.82899046E+00
  2.83156037E+00  2.83691764E+00  2.84748888E+00  2.85757470E+00  2.86237717E+00
  2.84767509E+00  2.86107469E+00  2.87623954E+00  2.89649153E+00  2.89662194E+00
  2.86633492E+00  2.84378171E+00  2.82587171E+00  2.82067227E+00  2.81629944E+00
  2.81147027E+00  2.80811071E+00  2.80370331E+00  2.78446603E+00  2.77615380E+00
  2.78084111E+00  2.79219413E+00  2.80734324E+00  2.82457876E+00  2.84258056E+00
  2.86066508E+00  2.87827468E+00  2.89481401E+00  2.91007018E+00  2.92383337E+00
  2.93592668E+00  2.94612408E+00  2.95461988E+00  2.97200680E+00
     2  'FLUX 56     '       2      64
  4.41640997E+00  4.41878414E+00  4.43346310E+00  4.47285604E+00  4.51580238E+00
  4.51878023E+00  4.53733063E+00  4.52252626E+00  4.52792406E+00  4.54653835E+00
  4.58627653E+00  4.63672256E+00  4.63951445E+00  4.56081200E+00  4.59121990E+00
  4.63328123E+00  4.72131205E+00  4.75984287E+00  4.80490637E+00  4.81568670E+00
  4.83839083E+00  4.88297701E+00  4.92657614E+00  4.94379568E+00  4.79657125E+00
  4.85483027E+00  4.94841433E+00  5.05933809E+00  5.14567947E+00  5.27497530E+00
  5.28678226E+00  5.31122494E+00  5.35773468E+00  5.40260935E+00  5.42026281E+00
  5.21489668E+00  5.31372070E+00  5.44675159E+00  5.60627174E+00  5.72774172E+00
  5.78162622E+00  5.83264065E+00  5.87362242E+00  5.88480186E+00  5.89130306E+00
  5.89815903E+00  5.89689159E+00  5.90365171E+00  5.95628452E+00  6.05856371E+00
  6.16433287E+00  6.26770878E+00  6.36649036E+00  6.45983696E+00  6.54566956E+00
  6.62486219E+00  6.69722128E+00  6.76181984E+00  6.81914663E+00  6.86927366E+00
  6.91218853E+00  6.94751501E+00  6.97619724E+00  7.03474951E+00
     2  'FLUX 57     '       2      64
  3.07664680E+00  3.07924557E+00  3.09259439E+00  3.13049889E+00  3.17130160E+00
  3.17416739E+00  3.19113493E+00  3.18354225E+00  3.18822145E+00  3.20618320E+00
  3.24478722E+00  3.29462004E+00  3.29697180E+00  3.21420217E+00  3.24475241E+00
  3.28733039E+00  3.37516332E+00  3.41478634E+00  3.47836351E+00  3.48901343E+00
  3.51217389E+00  3.55755496E+00  3.60236621E+00  3.61948848E+00  3.45440245E+00
  3.51855636E+00  3.61996818E+00  3.73844337E+00  3.83397889E+00  4.02171707E+00
  4.03540039E+00  4.06370449E+00  4.11708117E+00  4.16877365E+00  4.18786669E+00
  3.91369557E+00  4.03689909E+00  4.20722246E+00  4.41020155E+00  4.58594036E+00
  4.70369530E+00  4.80481482E+00  4.88542700E+00  4.90750122E+00  4.92240667E+00
  4.93774652E+00  4.93962383E+00  4.95407820E+00  5.05686188E+00  5.22048140E+00
  5.37229395E+00  5.51164532E+00  5.63898468E+00  5.75529003E+00  5.85930681E+00
  5.95320892E+00  6.03746462E+00  6.11155367E+00  6.17648935E+00  6.23267841E+00
  6.28036022E+00  6.31932735E+00  6.35073137E+00  6.41376829E+00
     2  'FLUX 58     '       2      64
  2.31157374E+00  2.31420398E+00  2.32587910E+00  2.35996222E+00  2.39638877E+00
  2.39896297E+00  2.41373515E+00  2.40999126E+00  2.41400933E+00  2.43025708E+00
  2.46517396E+00  2.51064038E+00  2.51257944E+00  2.43464446E+00  2.46270680E+00
  2.50210881E+00  2.58233881E+00  2.61936736E+00  2.68601131E+00  2.69573665E+00
  2.71724820E+00  2.75931478E+00  2.80110955E+00  2.81675720E+00  2.65709543E+00
  2.71862769E+00  2.81498051E+00  2.92715383E+00  3.01928401E+00  3.21807098E+00
  3.23160625E+00  3.25959373E+00  3.31220794E+00  3.36334491E+00  3.38158846E+00
  3.09753466E+00  3.22193885E+00  3.39558792E+00  3.60264564E+00  3.79059815E+00
  3.93000531E+00  4.04453468E+00  4.13394737E+00  4.15844250E+00  4.17541313E+00
  4.19301987E+00  4.19617462E+00  4.21315622E+00  4.32648754E+00  4.50424528E+00
  4.66583347E+00  4.81184387E+00  4.94356775E+00  5.06257868E+00  5.16804743E+00
  5.26252031E+00  5.34671450E+00  5.42032957E+00  5.48453808E+00  5.53987122E+00
  5.58666611E+00  5.62481833E+00  5.65550041E+00  5.71618414E+00
     2  'FLUX 59     '       2      64
  1.70282447E+00  1.70523405E+00  1.71483004E+00  1.74320388E+00  1.77340364E+00
  1.77554131E+00  1.78767121E+00  1.78579700E+00  1.78908741E+00  1.80270600E+00
  1.83191931E+00  1.87012112E+00  1.87167287E+00  1.80515039E+00  1.82875049E+00
  1.86216569E+00  1.92952430E+00  1.96112335E+00  2.02089715E+00  2.02908969E+00
  2.04741454E+00  2.08319163E+00  2.11887169E+00  2.13204837E+00  1.99356735E+00
  2.04667258E+00  2.12939501E+00  2.22581959E+00  2.30593228E+00  2.48659182E+00
  2.49859214E+00  2.52341318E+00  2.57000709E+00  2.61538863E+00  2.63122487E+00
  2.37467432E+00  2.48545647E+00  2.64103341E+00  2.82707548E+00  3.00028944E+00
  3.13457370E+00  3.24202514E+00  3.32507706E+00  3.34772110E+00  3.36362839E+00
  3.38021851E+00  3.38357282E+00  3.39969063E+00  3.50546360E+00  3.67094159E+00
  3.81998253E+00  3.95362067E+00  4.07338953E+00  4.18097401E+00  4.27585840E+00
  4.36048651E+00  4.43561649E+00  4.50110197E+00  4.55806637E+00  4.60704327E+00
  4.64838743E+00  4.68206692E+00  4.70914125E+00  4.76193905E+00
     2  'FLUX 60     '       2      64
  1.54204273E+00  1.54464626E+00  1.55419648E+00  1.58259606E+00  1.61274779E+00
  1.61488390E+00  1.62699711E+00  1.62561369E+00  1.62889850E+00  1.64262915E+00
  1.67201328E+00  1.71052027E+00  1.71206248E+00  1.64453208E+00  1.66825080E+00
  1.70214236E+00  1.76991594E+00  1.80208719E+00  1.86428797E+00  1.87257528E+00
  1.89127839E+00  1.92774737E+00  1.96421325E+00  1.97753870E+00  1.83521986E+00
  1.88959062E+00  1.97405028E+00  2.07285714E+00  2.15562487E+00  2.34691095E+00
  2.35953951E+00  2.38567805E+00  2.43471289E+00  2.48254514E+00  2.49895763E+00
  2.22715306E+00  2.34335732E+00  2.50739574E+00  2.70435476E+00  2.89089751E+00
  3.03918719E+00  3.15548778E+00  3.24469709E+00  3.26912403E+00  3.28630590E+00
  3.30422401E+00  3.30807090E+00  3.32566214E+00  3.44050503E+00  3.62028217E+00
  3.78125501E+00  3.92484426E+00  4.05295038E+00  4.16755342E+00  4.26829147E+00
  4.35786152E+00  4.43715668E+00  4.50612068E+00  4.56599474E+00  4.61739206E+00
  4.66072273E+00  4.69601107E+00  4.72438383E+00  4.77895069E+00
     2  'FLUX 61     '       2      64
  1.52453434E+00  1.52755487E+00  1.53799450E+00  1.56913686E+00  1.60216713E+00
  1.60450673E+00  1.61789572E+00  1.61608493E+00  1.61970472E+00  1.63488066E+00
  1.66729331E+00  1.70982170E+00  1.71157277E+00  1.63713920E+00  1.66308904E+00
  1.70058978E+00  1.77516806E+00  1.81076515E+00  1.87973678E+00  1.88893330E+00
  1.90986931E+00  1.95066345E+00  1.99157226E+00  2.00636411E+00  1.84748530E+00
  1.90794456E+00  2.00187945E+00  2.11242175E+00  2.20556736E+00  2.42378116E+00
  2.43833923E+00  2.46852207E+00  2.52514744E+00  2.58047676E+00  2.59917545E+00
  2.28653288E+00  2.41894817E+00  2.60713220E+00  2.83442855E+00  3.05267453E+00
  3.22904682E+00  3.36508107E+00  3.46927953E+00  3.49772048E+00  3.51771116E+00
  3.53867912E+00  3.54333019E+00  3.56392622E+00  3.70007539E+00  3.91283870E+00
  4.10218668E+00  4.27024841E+00  4.41954803E+00  4.55259085E+00  4.66917849E+00
  4.77253914E+00  4.86380148E+00  4.94301319E+00  5.01165962E+00  5.07049990E+00
  5.12005043E+00  5.16039848E+00  5.19285488E+00  5.25432634E+00
     2  'FLUX 62     '       2      64
  1.27162778E+00  1.27459347E+00  1.28430367E+00  1.31323516E+00  1.34392726E+00
  1.34609902E+00  1.35875046E+00  1.35614586E+00  1.35956120E+00  1.37379408E+00
  1.40411651E+00  1.44391155E+00  1.44564152E+00  1.37661207E+00  1.40053940E+00
  1.43560982E+00  1.50501347E+00  1.53824091E+00  1.60161555E+00  1.61027443E+00
  1.63015687E+00  1.66888404E+00  1.70782745E+00  1.72176242E+00  1.57247925E+00
  1.62905383E+00  1.71713507E+00  1.82169056E+00  1.91021335E+00  2.11853004E+00
  2.13276458E+00  2.16233730E+00  2.21785951E+00  2.27220154E+00  2.29030514E+00
  1.98754120E+00  2.11462593E+00  2.29663420E+00  2.51821113E+00  2.73344254E+00
  2.90912223E+00  3.04237461E+00  3.14440441E+00  3.17226768E+00  3.19188142E+00
  3.21223569E+00  3.21694803E+00  3.23704886E+00  3.37336922E+00  3.58603358E+00
  3.77414727E+00  3.94030166E+00  4.08728647E+00  4.21776056E+00  4.33175659E+00
  4.43253040E+00  4.52127314E+00  4.59814644E+00  4.66465235E+00  4.72157574E+00
  4.76946163E+00  4.80846024E+00  4.83985996E+00  4.89825583E+00
     2  'FLUX 63     '       2      64
  8.38632226E-01  8.40944827E-01  8.48053396E-01  8.69073093E-01  8.91399682E-01
  8.92976642E-01  9.02353108E-01  8.99572790E-01  9.02122796E-01  9.12576616E-01
  9.34761047E-01  9.63848233E-01  9.65192139E-01  9.15297985E-01  9.32504177E-01
  9.58128929E-01  1.00852585E+00  1.03279185E+00  1.07778764E+00  1.08416116E+00
  1.09890652E+00  1.12760961E+00  1.15654111E+00  1.16679549E+00  1.05766714E+00
  1.09887040E+00  1.16314602E+00  1.24024701E+00  1.30584145E+00  1.45989656E+00
  1.47072709E+00  1.49327540E+00  1.53564429E+00  1.57717729E+00  1.59083152E+00
  1.36337972E+00  1.45812559E+00  1.59474123E+00  1.76250327E+00  1.92710316E+00
  2.06220388E+00  2.16279936E+00  2.23978090E+00  2.26071811E+00  2.27551007E+00
  2.29090667E+00  2.29435897E+00  2.30952716E+00  2.41486526E+00  2.57936144E+00
  2.72415328E+00  2.85150385E+00  2.96374249E+00  3.06302857E+00  3.14954853E+00
  3.22583580E+00  3.29285765E+00  3.35081553E+00  3.40088129E+00  3.44368052E+00
  3.47965527E+00  3.50896502E+00  3.53259516E+00  3.57569003E+00
     2  'FLUX 64     '       2      64
  7.54086435E-01  7.56527662E-01  7.63607919E-01  7.84315705E-01  8.06356549E-01
  8.07905376E-01  8.17357421E-01  8.13543975E-01  8.16143453E-01  8.26562643E-01
  8.48576367E-01  8.77390027E-01  8.78810227E-01  8.30063522E-01  8.46803546E-01
  8.72166216E-01  9.21725869E-01  9.45726097E-01  9.88549292E-01  9.94914114E-01
  1.00973737E+00  1.03857481E+00  1.06769943E+00  1.07792985E+00  9.70147789E-01
  1.01069248E+00  1.07410514E+00  1.15106654E+00  1.21683300E+00  1.37029302E+00
  1.38144493E+00  1.40471232E+00  1.44847655E+00  1.49143887E+00  1.50538528E+00
  1.27473164E+00  1.37013054E+00  1.50861657E+00  1.68026137E+00  1.85016859E+00
  1.98998034E+00  2.09210753E+00  2.17014241E+00  2.19139719E+00  2.20637298E+00
  2.22186279E+00  2.22537327E+00  2.24080467E+00  2.35035086E+00  2.52182984E+00
  2.67212272E+00  2.80379605E+00  2.91943884E+00  3.02140117E+00  3.11003470E+00
  3.18799448E+00  3.25633311E+00  3.31533456E+00  3.36623073E+00  3.40969110E+00
  3.44619465E+00  3.47595072E+00  3.49997377E+00  3.54291677E+00
     2  'FLUX 65     '       2      64
  6.46167219E-01  6.48658931E-01  6.55506015E-01  6.75236046E-01  6.96317077E-01
  6.97787106E-01  7.07057059E-01  7.01881409E-01  7.04471886E-01  7.14542091E-01
  7.35705674E-01  7.63341904E-01  7.64822721E-01  7.19079733E-01  7.34726310E-01
  7.58964777E-01  8.05980504E-01  8.28843474E-01  8.67217958E-01  8.73385489E-01
  8.87851775E-01  9.15985703E-01  9.44472611E-01  9.54366624E-01  8.51874471E-01
  8.90243948E-01  9.50534105E-01  1.02482164E+00  1.08857369E+00  1.23545754E+00
  1.24664843E+00  1.27006412E+00  1.31417000E+00  1.35755086E+00  1.37142265E+00
  1.14490891E+00  1.23778522E+00  1.37381148E+00  1.54442334E+00  1.71491897E+00
  1.85531926E+00  1.95552897E+00  2.03207040E+00  2.05285096E+00  2.06743884E+00
  2.08260846E+00  2.08610606E+00  2.10116982E+00  2.21184993E+00  2.38557005E+00
  2.53705740E+00  2.66916609E+00  2.78471613E+00  2.88620520E+00  2.97417569E+00
  3.05133486E+00  3.11879873E+00  3.17693973E+00  3.22701454E+00  3.26971984E+00
  3.30556083E+00  3.33479524E+00  3.35843849E+00  3.39971447E+00
     2  'FLUX 66     '       2      64
  5.13943017E-01  5.16347766E-01  5.22679090E-01  5.40550888E-01  5.59780478E-01
  5.61113775E-01  5.69835246E-01  5.62901616E-01  5.65394759E-01  5.74683070E-01
  5.94080865E-01  6.19327009E-01  6.20845318E-01  5.80586672E-01  5.94316661E-01
  6.16250277E-01  6.58453286E-01  6.78956985E-01  7.09872186E-01  7.15582311E-01
  7.29078114E-01  7.55333245E-01  7.82013893E-01  7.91139662E-01  6.99321806E-01
  7.33461261E-01  7.87581980E-01  8.55654180E-01  9.14263427E-01  1.04620874E+00
  1.05700958E+00  1.07969594E+00  1.12252736E+00  1.16476154E+00  1.17801011E+00
  9.66253340E-01  1.05208027E+00  1.17940426E+00  1.34166670E+00  1.50553381E+00
  1.64027905E+00  1.73375058E+00  1.80512381E+00  1.82453263E+00  1.83810890E+00
  1.85211837E+00  1.85534072E+00  1.86935329E+00  1.97665834E+00  2.14516830E+00
  2.29106832E+00  2.41754127E+00  2.52758408E+00  2.62377930E+00  2.70686793E+00
  2.77950001E+00  2.84281588E+00  2.89726710E+00  2.94407725E+00  2.98394418E+00
  3.01737380E+00  3.04466295E+00  3.06678224E+00  3.10431933E+00
     2  'FLUX 67     '       2      64
  3.60576004E-01  3.62661690E-01  3.68079811E-01  3.82945597E-01  3.99157077E-01
  4.00262833E-01  4.07913268E-01  3.98935437E-01  4.01189417E-01  4.09097940E-01
  4.25495297E-01  4.46738780E-01  4.48239863E-01  4.16626543E-01  4.27411854E-01
  4.45463032E-01  4.79893982E-01  4.96376574E-01  5.16208351E-01  5.21098733E-01
  5.32745898E-01  5.55449784E-01  5.78654766E-01  5.86412787E-01  5.12408197E-01
  5.39633572E-01  5.83575904E-01  6.40509665E-01  6.89522982E-01  7.95070171E-01
  8.04802835E-01  8.25365007E-01  8.64330232E-01  9.02903616E-01  9.14682329E-01
  7.33157754E-01  8.05490673E-01  9.15012658E-01  1.05775499E+00  1.20361304E+00
  1.32304907E+00  1.40292549E+00  1.46398640E+00  1.48060393E+00  1.49209034E+00
  1.50393701E+00  1.50660968E+00  1.51860130E+00  1.61486781E+00  1.76573753E+00
  1.89504969E+00  2.00622749E+00  2.10230136E+00  2.18577981E+00  2.25756574E+00
  2.32006240E+00  2.37434912E+00  2.42092013E+00  2.46087503E+00  2.49485135E+00
  2.52331758E+00  2.54658008E+00  2.56549001E+00  2.59649992E+00
     2  'FLUX 68     '       2      64
  1.97714478E-01  1.99169815E-01  2.03152731E-01  2.13637397E-01  2.25399837E-01
  2.26180851E-01  2.32019022E-01  2.21290320E-01  2.23081589E-01  2.28829965E-01
  2.40669474E-01  2.55921781E-01  2.57290870E-01  2.37808764E-01  2.44531512E-01
  2.56784856E-01  2.79964745E-01  2.90448427E-01  2.95823455E-01  2.99410760E-01
  3.08006942E-01  3.24889332E-01  3.42350245E-01  3.47962260E-01  3.00260693E-01
  3.17474574E-01  3.46466601E-01  3.85943174E-01  4.19531941E-01  4.84469622E-01
  4.92098749E-01  5.08373439E-01  5.39461792E-01  5.70475698E-01  5.79541266E-01
  4.49493676E-01  4.99808401E-01  5.78992188E-01  6.85968518E-01  7.96731830E-01
  8.86625946E-01  9.43851590E-01  9.87847328E-01  9.99659121E-01  1.00790012E+00
  1.01628566E+00  1.01809287E+00  1.02667165E+00  1.10045254E+00  1.21486044E+00
  1.31127298E+00  1.39313567E+00  1.46318126E+00  1.52354705E+00  1.57515740E+00
  1.61986089E+00  1.65852785E+00  1.69160569E+00  1.71992183E+00  1.74396420E+00
  1.76409495E+00  1.78057647E+00  1.79403591E+00  1.81516469E+00
     2  'FLUX 69     '       2      64
  5.06385379E-02  5.12349717E-02  5.30477427E-02  5.74476086E-02  6.28025681E-02
  6.31456226E-02  6.59565702E-02  5.69969714E-02  5.79005443E-02  6.03785291E-02
  6.55128658E-02  7.21337348E-02  7.30055794E-02  6.79790750E-02  6.98469430E-02
  7.42464662E-02  8.25558901E-02  8.55902806E-02  7.83885047E-02  7.99355879E-02
  8.36289302E-02  9.11453292E-02  9.92622301E-02  1.01647675E-01  8.79636705E-02
  9.26602632E-02  1.01911999E-01  1.16332211E-01  1.27847150E-01  1.39902443E-01
  1.43479779E-01  1.51300237E-01  1.66708976E-01  1.82551548E-01  1.86734721E-01
  1.37999058E-01  1.55559152E-01  1.86142191E-01  2.31225774E-01  2.78839856E-01
  3.16860527E-01  3.39271754E-01  3.56853873E-01  3.61448377E-01  3.64582539E-01
  3.67722601E-01  3.68356079E-01  3.71705800E-01  4.04489011E-01  4.52947915E-01
  4.92113590E-01  5.24539232E-01  5.51809907E-01  5.75017154E-01  5.94705880E-01
  6.11655176E-01  6.26248598E-01  6.38702631E-01  6.49347186E-01  6.58379614E-01
  6.65947974E-01  6.72177076E-01  6.77330911E-01  6.84852421E-01
     2  'FUNSUR  1   '       2       4
  5.17073609E-02  5.35682403E-02  5.17073572E-02  5.35682403E-02
     2  'FUNSUR  2   '       2       4
  1.98700503E-01  2.03616112E-01  1.98700503E-01  2.03616127E-01
     2  'FUNSUR  3   '       2       4
  3.97978902E-01  4.03900415E-01  3.97978902E-01  4.03900415E-01
     2  'FUNSUR  4   '       2       4
  3.71412218E-01  3.74116093E-01  3.71412247E-01  3.74116093E-01
     2  'FUNSUR  5   '       2       4
  2.82588512E-01  2.80902237E-01  2.82588512E-01  2.80902237E-01
     2  'FUNSUR  6   '       2       4
  3.68950129E-01  3.65814358E-01  3.68950129E-01  3.65814388E-01
     2  'FUNSUR  7   '       2       4
  3.22489440E-01  3.19948912E-01  3.22489440E-01  3.19948971E-01
     2  'FUNSUR  8   '       2       4
  4.55324143E-01  4.51731324E-01  4.55324143E-01  4.51731354E-01
     2  'FUNSUR  9   '       2       4
  5.00769556E-01  4.96743858E-01  5.00769496E-01  4.96743947E-01
     2  'FUNSUR 10   '       2       4
  5.49812973E-01  5.45673907E-01  5.49812913E-01  5.45674026E-01
     2  'FUNSUR 11   '       2       4
  5.92629313E-01  5.88536143E-01  5.92629254E-01  5.88536263E-01
     2  'FUNSUR 12   '       2       4
  6.30961478E-01  6.27237499E-01  6.30961418E-01  6.27237618E-01
     2  'FUNSUR 13   '       2       4
  6.56670928E-01  6.53362036E-01  6.56670868E-01  6.53362155E-01
     2  'FUNSUR 14   '       2       4
  6.76474869E-01  6.73677266E-01  6.76474810E-01  6.73677325E-01
     2  'FUNSUR 15   '       2       4
  6.90486848E-01  6.88130021E-01  6.90486789E-01  6.88130081E-01
     2  'FUNSUR 16   '       2       4
  6.35412753E-01  6.33626878E-01  6.35412693E-01  6.33626997E-01
     2  'FUNSUR 17   '       2       4
  6.42912984E-01  6.41440094E-01  6.42912865E-01  6.41440153E-01
     2  'FUNSUR 18   '       2       4
  6.50386751E-01  6.49170101E-01  6.50386691E-01  6.49170220E-01
     2  'FUNSUR 19   '       2       4
  6.55537128E-01  6.54547870E-01  6.55537069E-01  6.54547930E-01
     2  'FUNSUR 20   '       2       4
  1.32090688E+00  1.31955397E+00  1.32090676E+00  1.31955409E+00
     2  'FUNSUR 21   '       2       4
  1.32412803E+00  1.32340610E+00  1.32412791E+00  1.32340622E+00
     2  'FUNSUR 22   '       2       4
  9.91245449E-01  9.90992010E-01  9.91245329E-01  9.90992069E-01
     2  'FUNSUR 23   '       2       4
  6.58945084E-01  6.58884406E-01  6.58945024E-01  6.58884466E-01
     2  'FUNSUR 24   '       2       4
  7.98638046E-01  7.98687398E-01  7.98637927E-01  7.98687518E-01
     2  'FUNSUR 25   '       2       4
  7.92255938E-01  7.92429030E-01  7.92255819E-01  7.92429149E-01
     2  'FUNSUR 26   '       2       4
  6.88146770E-01  6.88361526E-01  6.88146770E-01  6.88361526E-01
     2  'FUNSUR 27   '       2       4
  1.27378428E+00  1.27439272E+00  1.27378416E+00  1.27439284E+00
     2  'FUNSUR 28   '       2       4
  2.80980736E-01  2.81137824E-01  2.80980736E-01  2.81137824E-01
     2  'FUNSUR 29   '       2       4
  3.45741481E-01  3.45936954E-01  3.45741481E-01  3.45936954E-01
     2  'FUNSUR 30   '       2       4
  3.14586997E-01  3.14764827E-01  3.14586967E-01  3.14764887E-01
     2  'FUNSUR 31   '       2       4
  5.05996764E-01  5.06275952E-01  5.05996764E-01  5.06275952E-01
     2  'FUNSUR 32   '       2       4
  2.19261110E-01  2.19379917E-01  2.19261110E-01  2.19379902E-01
     2  'FUNSUR 33   '       2       4
  1.90450937E-01  1.90552786E-01  1.90450907E-01  1.90552816E-01
     2  'FUNSUR 34   '       2       4
  3.72315943E-02  3.72514687E-02  3.72315943E-02  3.72514687E-02
     2  'FUNSUR 35   '       2       4
  3.68615501E-02  3.68812010E-02  3.68615463E-02  3.68812084E-02
     2  'FUNSUR 36   '       2       4
  3.78657989E-02  3.78859304E-02  3.78657989E-02  3.78859304E-02
     2  'FUNSUR 37   '       2       4
  3.88925672E-02  3.89131643E-02  3.88925597E-02  3.89131717E-02
     2  'FUNSUR 38   '       2       4
  3.83729115E-02  3.83930951E-02  3.83729078E-02  3.83930989E-02
     2  'FUNSUR 39   '       2       4
  3.78234647E-02  3.78432497E-02  3.78234573E-02  3.78432572E-02
     2  'FUNSUR 40   '       2       4
  3.88565622E-02  3.88768278E-02  3.88565585E-02  3.88768315E-02
     2  'FUNSUR 41   '       2       4
  3.65798064E-02  3.65987979E-02  3.65798026E-02  3.65988053E-02
     2  'FUNSUR 42   '       2       4
  6.92234337E-02  6.92593753E-02  6.92234263E-02  6.92593828E-02
     2  'FUNSUR 43   '       2       4
  1.11056931E-01  1.11114182E-01  1.11056916E-01  1.11114196E-01
     2  'FUNSUR 44   '       2       4
  1.41367510E-01  1.41439036E-01  1.41367510E-01  1.41439050E-01
     2  'FUNSUR 45   '       2       4
  3.74446422E-01  3.74629557E-01  3.74446392E-01  3.74629647E-01
     2  'FUNSUR 46   '       2       4
  3.91903788E-01  3.92081678E-01  3.91903758E-01  3.92081738E-01
     2  'FUNSUR 47   '       2       4
  4.13736731E-01  4.13898885E-01  4.13736701E-01  4.13898945E-01
     2  'FUNSUR 48   '       2       4
  2.69289106E-01  2.69372314E-01  2.69289106E-01  2.69372344E-01
     2  'FUNSUR 49   '       2       4
  1.97031885E-01  1.97078392E-01  1.97031885E-01  1.97078422E-01
     2  'FUNSUR 50   '       2       4
  1.54191360E-01  1.54219776E-01  1.54191345E-01  1.54219806E-01
     2  'FUNSUR 51   '       2       4
  1.81121096E-01  1.81147993E-01  1.81121081E-01  1.81148008E-01
     2  'FUNSUR 52   '       2       4
  3.52393240E-01  3.52439463E-01  3.52393210E-01  3.52439523E-01
     2  'FUNSUR 53   '       2       4
  5.27653158E-01  5.27745247E-01  5.27653158E-01  5.27745306E-01
     2  'FUNSUR 54   '       2       4
  1.30504167E+00  1.30546689E+00  1.30504155E+00  1.30546701E+00
     2  'FUNSUR 55   '       2       4
  2.95851350E+00  2.96013927E+00  2.95851350E+00  2.96013975E+00
     2  'FUNSUR 56   '       2       4
  6.98598385E+00  6.99118376E+00  6.98598337E+00  6.99118423E+00
     2  'FUNSUR 57   '       2       4
  6.36185551E+00  6.36718416E+00  6.36185503E+00  6.36718512E+00
     2  'FUNSUR 58   '       2       4
  5.66727066E+00  5.67221880E+00  5.66727066E+00  5.67221928E+00
     2  'FUNSUR 59   '       2       4
  4.72042274E+00  4.72458172E+00  4.72042274E+00  4.72458220E+00
     2  'FUNSUR 60   '       2       4
  4.73715734E+00  4.74131012E+00  4.73715734E+00  4.74131060E+00
     2  'FUNSUR 61   '       2       4
  5.20860958E+00  5.21311331E+00  5.20860958E+00  5.21311331E+00
     2  'FUNSUR 62   '       2       4
  4.85635853E+00  4.86044455E+00  4.85635853E+00  4.86044455E+00
     2  'FUNSUR 63   '       2       4
  3.54598570E+00  3.54885030E+00  3.54598570E+00  3.54885054E+00
     2  'FUNSUR 64   '       2       4
  3.51452279E+00  3.51722836E+00  3.51452255E+00  3.51722884E+00
     2  'FUNSUR 65   '       2       4
  3.37373686E+00  3.37617540E+00  3.37373662E+00  3.37617540E+00
     2  'FUNSUR 66   '       2       4
  3.08207083E+00  3.08411956E+00  3.08207107E+00  3.08411956E+00
     2  'FUNSUR 67   '       2       4
  2.57944632E+00  2.58097720E+00  2.57944655E+00  2.58097816E+00
     2  'FUNSUR 68   '       2       4
  1.80465102E+00  1.80556095E+00  1.80465114E+00  1.80556142E+00
     2  'FUNSUR 69   '       2       4
  6.81799471E-01  6.82042480E-01  6.81799471E-01  6.82042599E-01
     2  '1/EIGENVALUE'       2       1
  1.11808527E+00
     1  'K-EFFECTIVE '       2       1
  1.11808527E+00
     1  'K-INFINITY  '       2       1
  1.11808527E+00
     1  'EPS-CONVERGE'       2       5
  4.99999987E-05  9.99999975E-06  4.99999987E-05  1.00000000E+01  1.00000000E+02
     1  'STATE-VECTOR'       1      40
       -99         0         3         3         1       138       127         0
        69        64         0         1         0         0         0         0
         0         0         0         0         0         0         0         0
         0         0         0         0         0         0         0         0
         0         0         0         0         0         0         0         0
