     1  'SIGNATURE   '       3      12
L_FLUX      
     1  'FLUXDIRECT  '       0      -1
     2  'FLUX  1     '       2      64
  3.69501382E-01  3.68376046E-01  3.67636919E-01  3.58522683E-01  3.49062860E-01
  3.48600298E-01  3.44567090E-01  3.63516390E-01  3.65604162E-01  3.63852769E-01
  3.55449468E-01  3.41948152E-01  3.40170026E-01  3.38198841E-01  3.38814884E-01
  3.43589902E-01  3.22689265E-01  3.28982979E-01  3.63960803E-01  3.61077517E-01
  3.55056167E-01  3.40838015E-01  3.24378103E-01  3.19545686E-01  3.27753216E-01
  3.23108971E-01  3.07978451E-01  2.97294706E-01  3.00752252E-01  3.24530095E-01
  3.21375489E-01  3.13332021E-01  2.96023071E-01  2.77618229E-01  2.70833403E-01
  2.97731072E-01  2.84745425E-01  2.66024917E-01  2.36822575E-01  2.09476039E-01
  1.85279056E-01  1.68287441E-01  1.56346336E-01  1.51148498E-01  1.46419644E-01
  1.40299052E-01  1.37087628E-01  1.31491780E-01  1.19313963E-01  1.03321411E-01
  9.09893438E-02  8.10891017E-02  7.29797557E-02  6.61408380E-02  6.07442260E-02
  5.62132448E-02  5.23914322E-02  4.93528172E-02  4.68972549E-02  4.49446812E-02
  4.34463322E-02  4.24757749E-02  4.19304147E-02  3.94018032E-02
     2  'FLUX  2     '       2      64
  1.61439037E+00  1.61040378E+00  1.60613394E+00  1.56743383E+00  1.52624273E+00
  1.52409267E+00  1.50619006E+00  1.58879340E+00  1.59592044E+00  1.58744240E+00
  1.55116546E+00  1.49410605E+00  1.48613739E+00  1.48009837E+00  1.48150468E+00
  1.49743283E+00  1.41097701E+00  1.43448317E+00  1.57821000E+00  1.56629550E+00
  1.54105616E+00  1.48201501E+00  1.41386795E+00  1.39363980E+00  1.42971683E+00
  1.41168129E+00  1.35014784E+00  1.30090821E+00  1.30774498E+00  1.40086448E+00
  1.38718486E+00  1.35292542E+00  1.27973032E+00  1.20221257E+00  1.17363763E+00
  1.29249167E+00  1.23795915E+00  1.15477633E+00  1.02515006E+00  9.04146969E-01
  7.99988687E-01  7.26354122E-01  6.73628271E-01  6.51689947E-01  6.32109106E-01
  6.06726885E-01  5.94109893E-01  5.71272671E-01  5.16244352E-01  4.43478763E-01
  3.87227535E-01  3.42073202E-01  3.05125147E-01  2.74063170E-01  2.49373302E-01
  2.28654891E-01  2.11199403E-01  1.97214246E-01  1.85855225E-01  1.76764637E-01
  1.69723913E-01  1.64988726E-01  1.62152410E-01  1.50386408E-01
     2  'FLUX  3     '       2      64
  3.42145276E+00  3.41139293E+00  3.39872265E+00  3.32117701E+00  3.23768806E+00
  3.23327899E+00  3.19383287E+00  3.35773587E+00  3.36885715E+00  3.35011744E+00
  3.27661467E+00  3.16487122E+00  3.14866996E+00  3.14194250E+00  3.14158320E+00
  3.16521263E+00  2.99201322E+00  3.02967978E+00  3.30305576E+00  3.27953076E+00
  3.22922444E+00  3.11312532E+00  2.98162532E+00  2.94130182E+00  3.01892710E+00
  2.98222136E+00  2.85968828E+00  2.75176954E+00  2.75089669E+00  2.91303682E+00
  2.88591194E+00  2.81823301E+00  2.67487216E+00  2.52518153E+00  2.46944976E+00
  2.71303749E+00  2.60125923E+00  2.43024039E+00  2.16598701E+00  1.91988456E+00
  1.71242893E+00  1.56118762E+00  1.44750559E+00  1.40138400E+00  1.36096120E+00
  1.31044269E+00  1.28670919E+00  1.24272728E+00  1.12011635E+00  9.58553195E-01
  8.33604455E-01  7.33231604E-01  6.51070178E-01  5.82101941E-01  5.26940584E-01
  4.80639517E-01  4.41637635E-01  4.10190463E-01  3.84536177E-01  3.63890558E-01
  3.47764343E-01  3.36593330E-01  3.29544336E-01  3.03046614E-01
     2  'FLUX  4     '       2      64
  3.69292760E+00  3.68918872E+00  3.67370510E+00  3.59669828E+00  3.51139784E+00
  3.50673890E+00  3.45961308E+00  3.63136387E+00  3.63976026E+00  3.61976242E+00
  3.54446602E+00  3.43417525E+00  3.41630673E+00  3.40659928E+00  3.40258360E+00
  3.41935229E+00  3.24109340E+00  3.27542448E+00  3.55403781E+00  3.53066421E+00
  3.47936940E+00  3.36214709E+00  3.23212099E+00  3.19046283E+00  3.26688337E+00
  3.23288083E+00  3.10849833E+00  2.98835135E+00  2.97370744E+00  3.13467407E+00
  3.10609841E+00  3.03546429E+00  2.88690162E+00  2.73390031E+00  2.67585921E+00
  2.93160701E+00  2.81894565E+00  2.63181996E+00  2.34398484E+00  2.08267188E+00
  1.87511921E+00  1.70909834E+00  1.57339036E+00  1.52081192E+00  1.47743988E+00
  1.42468023E+00  1.40174019E+00  1.35783267E+00  1.20630169E+00  1.01699162E+00
  8.73540521E-01  7.59565353E-01  6.67063832E-01  5.90093732E-01  5.28598309E-01
  4.77245837E-01  4.34204698E-01  3.99459958E-01  3.71112674E-01  3.48265111E-01
  3.30347151E-01  3.17677617E-01  3.09416264E-01  2.80882388E-01
     2  'FLUX  5     '       2      64
  3.58884215E+00  3.58766222E+00  3.56833768E+00  3.49902678E+00  3.42065382E+00
  3.41591549E+00  3.36877322E+00  3.52058911E+00  3.51963758E+00  3.49552488E+00
  3.42595315E+00  3.33118606E+00  3.31461334E+00  3.32547975E+00  3.31353045E+00
  3.30300069E+00  3.15420175E+00  3.16313386E+00  3.36606717E+00  3.34592032E+00
  3.30126333E+00  3.20412350E+00  3.09944963E+00  3.06427622E+00  3.15184188E+00
  3.11987996E+00  3.01358843E+00  2.88510489E+00  2.83307815E+00  2.90400696E+00
  2.87804008E+00  2.81728768E+00  2.69327521E+00  2.56828809E+00  2.52116537E+00
  2.77852702E+00  2.67082739E+00  2.48608851E+00  2.21087718E+00  1.96505058E+00
  1.78219271E+00  1.62769175E+00  1.49758112E+00  1.45213461E+00  1.41660559E+00
  1.37546051E+00  1.35976791E+00  1.32492685E+00  1.16783071E+00  9.71741378E-01
  8.23335290E-01  7.05977082E-01  6.11319125E-01  5.33406317E-01  4.70952690E-01
  4.19185340E-01  3.76149446E-01  3.41269463E-01  3.12782019E-01  2.89732099E-01
  2.71471530E-01  2.57948577E-01  2.48370722E-01  2.22279027E-01
     2  'FLUX  6     '       2      64
  4.08045626E+00  4.07373762E+00  4.04853249E+00  3.98073125E+00  3.90318346E+00
  3.89755130E+00  3.85309720E+00  3.96747518E+00  3.96208906E+00  3.93576479E+00
  3.86852956E+00  3.78133655E+00  3.76716280E+00  3.81131792E+00  3.78703094E+00
  3.75999498E+00  3.61461043E+00  3.59607387E+00  3.70700026E+00  3.68819118E+00
  3.64735246E+00  3.56119776E+00  3.47193336E+00  3.43933034E+00  3.56968522E+00
  3.51917696E+00  3.40183640E+00  3.26020217E+00  3.17947412E+00  3.12999225E+00
  3.10815883E+00  3.05754399E+00  2.95697761E+00  2.85803246E+00  2.81899691E+00
  3.10256362E+00  2.97408867E+00  2.78292489E+00  2.52294254E+00  2.29012847E+00
  2.10401988E+00  1.91937697E+00  1.76667154E+00  1.72088766E+00  1.68688917E+00
  1.64948726E+00  1.63767338E+00  1.60125184E+00  1.42722452E+00  1.21193326E+00
  1.04270673E+00  9.05193388E-01  7.91862011E-01  6.97035491E-01  6.19639635E-01
  5.54707885E-01  5.00174880E-01  4.55437958E-01  4.18542087E-01  3.88400942E-01
  3.64260435E-01  3.46001208E-01  3.32610875E-01  2.98961937E-01
     2  'FLUX  7     '       2      64
  3.00909662E+00  3.00639749E+00  2.99514866E+00  2.96496463E+00  2.93216419E+00
  2.92944241E+00  2.91240740E+00  2.93024445E+00  2.92712879E+00  2.91357660E+00
  2.88261342E+00  2.84321690E+00  2.83947301E+00  2.89284158E+00  2.87174702E+00
  2.84375405E+00  2.77041149E+00  2.74470282E+00  2.72202158E+00  2.71314359E+00
  2.69345307E+00  2.65430427E+00  2.61551547E+00  2.60034347E+00  2.71814179E+00
  2.67323947E+00  2.59501791E+00  2.50204134E+00  2.43158746E+00  2.29764128E+00
  2.28529644E+00  2.25897145E+00  2.20889115E+00  2.16020060E+00  2.14140773E+00
  2.36997128E+00  2.27078629E+00  2.12794828E+00  1.94953883E+00  1.78556097E+00
  1.65300465E+00  1.52874589E+00  1.43128395E+00  1.40515733E+00  1.38657558E+00
  1.36697364E+00  1.36209786E+00  1.34046137E+00  1.22224784E+00  1.05906165E+00
  9.23141062E-01  8.09142292E-01  7.13111579E-01  6.31658316E-01  5.63949823E-01
  5.06629825E-01  4.58177388E-01  4.17981744E-01  3.84564787E-01  3.57035309E-01
  3.34737659E-01  3.17366242E-01  3.03954363E-01  2.75701612E-01
     2  'FLUX  8     '       2      64
  3.34391308E+00  3.34045315E+00  3.32996798E+00  3.30269265E+00  3.27342558E+00
  3.27090192E+00  3.26038957E+00  3.24516487E+00  3.24209809E+00  3.22949648E+00
  3.20223594E+00  3.16709471E+00  3.16640663E+00  3.24214196E+00  3.21476722E+00
  3.18002033E+00  3.10996032E+00  3.07257628E+00  2.98439932E+00  2.97681475E+00
  2.96039915E+00  2.92869830E+00  2.89828110E+00  2.88569021E+00  3.03559446E+00
  2.97662473E+00  2.88896608E+00  2.79205084E+00  2.70960784E+00  2.49998784E+00
  2.49023151E+00  2.47021556E+00  2.43337512E+00  2.39806747E+00  2.38441086E+00
  2.63755155E+00  2.52369070E+00  2.37341690E+00  2.20216775E+00  2.04333425E+00
  1.90799952E+00  1.77959657E+00  1.68268824E+00  1.65825486E+00  1.64127409E+00
  1.62374854E+00  1.62024999E+00  1.59983444E+00  1.49064326E+00  1.32692266E+00
  1.18126869E+00  1.05376649E+00  9.42751229E-01  8.46021473E-01  7.63695002E-01
  6.92635417E-01  6.31542385E-01  5.80075979E-01  5.36711693E-01  5.00554144E-01
  4.70938653E-01  4.47618663E-01  4.29472595E-01  3.91307026E-01
     2  'FLUX  9     '       2      64
  2.64092016E+00  2.63912868E+00  2.63583946E+00  2.62591696E+00  2.61646247E+00
  2.61557674E+00  2.61819935E+00  2.56710505E+00  2.56694198E+00  2.56225395E+00
  2.55225706E+00  2.53817439E+00  2.54171538E+00  2.60946798E+00  2.58742285E+00
  2.56160760E+00  2.52315855E+00  2.49188876E+00  2.37048960E+00  2.36748242E+00
  2.36086178E+00  2.34886360E+00  2.33871388E+00  2.33354902E+00  2.45996952E+00
  2.40982437E+00  2.34417367E+00  2.27982211E+00  2.21844006E+00  2.01719141E+00
  2.01238775E+00  2.00346422E+00  1.98826253E+00  1.97385323E+00  1.96830809E+00
  2.16499877E+00  2.07707429E+00  1.96523309E+00  1.84933877E+00  1.74034083E+00
  1.64133036E+00  1.54740798E+00  1.48001635E+00  1.46415699E+00  1.45336163E+00
  1.44268084E+00  1.44124532E+00  1.42814982E+00  1.36133814E+00  1.24682832E+00
  1.13583708E+00  1.03353810E+00  9.40968692E-01  8.57769430E-01  7.85097361E-01
  7.20997393E-01  6.64833128E-01  6.16745412E-01  5.75654447E-01  5.40968716E-01
  5.12252331E-01  4.89459157E-01  4.71625090E-01  4.33082640E-01
     2  'FLUX 10     '       2      64
  2.16053009E+00  2.15922332E+00  2.15912485E+00  2.15739036E+00  2.15703106E+00
  2.15695500E+00  2.16433120E+00  2.10510969E+00  2.10613132E+00  2.10524702E+00
  2.10346317E+00  2.09961295E+00  2.10438919E+00  2.16042781E+00  2.14342713E+00
  2.12437201E+00  2.10323334E+00  2.07811952E+00  1.95830810E+00  1.95756006E+00
  1.95568395E+00  1.95300388E+00  1.95216000E+00  1.95059919E+00  2.05216956E+00
  2.01163840E+00  1.96272683E+00  1.91902781E+00  1.87352216E+00  1.70073426E+00
  1.69851816E+00  1.69509447E+00  1.69027221E+00  1.68582618E+00  1.68421185E+00
  1.83412111E+00  1.76736426E+00  1.68451917E+00  1.60473073E+00  1.52879512E+00
  1.45650673E+00  1.38899493E+00  1.34290087E+00  1.33274746E+00  1.32618976E+00
  1.31991017E+00  1.31974375E+00  1.31157339E+00  1.27092981E+00  1.18978214E+00
  1.10461378E+00  1.02233851E+00  9.45242167E-01  8.73993695E-01  8.10250342E-01
  7.52916276E-01  7.01819539E-01  6.57408655E-01  6.18967772E-01  5.86148202E-01
  5.58697879E-01  5.36704123E-01  5.19327521E-01  4.81496662E-01
     2  'FLUX 11     '       2      64
  1.79785061E+00  1.79680896E+00  1.79775500E+00  1.79902828E+00  1.80174077E+00
  1.80196977E+00  1.80976295E+00  1.75693953E+00  1.75821996E+00  1.75880027E+00
  1.76009452E+00  1.76032114E+00  1.76476479E+00  1.80808020E+00  1.79548013E+00
  1.78174174E+00  1.76968002E+00  1.75058842E+00  1.64971030E+00  1.64986849E+00
  1.64990842E+00  1.65079224E+00  1.65323102E+00  1.65313637E+00  1.73070920E+00
  1.69962752E+00  1.66375744E+00  1.63378882E+00  1.60086977E+00  1.46475315E+00
  1.46379232E+00  1.46280348E+00  1.46228969E+00  1.46193314E+00  1.46192682E+00
  1.57255781E+00  1.52339447E+00  1.46320951E+00  1.40824962E+00  1.35570538E+00
  1.30388522E+00  1.25599051E+00  1.22473013E+00  1.21832931E+00  1.21442020E+00
  1.21089554E+00  1.21135843E+00  1.20637834E+00  1.18244696E+00  1.12600803E+00
  1.06215072E+00  9.97696280E-01  9.35297370E-01  8.76110017E-01  8.21957946E-01
  7.72350311E-01  7.27426946E-01  6.87829912E-01  6.53140306E-01  6.23208106E-01
  5.97934306E-01  5.77511787E-01  5.61233222E-01  5.25436401E-01
     2  'FLUX 12     '       2      64
  1.51459587E+00  1.51363623E+00  1.51517558E+00  1.51837349E+00  1.52300811E+00
  1.52341163E+00  1.53085792E+00  1.48575389E+00  1.48711109E+00  1.48859930E+00
  1.49183834E+00  1.49477112E+00  1.49869573E+00  1.53067648E+00  1.52185762E+00
  1.51256132E+00  1.50720024E+00  1.49309337E+00  1.41156137E+00  1.41228199E+00
  1.41353571E+00  1.41665912E+00  1.42106283E+00  1.42189026E+00  1.47837949E+00
  1.45555449E+00  1.43084180E+00  1.41175473E+00  1.38894486E+00  1.28548157E+00
  1.28535235E+00  1.28591919E+00  1.28806818E+00  1.29025340E+00  1.29120958E+00
  1.36922097E+00  1.33446801E+00  1.29306746E+00  1.25744319E+00  1.22256720E+00
  1.18656933E+00  1.15429819E+00  1.13429630E+00  1.13060760E+00  1.12853885E+00
  1.12688267E+00  1.12761879E+00  1.12500858E+00  1.11190045E+00  1.07293522E+00
  1.02532709E+00  9.75172520E-01  9.25076365E-01  8.76380205E-01  8.30858529E-01
  7.88434029E-01  7.49441624E-01  7.14607358E-01  6.83739722E-01  6.56834424E-01
  6.33905232E-01  6.15197837E-01  6.00114465E-01  5.67068696E-01
     2  'FLUX 13     '       2      64
  1.28259921E+00  1.28190088E+00  1.28351974E+00  1.28738737E+00  1.29246938E+00
  1.29294670E+00  1.29914939E+00  1.26360750E+00  1.26484048E+00  1.26666105E+00
  1.27054417E+00  1.27464116E+00  1.27780581E+00  1.29973912E+00  1.29396355E+00
  1.28812754E+00  1.28677344E+00  1.27704644E+00  1.21572196E+00  1.21665180E+00
  1.21838403E+00  1.22229028E+00  1.22724175E+00  1.22846913E+00  1.26691365E+00
  1.25121284E+00  1.23524892E+00  1.22408116E+00  1.20935774E+00  1.13556540E+00
  1.13590097E+00  1.13721454E+00  1.14050746E+00  1.14381027E+00  1.14516735E+00
  1.19657314E+00  1.17356086E+00  1.14687276E+00  1.12558985E+00  1.10445213E+00
  1.08096147E+00  1.05914187E+00  1.04601097E+00  1.04394722E+00  1.04301548E+00
  1.04254198E+00  1.04344845E+00  1.04218459E+00  1.03527749E+00  1.00928259E+00
  9.74988997E-01  9.37302351E-01  8.98491800E-01  8.59852672E-01  8.22974384E-01
  7.88028836E-01  7.55445421E-01  7.25960732E-01  6.99546158E-01  6.76298916E-01
  6.56313360E-01  6.39865756E-01  6.26474857E-01  5.97098231E-01
     2  'FLUX 14     '       2      64
  1.10307932E+00  1.10224283E+00  1.10381043E+00  1.10741937E+00  1.11211181E+00
  1.11249554E+00  1.11777401E+00  1.09090698E+00  1.09195089E+00  1.09364712E+00
  1.09736216E+00  1.10130215E+00  1.10375106E+00  1.11876738E+00  1.11524212E+00
  1.11183918E+00  1.11299062E+00  1.10642016E+00  1.06133747E+00  1.06226480E+00
  1.06403768E+00  1.06790042E+00  1.07240272E+00  1.07365906E+00  1.09947777E+00
  1.08894312E+00  1.07921481E+00  1.07338679E+00  1.06419086E+00  1.01201153E+00
  1.01249051E+00  1.01398599E+00  1.01739955E+00  1.02070463E+00  1.02208209E+00
  1.05601716E+00  1.04097903E+00  1.02426851E+00  1.01207995E+00  9.98594880E-01
  9.82874095E-01  9.71706629E-01  9.66777742E-01  9.66305315E-01  9.66330767E-01
  9.66637135E-01  9.67467725E-01  9.67556775E-01  9.67628479E-01  9.52202618E-01
  9.28541839E-01  9.00975466E-01  8.71525705E-01  8.41419816E-01  8.12042296E-01
  7.83724904E-01  7.56939173E-01  7.32386589E-01  7.10151494E-01  6.90395474E-01
  6.73263609E-01  6.59037352E-01  6.47336423E-01  6.21784031E-01
     2  'FLUX 15     '       2      64
  9.79040205E-01  9.78371561E-01  9.79741871E-01  9.83164132E-01  9.87400174E-01
  9.87834215E-01  9.92086768E-01  9.71444368E-01  9.72333491E-01  9.74000871E-01
  9.77528989E-01  9.81437147E-01  9.83370602E-01  9.93171930E-01  9.91134524E-01
  9.89360750E-01  9.91553843E-01  9.87338603E-01  9.54350352E-01  9.55256224E-01
  9.56996441E-01  9.60666299E-01  9.64840889E-01  9.66153979E-01  9.82842505E-01
  9.75969851E-01  9.70268369E-01  9.67808723E-01  9.62561071E-01  9.26388621E-01
  9.27018523E-01  9.28637147E-01  9.32094157E-01  9.35461223E-01  9.36888158E-01
  9.57798898E-01  9.48481619E-01  9.38722491E-01  9.32924211E-01  9.25982952E-01
  9.16122258E-01  9.08935726E-01  9.06496227E-01  9.06654775E-01  9.07070458E-01
  9.07735705E-01  9.08459246E-01  9.08863008E-01  9.11283016E-01  9.02381122E-01
  8.86251092E-01  8.66315603E-01  8.44236612E-01  8.21080148E-01  7.98000038E-01
  7.75389016E-01  7.53707111E-01  7.33591557E-01  7.15189040E-01  6.98692381E-01
  6.84272051E-01  6.72200978E-01  6.62187159E-01  6.40348434E-01
     2  'FLUX 16     '       2      64
  8.07074606E-01  8.06557596E-01  8.07658672E-01  8.10503185E-01  8.13987911E-01
  8.14326644E-01  8.17357540E-01  8.03169727E-01  8.03842545E-01  8.05221677E-01
  8.08155537E-01  8.11515987E-01  8.12868714E-01  8.18369508E-01  8.17444921E-01
  8.16797197E-01  8.19403410E-01  8.16988409E-01  7.95389175E-01  7.96150088E-01
  7.97636986E-01  8.00737858E-01  8.04198027E-01  8.05305839E-01  8.14431012E-01
  8.10600638E-01  8.08092415E-01  8.07894230E-01  8.05478632E-01  7.83248901E-01
  7.83849955E-01  7.85310566E-01  7.88335562E-01  7.91301072E-01  7.92512238E-01
  8.03167522E-01  7.98370838E-01  7.93954015E-01  7.92530715E-01  7.89925933E-01
  7.85006702E-01  7.82083452E-01  7.81833649E-01  7.82314420E-01  7.82844126E-01
  7.83615291E-01  7.84241498E-01  7.84968495E-01  7.88022995E-01  7.83459246E-01
  7.73358226E-01  7.60121107E-01  7.44955361E-01  7.28670835E-01  7.12125242E-01
  6.95677400E-01  6.79712117E-01  6.64739192E-01  6.50917053E-01  6.38427973E-01
  6.27432466E-01  6.18162751E-01  6.10414863E-01  5.93545556E-01
     2  'FLUX 17     '       2      64
  7.23610520E-01  7.22739220E-01  7.23837674E-01  7.26515591E-01  7.29629338E-01
  7.30019391E-01  7.33401597E-01  7.21863270E-01  7.22498477E-01  7.23834515E-01
  7.26679325E-01  7.29705811E-01  7.30920970E-01  7.34720230E-01  7.34666169E-01
  7.34958649E-01  7.38883078E-01  7.37520099E-01  7.20711768E-01  7.21496165E-01
  7.23024428E-01  7.26119518E-01  7.29201794E-01  7.30462074E-01  7.35896587E-01
  7.33701050E-01  7.33557403E-01  7.35577822E-01  7.35103190E-01  7.19401121E-01
  7.20053732E-01  7.21576154E-01  7.24602520E-01  7.27337658E-01  7.28660524E-01
  7.34289467E-01  7.32008338E-01  7.31092274E-01  7.32877731E-01  7.32189059E-01
  7.27964163E-01  7.28853703E-01  7.33244777E-01  7.34691560E-01  7.35710919E-01
  7.36723781E-01  7.36989677E-01  7.38110006E-01  7.47119606E-01  7.48586655E-01
  7.43826568E-01  7.35604167E-01  7.25159109E-01  7.13306427E-01  7.00803220E-01
  6.88060522E-01  6.75456524E-01  6.63452208E-01  6.52235091E-01  6.41996622E-01
  6.32903039E-01  6.25169992E-01  6.18647695E-01  6.04486525E-01
     2  'FLUX 18     '       2      64
  6.96197748E-01  6.95963025E-01  6.96918666E-01  6.99725747E-01  7.03126788E-01
  7.03355134E-01  7.05163896E-01  6.96387291E-01  6.96893275E-01  6.98202252E-01
  7.01041102E-01  7.04639316E-01  7.05461681E-01  7.06257284E-01  7.06461668E-01
  7.07079828E-01  7.10627198E-01  7.10000813E-01  6.98898554E-01  6.99627995E-01
  7.01106727E-01  7.04165637E-01  7.07611501E-01  7.08614528E-01  7.09500432E-01
  7.08897054E-01  7.09916413E-01  7.12457001E-01  7.13156521E-01  7.04873621E-01
  7.05567300E-01  7.07142889E-01  7.10308969E-01  7.13543773E-01  7.14656174E-01
  7.13582635E-01  7.13833630E-01  7.15446174E-01  7.19426453E-01  7.22409070E-01
  7.23849595E-01  7.25352466E-01  7.26800263E-01  7.27535248E-01  7.28287876E-01
  7.29328990E-01  7.30126083E-01  7.31416821E-01  7.33653486E-01  7.32937813E-01
  7.28717029E-01  7.22102046E-01  7.13800907E-01  7.04353094E-01  6.94313049E-01
  6.84001863E-01  6.73726499E-01  6.63868845E-01  6.54598117E-01  6.46086335E-01
  6.38485491E-01  6.31987154E-01  6.26477003E-01  6.14523053E-01
     2  'FLUX 19     '       2      64
  6.46047413E-01  6.45641923E-01  6.46613002E-01  6.49509668E-01  6.52890027E-01
  6.53100610E-01  6.55147731E-01  6.47464931E-01  6.47945404E-01  6.49291158E-01
  6.52249992E-01  6.55928195E-01  6.56661093E-01  6.56488895E-01  6.57111168E-01
  6.58285022E-01  6.62812710E-01  6.62685454E-01  6.53788090E-01  6.54572129E-01
  6.56175077E-01  6.59442186E-01  6.62916780E-01  6.64023161E-01  6.62717760E-01
  6.63059950E-01  6.65487707E-01  6.69451296E-01  6.71318889E-01  6.66486740E-01
  6.67261779E-01  6.68993711E-01  6.72420144E-01  6.75778985E-01  6.76986992E-01
  6.72664762E-01  6.74487412E-01  6.78281188E-01  6.84518456E-01  6.89010918E-01
  6.90729856E-01  6.93568349E-01  6.97035909E-01  6.98372006E-01  6.99458659E-01
  7.00775862E-01  7.01458931E-01  7.02754974E-01  7.07736433E-01  7.10309803E-01
  7.09099352E-01  7.05429256E-01  7.00011551E-01  6.93368852E-01  6.85975075E-01
  6.78160727E-01  6.70210361E-01  6.62456334E-01  6.55071616E-01  6.48221791E-01
  6.42050862E-01  6.36730611E-01  6.32180333E-01  6.22331440E-01
     2  'FLUX 20     '       2      64
  1.16836560E+00  1.16754782E+00  1.16957450E+00  1.17565143E+00  1.18259382E+00
  1.18307400E+00  1.18711734E+00  1.17480969E+00  1.17572451E+00  1.17851913E+00
  1.18471062E+00  1.19244027E+00  1.19372082E+00  1.19023550E+00  1.19257450E+00
  1.19608331E+00  1.20704448E+00  1.20826185E+00  1.19696379E+00  1.19863045E+00
  1.20206940E+00  1.20903075E+00  1.21622837E+00  1.21869910E+00  1.20985901E+00
  1.21305573E+00  1.22135758E+00  1.23244119E+00  1.23903441E+00  1.23934031E+00
  1.24108052E+00  1.24489737E+00  1.25233412E+00  1.25954294E+00  1.26222670E+00
  1.24414825E+00  1.25204849E+00  1.26523590E+00  1.28324819E+00  1.29721236E+00
  1.30492103E+00  1.31463599E+00  1.32449627E+00  1.32776093E+00  1.33024859E+00
  1.33305407E+00  1.33420599E+00  1.33695257E+00  1.35012627E+00  1.36100781E+00
  1.36503017E+00  1.36450171E+00  1.36062419E+00  1.35429418E+00  1.34620917E+00
  1.33700550E+00  1.32716727E+00  1.31721222E+00  1.30747330E+00  1.29824662E+00
  1.28978825E+00  1.28237498E+00  1.27593017E+00  1.26205564E+00
     2  'FLUX 21     '       2      64
  1.05469894E+00  1.05327260E+00  1.05511451E+00  1.06049323E+00  1.06641197E+00
  1.06692767E+00  1.07099986E+00  1.06292462E+00  1.06375337E+00  1.06633496E+00
  1.07198191E+00  1.07868338E+00  1.07968557E+00  1.07416797E+00  1.07756448E+00
  1.08211517E+00  1.09374225E+00  1.09613061E+00  1.09192514E+00  1.09350884E+00
  1.09677255E+00  1.10322094E+00  1.10936868E+00  1.11181724E+00  1.09877062E+00
  1.10382366E+00  1.11460388E+00  1.12769759E+00  1.13632476E+00  1.14520562E+00
  1.14691401E+00  1.15057099E+00  1.15747666E+00  1.16383755E+00  1.16644049E+00
  1.14291179E+00  1.15349281E+00  1.17056143E+00  1.19154620E+00  1.20666409E+00
  1.21406376E+00  1.22815514E+00  1.24378407E+00  1.24828112E+00  1.25123084E+00
  1.25413203E+00  1.25460827E+00  1.25738060E+00  1.27774549E+00  1.29610252E+00
  1.30710304E+00  1.31349254E+00  1.31647873E+00  1.31691504E+00  1.31531072E+00
  1.31230915E+00  1.30832911E+00  1.30375171E+00  1.29890049E+00  1.29403627E+00
  1.28937948E+00  1.28513861E+00  1.28131473E+00  1.27320886E+00
     2  'FLUX 22     '       2      64
  7.06154585E-01  7.05245137E-01  7.06941187E-01  7.12724268E-01  7.19197035E-01
  7.19626367E-01  7.22667336E-01  7.14598060E-01  7.15349078E-01  7.18050241E-01
  7.23990440E-01  7.31666923E-01  7.32526779E-01  7.25672960E-01  7.28849232E-01
  7.33332157E-01  7.44481623E-01  7.46834099E-01  7.43782818E-01  7.45399356E-01
  7.48797655E-01  7.55608678E-01  7.62654662E-01  7.65014768E-01  7.49925315E-01
  7.55538523E-01  7.66463995E-01  7.79489040E-01  7.88433552E-01  7.99951851E-01
  8.01846862E-01  8.05872738E-01  8.13590646E-01  8.21154475E-01  8.23805034E-01
  7.95571089E-01  8.07546794E-01  8.26146781E-01  8.49127114E-01  8.68358791E-01
  8.81503403E-01  8.93576384E-01  9.03430402E-01  9.06464398E-01  9.08758223E-01
  9.11348939E-01  9.12273467E-01  9.14860129E-01  9.26395714E-01  9.40556645E-01
  9.50869381E-01  9.58285749E-01  9.63404894E-01  9.66722310E-01  9.68475640E-01
  9.69112456E-01  9.68895614E-01  9.68034208E-01  9.66754675E-01  9.65228140E-01
  9.63597178E-01  9.61979985E-01  9.60412860E-01  9.57198024E-01
     2  'FLUX 23     '       2      64
  4.65349227E-01  4.64949429E-01  4.65919465E-01  4.69206601E-01  4.72821951E-01
  4.73065943E-01  4.74630356E-01  4.71495509E-01  4.71888185E-01  4.73409921E-01
  4.76761878E-01  4.81118143E-01  4.81492162E-01  4.76433456E-01  4.78562713E-01
  4.81455445E-01  4.88257498E-01  4.90140438E-01  4.91066605E-01  4.91987258E-01
  4.93927658E-01  4.97791588E-01  5.01726508E-01  5.03095388E-01  4.92435008E-01
  4.96454298E-01  5.03668129E-01  5.11939764E-01  5.17920494E-01  5.28083324E-01
  5.29181242E-01  5.31489313E-01  5.35877764E-01  5.40153146E-01  5.41679084E-01
  5.22765696E-01  5.30886590E-01  5.42998135E-01  5.57516575E-01  5.69897890E-01
  5.78695655E-01  5.86561978E-01  5.92759967E-01  5.94620228E-01  5.96026599E-01
  5.97598910E-01  5.98125994E-01  5.99704623E-01  6.06887996E-01  6.16202414E-01
  6.23409688E-01  6.28948927E-01  6.33121669E-01  6.36195719E-01  6.38273776E-01
  6.39624715E-01  6.40396595E-01  6.40695751E-01  6.40659750E-01  6.40389085E-01
  6.39966309E-01  6.39454305E-01  6.38888299E-01  6.37785792E-01
     2  'FLUX 24     '       2      64
  4.68259186E-01  4.66769427E-01  4.68428850E-01  4.74615842E-01  4.81558532E-01
  4.82019901E-01  4.85230863E-01  4.76189137E-01  4.76989865E-01  4.79964465E-01
  4.86469239E-01  4.94916648E-01  4.95843828E-01  4.88375157E-01  4.91952121E-01
  4.96996135E-01  5.08868754E-01  5.11118948E-01  5.07693827E-01  5.09482145E-01
  5.13283610E-01  5.20893157E-01  5.28779268E-01  5.31351149E-01  5.14460981E-01
  5.20725608E-01  5.32931149E-01  5.47319233E-01  5.57207227E-01  5.69971681E-01
  5.72207272E-01  5.76933324E-01  5.85958362E-01  5.94821155E-01  5.97851753E-01
  5.65026581E-01  5.78640461E-01  6.00424945E-01  6.27141654E-01  6.49293959E-01
  6.64127648E-01  6.77428067E-01  6.87953413E-01  6.91119790E-01  6.93505824E-01
  6.96169794E-01  6.97077692E-01  6.99775875E-01  7.11851537E-01  7.27122188E-01
  7.38980293E-01  7.48320103E-01  7.55661070E-01  7.61423707E-01  7.65737593E-01
  7.68996954E-01  7.71399498E-01  7.73062587E-01  7.74172068E-01  7.74853766E-01
  7.75208116E-01  7.75299013E-01  7.75188148E-01  7.75157094E-01
     2  'FLUX 25     '       2      64
  3.97686005E-01  3.96246016E-01  3.98078620E-01  4.04985130E-01  4.12769526E-01
  4.13296402E-01  4.16929632E-01  4.07193899E-01  4.07974094E-01  4.11165029E-01
  4.18378860E-01  4.27866042E-01  4.28931087E-01  4.20620143E-01  4.24521357E-01
  4.29882735E-01  4.43728894E-01  4.46248978E-01  4.42269742E-01  4.44264024E-01
  4.48542088E-01  4.57215071E-01  4.66270745E-01  4.69289809E-01  4.50040847E-01
  4.57149029E-01  4.71189290E-01  4.87705171E-01  4.98913765E-01  5.13245165E-01
  5.15817344E-01  5.21293342E-01  5.31847835E-01  5.42294264E-01  5.45958698E-01
  5.07937372E-01  5.23739159E-01  5.48921287E-01  5.80200374E-01  6.06522620E-01
  6.24764264E-01  6.41101420E-01  6.53909028E-01  6.57718003E-01  6.60584986E-01
  6.63794637E-01  6.64855301E-01  6.68112576E-01  6.82788908E-01  7.01547801E-01
  7.16350913E-01  7.28252113E-01  7.37859070E-01  7.45657027E-01  7.51770198E-01
  7.56652951E-01  7.60519266E-01  7.63475657E-01  7.65726924E-01  7.67405093E-01
  7.68611968E-01  7.69400537E-01  7.69853473E-01  7.71094441E-01
     2  'FLUX 26     '       2      64
  4.72265959E-01  4.72433776E-01  4.72897291E-01  4.74481821E-01  4.76010174E-01
  4.76125151E-01  4.76209670E-01  4.80140120E-01  4.80217308E-01  4.80951428E-01
  4.82527941E-01  4.84686077E-01  4.84413862E-01  4.77381796E-01  4.79716867E-01
  4.82581705E-01  4.87463504E-01  4.90540683E-01  5.01309812E-01  5.01770139E-01
  5.02754152E-01  5.04596949E-01  5.06264329E-01  5.07011652E-01  4.93785411E-01
  4.98967588E-01  5.06203711E-01  5.13546705E-01  5.20059466E-01  5.39221823E-01
  5.39864838E-01  5.41092634E-01  5.43266892E-01  5.45306027E-01  5.46099424E-01
  5.25607407E-01  5.34745336E-01  5.46680331E-01  5.59468746E-01  5.71080029E-01
  5.80316186E-01  5.88437617E-01  5.94601572E-01  5.96340537E-01  5.97590625E-01
  5.98942101E-01  5.99287093E-01  6.00609004E-01  6.07296228E-01  6.17702961E-01
  6.26945138E-01  6.34933054E-01  6.41752899E-01  6.47553623E-01  6.52316034E-01
  6.56277061E-01  6.59542084E-01  6.62151754E-01  6.64231181E-01  6.65861011E-01
  6.67104781E-01  6.67993784E-01  6.68596387E-01  6.70048833E-01
     2  'FLUX 27     '       2      64
  5.61605394E-01  5.58927000E-01  5.61775982E-01  5.73244452E-01  5.86249888E-01
  5.87136626E-01  5.93133390E-01  5.76975942E-01  5.78131974E-01  5.83352864E-01
  5.95402777E-01  6.11471355E-01  6.13273442E-01  5.99366546E-01  6.05908811E-01
  6.14734948E-01  6.38207376E-01  6.42114401E-01  6.35258377E-01  6.38604999E-01
  6.45868301E-01  6.60729170E-01  6.76382542E-01  6.81575000E-01  6.48515642E-01
  6.60693765E-01  6.84887946E-01  7.13108003E-01  7.32106566E-01  7.56403446E-01
  7.60939956E-01  7.70622492E-01  7.89381862E-01  8.08097124E-01  8.14648569E-01
  7.47506499E-01  7.75136232E-01  8.19676638E-01  8.75147104E-01  9.22038078E-01
  9.54994917E-01  9.84412670E-01  1.00725341E+00  1.01398242E+00  1.01900172E+00
  1.02455914E+00  1.02633524E+00  1.03199863E+00  1.05775142E+00  1.09164894E+00
  1.11929893E+00  1.14228904E+00  1.16153991E+00  1.17780364E+00  1.19117701E+00
  1.20240784E+00  1.21181190E+00  1.21949172E+00  1.22577536E+00  1.23085737E+00
  1.23488200E+00  1.23789513E+00  1.24006999E+00  1.24527180E+00
     2  'FLUX 28     '       2      64
  1.77971691E-01  1.78077146E-01  1.78238541E-01  1.78763524E-01  1.79187328E-01
  1.79223359E-01  1.79098293E-01  1.81827977E-01  1.81847617E-01  1.82116300E-01
  1.82636991E-01  1.83330953E-01  1.83115184E-01  1.79553673E-01  1.80696964E-01
  1.82095408E-01  1.84103549E-01  1.85715094E-01  1.92164421E-01  1.92328244E-01
  1.92675188E-01  1.93257987E-01  1.93679959E-01  1.93931416E-01  1.87358171E-01
  1.89949840E-01  1.93358406E-01  1.96694717E-01  1.99864239E-01  2.10345626E-01
  2.10583001E-01  2.10997388E-01  2.11650655E-01  2.12189659E-01  2.12419629E-01
  2.02571645E-01  2.07008883E-01  2.12602422E-01  2.18291774E-01  2.23491490E-01
  2.27656335E-01  2.31362745E-01  2.34180719E-01  2.34953538E-01  2.35495314E-01
  2.36066431E-01  2.36175656E-01  2.36713216E-01  2.39691049E-01  2.44633466E-01
  2.49215767E-01  2.53308594E-01  2.56915212E-01  2.60083079E-01  2.62780398E-01
  2.65108168E-01  2.67104805E-01  2.68773854E-01  2.70167798E-01  2.71317333E-01
  2.72245675E-01  2.72958368E-01  2.73492545E-01  2.74727255E-01
     2  'FLUX 29     '       2      64
  2.34505817E-01  2.34613836E-01  2.34715581E-01  2.35193834E-01  2.35603213E-01
  2.35636592E-01  2.35410854E-01  2.38334805E-01  2.38306016E-01  2.38520950E-01
  2.38990918E-01  2.39711925E-01  2.39483565E-01  2.35848129E-01  2.36982703E-01
  2.38323972E-01  2.40289286E-01  2.41873190E-01  2.48482078E-01  2.48623863E-01
  2.48938292E-01  2.49514818E-01  2.50011772E-01  2.50269175E-01  2.43553296E-01
  2.46200442E-01  2.49655455E-01  2.52982587E-01  2.56132305E-01  2.66562551E-01
  2.66812295E-01  2.67260134E-01  2.68033713E-01  2.68780947E-01  2.69070059E-01
  2.58840740E-01  2.63375908E-01  2.69190401E-01  2.75210202E-01  2.80814528E-01
  2.85491139E-01  2.89487779E-01  2.92413294E-01  2.93208539E-01  2.93768167E-01
  2.94356793E-01  2.94472963E-01  2.95043647E-01  2.98055172E-01  3.03289652E-01
  3.08277071E-01  3.12820047E-01  3.16889614E-01  3.20514768E-01  3.23643327E-01
  3.26374501E-01  3.28741908E-01  3.30741554E-01  3.32427472E-01  3.33830357E-01
  3.34973544E-01  3.35860550E-01  3.36534709E-01  3.38077545E-01
     2  'FLUX 30     '       2      64
  2.28410691E-01  2.28502706E-01  2.28511110E-01  2.28672206E-01  2.28738055E-01
  2.28747576E-01  2.28424564E-01  2.31342822E-01  2.31288806E-01  2.31365114E-01
  2.31521100E-01  2.31812298E-01  2.31571317E-01  2.28670582E-01  2.29545087E-01
  2.30557367E-01  2.31783584E-01  2.33071133E-01  2.39031762E-01  2.39087820E-01
  2.39218965E-01  2.39427373E-01  2.39544466E-01  2.39664406E-01  2.34413534E-01
  2.36502290E-01  2.39072531E-01  2.41439492E-01  2.43831009E-01  2.52467781E-01
  2.52607226E-01  2.52827018E-01  2.53166556E-01  2.53479391E-01  2.53610969E-01
  2.45889127E-01  2.49333769E-01  2.53639489E-01  2.57914275E-01  2.61926651E-01
  2.65300810E-01  2.68196613E-01  2.70319551E-01  2.70883441E-01  2.71267176E-01
  2.71659166E-01  2.71706194E-01  2.72071272E-01  2.74213105E-01  2.78201312E-01
  2.82148808E-01  2.85830855E-01  2.89189219E-01  2.92224735E-01  2.94879645E-01
  2.97222555E-01  2.99273491E-01  3.01022053E-01  3.02508533E-01  3.03755164E-01
  3.04778725E-01  3.05580050E-01  3.06196094E-01  3.07593644E-01
     2  'FLUX 31     '       2      64
  3.82327318E-01  3.82445067E-01  3.82459790E-01  3.82708728E-01  3.82840663E-01
  3.82855952E-01  3.82428735E-01  3.86314422E-01  3.86239499E-01  3.86351854E-01
  3.86595011E-01  3.87041718E-01  3.86722863E-01  3.82776231E-01  3.83968621E-01
  3.85342896E-01  3.87056082E-01  3.88803214E-01  3.96810532E-01  3.96894902E-01
  3.97092342E-01  3.97423357E-01  3.97642821E-01  3.97822648E-01  3.90639901E-01
  3.93501252E-01  3.97042662E-01  4.00310874E-01  4.03581530E-01  4.15207207E-01
  4.15409863E-01  4.15739238E-01  4.16267604E-01  4.16768730E-01  4.16971594E-01
  4.06395227E-01  4.11113679E-01  4.17035908E-01  4.22949046E-01  4.28487122E-01
  4.33135688E-01  4.37101483E-01  4.39989120E-01  4.40741271E-01  4.41255391E-01
  4.41767097E-01  4.41820115E-01  4.42296147E-01  4.45170343E-01  4.50709552E-01
  4.56312150E-01  4.61623371E-01  4.66534913E-01  4.71027642E-01  4.75003213E-01
  4.78546590E-01  4.81676817E-01  4.84369874E-01  4.86678094E-01  4.88628864E-01
  4.90242928E-01  4.91517723E-01  4.92508441E-01  4.94738430E-01
     2  'FLUX 32     '       2      64
  1.67510539E-01  1.67545453E-01  1.67583585E-01  1.67764634E-01  1.67914599E-01
  1.67927787E-01  1.67837188E-01  1.69112742E-01  1.69097140E-01  1.69177324E-01
  1.69357061E-01  1.69632629E-01  1.69533595E-01  1.68017313E-01  1.68496326E-01
  1.69056028E-01  1.69867799E-01  1.70544952E-01  1.73375815E-01  1.73431560E-01
  1.73555940E-01  1.73783630E-01  1.73970103E-01  1.74076319E-01  1.71259433E-01
  1.72382921E-01  1.73838854E-01  1.75231650E-01  1.76554188E-01  1.80895209E-01
  1.80995539E-01  1.81174442E-01  1.81481674E-01  1.81773618E-01  1.81890413E-01
  1.77686244E-01  1.79571673E-01  1.81977361E-01  1.84446290E-01  1.86710432E-01
  1.88546553E-01  1.90169945E-01  1.91396028E-01  1.91716284E-01  1.91932678E-01
  1.92148954E-01  1.92168921E-01  1.92362875E-01  1.93617418E-01  1.95919961E-01
  1.98228091E-01  2.00418979E-01  2.02452481E-01  2.04320922E-01  2.05982804E-01
  2.07471311E-01  2.08792701E-01  2.09935144E-01  2.10918903E-01  2.11754099E-01
  2.12448210E-01  2.12999284E-01  2.13430122E-01  2.14396045E-01
     2  'FLUX 33     '       2      64
  1.42444283E-01  1.42460227E-01  1.42549798E-01  1.42886966E-01  1.43238157E-01
  1.43263727E-01  1.43308058E-01  1.43851489E-01  1.43862098E-01  1.44006938E-01
  1.44343346E-01  1.44820318E-01  1.44789979E-01  1.43543303E-01  1.43964067E-01
  1.44470528E-01  1.45430654E-01  1.45965114E-01  1.47693053E-01  1.47787809E-01
  1.47994146E-01  1.48404539E-01  1.48809120E-01  1.48972929E-01  1.46555051E-01
  1.47506222E-01  1.48874134E-01  1.50273100E-01  1.51465625E-01  1.54699102E-01
  1.54835701E-01  1.55107543E-01  1.55614480E-01  1.56117320E-01  1.56304926E-01
  1.52481407E-01  1.54178768E-01  1.56451389E-01  1.58948407E-01  1.61195591E-01
  1.62970275E-01  1.64529502E-01  1.65702119E-01  1.66017130E-01  1.66235134E-01
  1.66460901E-01  1.66494817E-01  1.66708678E-01  1.67940244E-01  1.70057341E-01
  1.72119141E-01  1.74051598E-01  1.75833151E-01  1.77464232E-01  1.78912029E-01
  1.80208072E-01  1.81358606E-01  1.82353899E-01  1.83211729E-01  1.83940873E-01
  1.84547678E-01  1.85030058E-01  1.85407653E-01  1.86254323E-01
     2  'FLUX 34     '       2      64
  2.83014849E-02  2.83035152E-02  2.83171032E-02  2.83653699E-02  2.84104105E-02
  2.84140464E-02  2.84170341E-02  2.85711139E-02  2.85721682E-02  2.85940580E-02
  2.86425073E-02  2.87087932E-02  2.86981277E-02  2.84562558E-02  2.85378434E-02
  2.86359042E-02  2.88005732E-02  2.89087016E-02  2.93048937E-02  2.93193776E-02
  2.93508507E-02  2.94099841E-02  2.94613801E-02  2.94863191E-02  2.90234182E-02
  2.92073786E-02  2.94621289E-02  2.97162719E-02  2.99424510E-02  3.06133125E-02
  3.06347255E-02  3.06755416E-02  3.07478998E-02  3.08152474E-02  3.08419745E-02
  3.01337894E-02  3.04515604E-02  3.08685098E-02  3.13098505E-02  3.17041576E-02
  3.20094675E-02  3.22884731E-02  3.25052477E-02  3.25630754E-02  3.26019563E-02
  3.26408818E-02  3.26442569E-02  3.26790176E-02  3.29089314E-02  3.33049372E-02
  3.36936638E-02  3.40601578E-02  3.43995728E-02  3.47114429E-02  3.49891819E-02
  3.52384523E-02  3.54602523E-02  3.56525443E-02  3.58186066E-02  3.59599963E-02
  3.60778682E-02  3.61717530E-02  3.62454355E-02  3.64102833E-02
     2  'FLUX 35     '       2      64
  2.77814288E-02  2.77830437E-02  2.77998429E-02  2.78610010E-02  2.79230159E-02
  2.79276408E-02  2.79368106E-02  2.80486774E-02  2.80509796E-02  2.80778501E-02
  2.81390753E-02  2.82240920E-02  2.82174703E-02  2.79807914E-02  2.80615631E-02
  2.81592943E-02  2.83393953E-02  2.84420047E-02  2.87820809E-02  2.87996065E-02
  2.88376492E-02  2.89119873E-02  2.89827380E-02  2.90126018E-02  2.85539161E-02
  2.87347715E-02  2.89942082E-02  2.92585418E-02  2.94851158E-02  3.01096700E-02
  3.01346499E-02  3.01839747E-02  3.02746873E-02  3.03627495E-02  3.03961225E-02
  2.96769477E-02  2.99971327E-02  3.04252710E-02  3.08911465E-02  3.13069075E-02
  3.16295549E-02  3.19188721E-02  3.21405381E-02  3.22001167E-02  3.22407298E-02
  3.22823860E-02  3.22876014E-02  3.23262922E-02  3.25601250E-02  3.29598151E-02
  3.33494991E-02  3.37154828E-02  3.40536088E-02  3.43638323E-02  3.46398130E-02
  3.48873511E-02  3.51075307E-02  3.52983810E-02  3.54631767E-02  3.56034935E-02
  3.57204676E-02  3.58136334E-02  3.58867310E-02  3.60504501E-02
     2  'FLUX 36     '       2      64
  2.84399576E-02  2.84414757E-02  2.84605790E-02  2.85300966E-02  2.86024995E-02
  2.86077652E-02  2.86208913E-02  2.87139677E-02  2.87170485E-02  2.87472624E-02
  2.88168062E-02  2.89136022E-02  2.89089233E-02  2.86687110E-02  2.87513658E-02
  2.88517158E-02  2.90452037E-02  2.91480962E-02  2.94682793E-02  2.94878874E-02
  2.95304283E-02  2.96146646E-02  2.96971127E-02  2.97304187E-02  2.92616859E-02
  2.94459164E-02  2.97149662E-02  2.99921650E-02  3.02254353E-02  3.08429785E-02
  3.08704600E-02  3.09254751E-02  3.10279597E-02  3.11287213E-02  3.11664287E-02
  3.04230489E-02  3.07531711E-02  3.11982892E-02  3.16891000E-02  3.21266130E-02
  3.24659348E-02  3.27684656E-02  3.29993516E-02  3.30611281E-02  3.31042483E-02
  3.31480317E-02  3.31541225E-02  3.31953391E-02  3.34402174E-02  3.38546857E-02
  3.42568532E-02  3.46337371E-02  3.49815190E-02  3.53003889E-02  3.55839431E-02
  3.58382426E-02  3.60644311E-02  3.62605043E-02  3.64298336E-02  3.65740322E-02
  3.66942696E-02  3.67900543E-02  3.68652195E-02  3.70335914E-02
     2  'FLUX 37     '       2      64
  2.94414647E-02  2.94437073E-02  2.94615906E-02  2.95255389E-02  2.95903310E-02
  2.95951795E-02  2.96051465E-02  2.97202542E-02  2.97228340E-02  2.97510084E-02
  2.98149399E-02  2.99034193E-02  2.98966356E-02  2.96510030E-02  2.97348481E-02
  2.98364032E-02  3.00237499E-02  3.01309135E-02  3.04827541E-02  3.05010676E-02
  3.05407010E-02  3.06180399E-02  3.06915324E-02  3.07226256E-02  3.02472394E-02
  3.04348618E-02  3.07036377E-02  3.09780277E-02  3.12134214E-02  3.18603888E-02
  3.18862647E-02  3.19373272E-02  3.20311598E-02  3.21221128E-02  3.21566351E-02
  3.14129256E-02  3.17447223E-02  3.21869999E-02  3.26683894E-02  3.30985971E-02
  3.34332474E-02  3.37323211E-02  3.39604169E-02  3.40216383E-02  3.40634324E-02
  3.41060609E-02  3.41116190E-02  3.41513939E-02  3.43914181E-02  3.48052531E-02
  3.52101065E-02  3.55910622E-02  3.59435752E-02  3.62674035E-02  3.65558714E-02
  3.68148908E-02  3.70455272E-02  3.72456424E-02  3.74186002E-02  3.75659987E-02
  3.76889855E-02  3.77870500E-02  3.78640927E-02  3.80364023E-02
     2  'FLUX 38     '       2      64
  2.90059093E-02  2.90084202E-02  2.90274899E-02  2.90960800E-02  2.91674566E-02
  2.91726664E-02  2.91850660E-02  2.92793754E-02  2.92824674E-02  2.93123219E-02
  2.93807834E-02  2.94761509E-02  2.94713043E-02  2.92322263E-02  2.93141007E-02
  2.94135548E-02  2.96042487E-02  2.97074094E-02  3.00279222E-02  3.00472062E-02
  3.00889816E-02  3.01716216E-02  3.02525163E-02  3.02852560E-02  2.98205968E-02
  3.00034527E-02  3.02690063E-02  3.05427555E-02  3.07741128E-02  3.13878134E-02
  3.14147398E-02  3.14685367E-02  3.15687023E-02  3.16672996E-02  3.17041762E-02
  3.09704524E-02  3.12970318E-02  3.17351073E-02  3.22177112E-02  3.26492675E-02
  3.29855978E-02  3.32829021E-02  3.35074514E-02  3.35679986E-02  3.36095095E-02
  3.36520709E-02  3.36579829E-02  3.36981229E-02  3.39358710E-02  3.43447179E-02
  3.47438902E-02  3.51191759E-02  3.54662687E-02  3.57850827E-02  3.60690840E-02
  3.63241248E-02  3.65512557E-02  3.67483906E-02  3.69188152E-02  3.70640978E-02
  3.71853597E-02  3.72820906E-02  3.73581238E-02  3.75279933E-02
     2  'FLUX 39     '       2      64
  2.89919507E-02  2.89953612E-02  2.90103294E-02  2.90632807E-02  2.91150361E-02
  2.91190166E-02  2.91235019E-02  2.92566195E-02  2.92583238E-02  2.92820036E-02
  2.93348171E-02  2.94079073E-02  2.93990839E-02  2.91635711E-02  2.92426795E-02
  2.93381717E-02  2.95041613E-02  2.96087973E-02  2.99734864E-02  2.99888682E-02
  3.00221294E-02  3.00858002E-02  3.01441923E-02  3.01704016E-02  2.97204051E-02
  2.98988242E-02  3.01476158E-02  3.03984992E-02  3.06193996E-02  3.12541127E-02
  3.12762335E-02  3.13190222E-02  3.13962474E-02  3.14701088E-02  3.14985327E-02
  3.08069605E-02  3.11170798E-02  3.15241069E-02  3.19600217E-02  3.23518403E-02
  3.26589681E-02  3.29316966E-02  3.31381373E-02  3.31927575E-02  3.32301334E-02
  3.32679078E-02  3.32721062E-02  3.33073512E-02  3.35216522E-02  3.39044407E-02
  3.42843309E-02  3.46443392E-02  3.49790379E-02  3.52875702E-02  3.55632119E-02
  3.58112678E-02  3.60325538E-02  3.62249017E-02  3.63913849E-02  3.65334675E-02
  3.66521738E-02  3.67469788E-02  3.68216299E-02  3.69880050E-02
     2  'FLUX 40     '       2      64
  2.98067704E-02  2.98103113E-02  2.98263859E-02  2.98838262E-02  2.99414247E-02
  2.99457442E-02  2.99517419E-02  3.00754849E-02  3.00774779E-02  3.01028397E-02
  3.01600639E-02  3.02398354E-02  3.02319825E-02  2.99937781E-02  3.00739538E-02
  3.01707722E-02  3.03437617E-02  3.04486640E-02  3.08037065E-02  3.08201239E-02
  3.08556352E-02  3.09245437E-02  3.09895035E-02  3.10175326E-02  3.05614229E-02
  3.07419412E-02  3.09959892E-02  3.12536247E-02  3.14780511E-02  3.21084522E-02
  3.21318544E-02  3.21775526E-02  3.22610624E-02  3.23420614E-02  3.23728733E-02
  3.16686518E-02  3.19840275E-02  3.23999338E-02  3.28489356E-02  3.32517587E-02
  3.35666053E-02  3.38456929E-02  3.40566300E-02  3.41127142E-02  3.41508687E-02
  3.41896378E-02  3.41934413E-02  3.42294313E-02  3.44512090E-02  3.48434858E-02
  3.52318734E-02  3.55997793E-02  3.59418280E-02  3.62571962E-02  3.65390554E-02
  3.67927961E-02  3.70192491E-02  3.72161679E-02  3.73866782E-02  3.75322513E-02
  3.76539156E-02  3.77511308E-02  3.78277116E-02  3.79983671E-02
     2  'FLUX 41     '       2      64
  2.84017995E-02  2.84059253E-02  2.84179691E-02  2.84608155E-02  2.85009444E-02
  2.85041109E-02  2.85032522E-02  2.86498610E-02  2.86506824E-02  2.86701061E-02
  2.87126657E-02  2.87719835E-02  2.87614875E-02  2.85376143E-02  2.86115687E-02
  2.87003499E-02  2.88453847E-02  2.89459173E-02  2.93163545E-02  2.93289665E-02
  2.93562245E-02  2.94073280E-02  2.94523276E-02  2.94739269E-02  2.90517882E-02
  2.92197876E-02  2.94480342E-02  2.96748355E-02  2.98796408E-02  3.04934196E-02
  3.05120014E-02  3.05470545E-02  3.06090713E-02  3.06675974E-02  3.06904372E-02
  3.00536789E-02  3.03404499E-02  3.07115484E-02  3.11021395E-02  3.14544551E-02
  3.17317583E-02  3.19773592E-02  3.21624912E-02  3.22110802E-02  3.22438143E-02
  3.22766267E-02  3.22792083E-02  3.23096178E-02  3.24997567E-02  3.28505263E-02
  3.32036614E-02  3.35408561E-02  3.38559151E-02  3.41474302E-02  3.44087183E-02
  3.46444212E-02  3.48551124E-02  3.50385942E-02  3.51976641E-02  3.53336036E-02
  3.54473330E-02  3.55383120E-02  3.56100835E-02  3.57697420E-02
     2  'FLUX 42     '       2      64
  5.45642897E-02  5.45723140E-02  5.45879081E-02  5.46393842E-02  5.46773188E-02
  5.46810478E-02  5.46665788E-02  5.50218225E-02  5.50210178E-02  5.50463684E-02
  5.50975986E-02  5.51665202E-02  5.51388599E-02  5.47192432E-02  5.48561513E-02
  5.50193191E-02  5.52513599E-02  5.54465577E-02  5.62397502E-02  5.62565662E-02
  5.62926121E-02  5.63538224E-02  5.63948415E-02  5.64237311E-02  5.56455478E-02
  5.59583530E-02  5.63644841E-02  5.67562170E-02  5.71285561E-02  5.83431087E-02
  5.83693385E-02  5.84149696E-02  5.84883578E-02  5.85500486E-02  5.85771911E-02
  5.74442521E-02  5.79605103E-02  5.86109273E-02  5.92672229E-02  5.98587319E-02
  6.03209399E-02  6.07441850E-02  6.10711761E-02  6.11568838E-02  6.12122864E-02
  6.12657443E-02  6.12664782E-02  6.13133758E-02  6.16480373E-02  6.22775108E-02
  6.29197583E-02  6.35377839E-02  6.41183555E-02  6.46576136E-02  6.51425123E-02
  6.55810013E-02  6.59737438E-02  6.63163736E-02  6.66138455E-02  6.68683872E-02
  6.70815930E-02  6.72523454E-02  6.73872605E-02  6.76871911E-02
     2  'FLUX 43     '       2      64
  8.48741904E-02  8.48809853E-02  8.49437416E-02  8.51644874E-02  8.54023546E-02
  8.54191631E-02  8.54730159E-02  8.56199786E-02  8.56328160E-02  8.57278705E-02
  8.59477073E-02  8.62529725E-02  8.62503797E-02  8.56148452E-02  8.58366117E-02
  8.61080512E-02  8.66695121E-02  8.69399235E-02  8.76659304E-02  8.77266377E-02
  8.78574178E-02  8.81204605E-02  8.83863568E-02  8.84882137E-02  8.72410983E-02
  8.77300799E-02  8.84631500E-02  8.92343968E-02  8.98652002E-02  9.14044604E-02
  9.14856270E-02  9.16511416E-02  9.19643790E-02  9.22768116E-02  9.23921764E-02
  9.04001519E-02  9.12869573E-02  9.24899876E-02  9.38433632E-02  9.50453430E-02
  9.59725678E-02  9.67922732E-02  9.74115431E-02  9.75782946E-02  9.76931676E-02
  9.78118852E-02  9.78272557E-02  9.79400650E-02  9.85991284E-02  9.97233614E-02
  1.00820944E-01  1.01855457E-01  1.02815390E-01  1.03700161E-01  1.04491211E-01
  1.05204083E-01  1.05841056E-01  1.06395729E-01  1.06876768E-01  1.07288040E-01
  1.07632309E-01  1.07907765E-01  1.08125001E-01  1.08609974E-01
     2  'FLUX 44     '       2      64
  1.09423429E-01  1.09432153E-01  1.09506384E-01  1.09758303E-01  1.10023089E-01
  1.10042259E-01  1.10103920E-01  1.10341027E-01  1.10356390E-01  1.10466957E-01
  1.10718377E-01  1.11061938E-01  1.11053169E-01  1.10271506E-01  1.10544451E-01
  1.10879146E-01  1.11545563E-01  1.11886375E-01  1.12848453E-01  1.12919137E-01
  1.13070980E-01  1.13371283E-01  1.13665722E-01  1.13783501E-01  1.12258106E-01
  1.12859130E-01  1.13747150E-01  1.14676945E-01  1.15449131E-01  1.17389053E-01
  1.17483415E-01  1.17673755E-01  1.18029103E-01  1.18377179E-01  1.18507683E-01
  1.16103068E-01  1.17179669E-01  1.18626006E-01  1.20235972E-01  1.21665739E-01
  1.22765042E-01  1.23738393E-01  1.24470361E-01  1.24667555E-01  1.24801591E-01
  1.24938630E-01  1.24954760E-01  1.25084296E-01  1.25860155E-01  1.27215937E-01
  1.28554344E-01  1.29823834E-01  1.31007135E-01  1.32101625E-01  1.33083433E-01
  1.33970484E-01  1.34764895E-01  1.35458186E-01  1.36060655E-01  1.36576638E-01
  1.37009323E-01  1.37356266E-01  1.37630656E-01  1.38240889E-01
     2  'FLUX 45     '       2      64
  2.96014398E-01  2.96030283E-01  2.96213657E-01  2.96827734E-01  2.97473699E-01
  2.97520667E-01  2.97683477E-01  2.98216939E-01  2.98256129E-01  2.98526406E-01
  2.99141169E-01  2.99975574E-01  2.99958259E-01  2.98092961E-01  2.98750937E-01
  2.99558342E-01  3.01182032E-01  3.01997125E-01  3.04233670E-01  3.04407179E-01
  3.04779291E-01  3.05514812E-01  3.06232810E-01  3.06521624E-01  3.02883953E-01
  3.04319263E-01  3.06454748E-01  3.08699787E-01  3.10550153E-01  3.15078199E-01
  3.15307945E-01  3.15772653E-01  3.16640556E-01  3.17487866E-01  3.17807853E-01
  3.12111318E-01  3.14670473E-01  3.18118393E-01  3.21969897E-01  3.25353980E-01
  3.27893943E-01  3.30174416E-01  3.31907809E-01  3.32375824E-01  3.32684547E-01
  3.32997739E-01  3.33021730E-01  3.33315849E-01  3.35153788E-01  3.38424355E-01
  3.41693074E-01  3.44820201E-01  3.47755790E-01  3.50487351E-01  3.52951646E-01
  3.55188668E-01  3.57200831E-01  3.58964235E-01  3.60502154E-01  3.61824006E-01
  3.62936169E-01  3.63831192E-01  3.64542246E-01  3.66117656E-01
     2  'FLUX 46     '       2      64
  3.26246887E-01  3.26239735E-01  3.26372534E-01  3.26821834E-01  3.27289373E-01
  3.27324122E-01  3.27449948E-01  3.27922791E-01  3.27945113E-01  3.28142613E-01
  3.28601956E-01  3.29220265E-01  3.29201162E-01  3.27767968E-01  3.28284591E-01
  3.28905433E-01  3.30177516E-01  3.30798030E-01  3.32469612E-01  3.32603931E-01
  3.32893401E-01  3.33466113E-01  3.34013134E-01  3.34242642E-01  3.31476092E-01
  3.32575858E-01  3.34232837E-01  3.35973173E-01  3.37376863E-01  3.40497911E-01
  3.40683579E-01  3.41059953E-01  3.41765076E-01  3.42449397E-01  3.42717201E-01
  3.38543415E-01  3.40438157E-01  3.43032271E-01  3.45967501E-01  3.48420084E-01
  3.50040674E-01  3.51590127E-01  3.52815092E-01  3.53139818E-01  3.53337586E-01
  3.53501290E-01  3.53469610E-01  3.53620499E-01  3.54928434E-01  3.57524723E-01
  3.60277116E-01  3.63002092E-01  3.65622938E-01  3.68106723E-01  3.70383501E-01
  3.72475863E-01  3.74377549E-01  3.76060188E-01  3.77539665E-01  3.78820390E-01
  3.79905343E-01  3.80785346E-01  3.81490886E-01  3.83038461E-01
     2  'FLUX 47     '       2      64
  3.79864454E-01  3.79803509E-01  3.79882604E-01  3.80133301E-01  3.80417407E-01
  3.80437821E-01  3.80585730E-01  3.80436629E-01  3.80445212E-01  3.80548894E-01
  3.80825698E-01  3.81179094E-01  3.81202936E-01  3.80772620E-01  3.80990118E-01
  3.81222367E-01  3.81938934E-01  3.82096529E-01  3.81819457E-01  3.81904215E-01
  3.82085025E-01  3.82465065E-01  3.82831395E-01  3.82992357E-01  3.82281601E-01
  3.82589400E-01  3.83220166E-01  3.83953661E-01  3.84347737E-01  3.83406281E-01
  3.83520931E-01  3.83769184E-01  3.84268701E-01  3.84767741E-01  3.84988755E-01
  3.84595633E-01  3.84876043E-01  3.85432810E-01  3.86304557E-01  3.86507154E-01
  3.85707110E-01  3.85285735E-01  3.85030478E-01  3.84994060E-01  3.84829342E-01
  3.84659678E-01  3.84424865E-01  3.84239793E-01  3.83989543E-01  3.84721547E-01
  3.86090130E-01  3.87747347E-01  3.89531761E-01  3.91350299E-01  3.93112332E-01
  3.94795388E-01  3.96372080E-01  3.97803366E-01  3.99087608E-01  4.00218576E-01
  4.01191205E-01  4.01993245E-01  4.02648807E-01  4.04059678E-01
     2  'FLUX 48     '       2      64
  2.85186321E-01  2.85112232E-01  2.85099566E-01  2.84967780E-01  2.84836918E-01
  2.84828395E-01  2.84891754E-01  2.84617275E-01  2.84608543E-01  2.84548700E-01
  2.84441769E-01  2.84245551E-01  2.84260452E-01  2.84848601E-01  2.84730256E-01
  2.84539342E-01  2.84336150E-01  2.84088701E-01  2.82613605E-01  2.82591611E-01
  2.82532215E-01  2.82427669E-01  2.82282054E-01  2.82270044E-01  2.83776194E-01
  2.83244401E-01  2.82594085E-01  2.81979918E-01  2.81247884E-01  2.76982039E-01
  2.76931226E-01  2.76838243E-01  2.76698649E-01  2.76558280E-01  2.76567876E-01
  2.80490786E-01  2.78965205E-01  2.76998013E-01  2.75008798E-01  2.72378594E-01
  2.68915713E-01  2.66279846E-01  2.64392257E-01  2.63821602E-01  2.63372630E-01
  2.62840778E-01  2.62476236E-01  2.61938393E-01  2.59841204E-01  2.58039385E-01
  2.57248729E-01  2.57026672E-01  2.57161021E-01  2.57518262E-01  2.58013994E-01
  2.58581221E-01  2.59177864E-01  2.59767473E-01  2.60329127E-01  2.60847092E-01
  2.61309803E-01  2.61706114E-01  2.62044191E-01  2.62744963E-01
     2  'FLUX 49     '       2      64
  2.30368763E-01  2.30303273E-01  2.30308816E-01  2.30183154E-01  2.30080381E-01
  2.30072215E-01  2.30172098E-01  2.29543939E-01  2.29552522E-01  2.29496241E-01
  2.29387730E-01  2.29176894E-01  2.29219019E-01  2.30103746E-01  2.29898781E-01
  2.29615390E-01  2.29274035E-01  2.28913516E-01  2.26730913E-01  2.26702020E-01
  2.26618320E-01  2.26472393E-01  2.26297572E-01  2.26269290E-01  2.28450850E-01
  2.27660730E-01  2.26662681E-01  2.25736231E-01  2.24700257E-01  2.19131842E-01
  2.19041571E-01  2.18872860E-01  2.18603373E-01  2.18342185E-01  2.18313336E-01
  2.23658785E-01  2.21564427E-01  2.18788669E-01  2.15928942E-01  2.12385446E-01
  2.07999349E-01  2.04599142E-01  2.02110827E-01  2.01471701E-01  2.00865805E-01
  2.00203240E-01  1.99832007E-01  1.99167624E-01  1.96473256E-01  1.93738163E-01
  1.92098245E-01  1.91110238E-01  1.90555215E-01  1.90291107E-01  1.90240055E-01
  1.90320253E-01  1.90485358E-01  1.90701336E-01  1.90940157E-01  1.91182733E-01
  1.91415116E-01  1.91626936E-01  1.91819191E-01  1.92198828E-01
     2  'FLUX 50     '       2      64
  1.92422673E-01  1.92372128E-01  1.92396715E-01  1.92308024E-01  1.92252561E-01
  1.92246690E-01  1.92360327E-01  1.91632539E-01  1.91653147E-01  1.91614911E-01
  1.91536874E-01  1.91364110E-01  1.91414222E-01  1.92298159E-01  1.92092955E-01
  1.91820979E-01  1.91490263E-01  1.91141590E-01  1.88874319E-01  1.88850015E-01
  1.88771561E-01  1.88635841E-01  1.88477710E-01  1.88451573E-01  1.90675423E-01
  1.89868927E-01  1.88841298E-01  1.87902123E-01  1.86859310E-01  1.81204632E-01
  1.81104362E-01  1.80915311E-01  1.80608749E-01  1.80313379E-01  1.80270955E-01
  1.85806781E-01  1.83652103E-01  1.80747360E-01  1.77728847E-01  1.74034074E-01
  1.69520542E-01  1.65988490E-01  1.63385570E-01  1.62710503E-01  1.62091002E-01
  1.61418557E-01  1.61037326E-01  1.60383090E-01  1.57563925E-01  1.54565930E-01
  1.52646407E-01  1.51382565E-01  1.50563225E-01  1.50049597E-01  1.49770260E-01
  1.49641171E-01  1.49616569E-01  1.49664864E-01  1.49756417E-01  1.49871588E-01
  1.49996102E-01  1.50120229E-01  1.50241822E-01  1.50468946E-01
     2  'FLUX 51     '       2      64
  2.36955240E-01  2.36904070E-01  2.36956403E-01  2.36869395E-01  2.36832380E-01
  2.36826375E-01  2.36982733E-01  2.35986575E-01  2.36025602E-01  2.35991731E-01
  2.35912710E-01  2.35710219E-01  2.35777646E-01  2.36907348E-01  2.36650273E-01
  2.36316428E-01  2.35895962E-01  2.35467792E-01  2.32454583E-01  2.32426286E-01
  2.32324138E-01  2.32144982E-01  2.31935069E-01  2.31901407E-01  2.34861508E-01
  2.33793467E-01  2.32414067E-01  2.31163621E-01  2.29782626E-01  2.22139969E-01
  2.21993327E-01  2.21712261E-01  2.21248150E-01  2.20799670E-01  2.20725790E-01
  2.28373379E-01  2.25425392E-01  2.21384421E-01  2.17141554E-01  2.11963624E-01
  2.05659807E-01  2.00681224E-01  1.97000623E-01  1.95940137E-01  1.95122540E-01
  1.94213346E-01  1.93671972E-01  1.92780092E-01  1.88737407E-01  1.84367582E-01
  1.81498721E-01  1.79548576E-01  1.78226739E-01  1.77341565E-01  1.76797524E-01
  1.76476136E-01  1.76313758E-01  1.76267996E-01  1.76296502E-01  1.76371500E-01
  1.76472634E-01  1.76586822E-01  1.76708743E-01  1.76923275E-01
     2  'FLUX 52     '       2      64
  4.75279331E-01  4.75205511E-01  4.75403041E-01  4.75407094E-01  4.75540370E-01
  4.75540966E-01  4.75941062E-01  4.73743558E-01  4.73867983E-01  4.73888963E-01
  4.73896354E-01  4.73680079E-01  4.73831028E-01  4.75871503E-01  4.75462019E-01
  4.74950403E-01  4.74379838E-01  4.73670959E-01  4.67469633E-01  4.67450649E-01
  4.67305869E-01  4.67060208E-01  4.66741949E-01  4.66724813E-01  4.72533494E-01
  4.70468640E-01  4.67818975E-01  4.65508044E-01  4.62857127E-01  4.46808219E-01
  4.46498692E-01  4.45900977E-01  4.44912612E-01  4.43952441E-01  4.43804383E-01
  4.60054815E-01  4.53919590E-01  4.45349544E-01  4.36287433E-01  4.25021201E-01
  4.11067277E-01  3.99980754E-01  3.91646475E-01  3.89367223E-01  3.87500048E-01
  3.85447115E-01  3.84390771E-01  3.82354826E-01  3.73205453E-01  3.63252997E-01
  3.56657952E-01  3.52123618E-01  3.49004418E-01  3.46873879E-01  3.45521033E-01
  3.44680101E-01  3.44208777E-01  3.44012916E-01  3.43996435E-01  3.44096273E-01
  3.44266266E-01  3.44476491E-01  3.44712704E-01  3.45114380E-01
     2  'FLUX 53     '       2      64
  6.95038140E-01  6.94999635E-01  6.95503712E-01  6.96035028E-01  6.96798921E-01
  6.96835518E-01  6.97598457E-01  6.94439948E-01  6.94711685E-01  6.94997907E-01
  6.95513606E-01  6.95830524E-01  6.96055353E-01  6.97788656E-01  6.97648168E-01
  6.97525203E-01  6.97781503E-01  6.97376072E-01  6.89408898E-01  6.89510465E-01
  6.89548433E-01  6.89661086E-01  6.89638674E-01  6.89800262E-01  6.96267724E-01
  6.94074094E-01  6.91378593E-01  6.89338088E-01  6.86569631E-01  6.64861023E-01
  6.64486647E-01  6.63760185E-01  6.62583828E-01  6.61426961E-01  6.61323965E-01
  6.83315992E-01  6.75378442E-01  6.63950384E-01  6.51806772E-01  6.35865271E-01
  6.15136504E-01  5.98539531E-01  5.85870147E-01  5.82439065E-01  5.79602957E-01
  5.76376736E-01  5.74933767E-01  5.71892321E-01  5.57774365E-01  5.42728186E-01
  5.32967389E-01  5.26410699E-01  5.22038043E-01  5.19181490E-01  5.17499626E-01
  5.16585529E-01  5.16216218E-01  5.16239107E-01  5.16507149E-01  5.16921520E-01
  5.17409384E-01  5.17920434E-01  5.18435955E-01  5.19372463E-01
     2  'FLUX 54     '       2      64
  1.49911785E+00  1.49922931E+00  1.50113165E+00  1.50459766E+00  1.50869632E+00
  1.50894785E+00  1.51143324E+00  1.50527143E+00  1.50614703E+00  1.50785911E+00
  1.51126873E+00  1.51493454E+00  1.51545191E+00  1.51325607E+00  1.51507127E+00
  1.51765645E+00  1.52363026E+00  1.52557123E+00  1.51474059E+00  1.51558387E+00
  1.51697958E+00  1.51974916E+00  1.52213871E+00  1.52345371E+00  1.52598917E+00
  1.52573657E+00  1.52659249E+00  1.52958143E+00  1.52980793E+00  1.49751627E+00
  1.49739373E+00  1.49719656E+00  1.49717617E+00  1.49706793E+00  1.49774563E+00
  1.52795005E+00  1.51879609E+00  1.50447345E+00  1.48969400E+00  1.46510112E+00
  1.42724156E+00  1.39717615E+00  1.37421727E+00  1.36727941E+00  1.36243308E+00
  1.35646629E+00  1.35353374E+00  1.34811735E+00  1.32201231E+00  1.29637253E+00
  1.28157747E+00  1.27313530E+00  1.26888967E+00  1.26745939E+00  1.26805210E+00
  1.26989412E+00  1.27252591E+00  1.27559161E+00  1.27881742E+00  1.28200555E+00
  1.28500581E+00  1.28769505E+00  1.29007602E+00  1.29474699E+00
     2  'FLUX 55     '       2      64
  2.59692454E+00  2.59764791E+00  2.60331964E+00  2.61671996E+00  2.63168550E+00
  2.63268304E+00  2.63981867E+00  2.62969470E+00  2.63198876E+00  2.63838911E+00
  2.65173411E+00  2.66795969E+00  2.66916656E+00  2.64748764E+00  2.65690851E+00
  2.66995597E+00  2.69769883E+00  2.70925856E+00  2.70898867E+00  2.71250033E+00
  2.71941519E+00  2.73301148E+00  2.74594927E+00  2.75148058E+00  2.71867347E+00
  2.73252702E+00  2.75594234E+00  2.78564382E+00  2.80650401E+00  2.80243897E+00
  2.80496597E+00  2.81023049E+00  2.82062197E+00  2.83053565E+00  2.83526397E+00
  2.82092595E+00  2.83412576E+00  2.84899998E+00  2.86883545E+00  2.86873150E+00
  2.83851337E+00  2.81594205E+00  2.79795671E+00  2.79271173E+00  2.78827882E+00
  2.78339338E+00  2.77999282E+00  2.77552652E+00  2.75594378E+00  2.74795866E+00
  2.75362372E+00  2.76627660E+00  2.78288674E+00  2.80164289E+00  2.82114649E+00
  2.84068131E+00  2.85966039E+00  2.87745667E+00  2.89385295E+00  2.90862942E+00
  2.92160249E+00  2.93254089E+00  2.94164968E+00  2.95999408E+00
     2  'FLUX 56     '       2      64
  4.38056850E+00  4.38292646E+00  4.39746857E+00  4.43650436E+00  4.47905779E+00
  4.48200655E+00  4.50036716E+00  4.48589182E+00  4.49123573E+00  4.50968456E+00
  4.54906273E+00  4.59905577E+00  4.60180712E+00  4.52364540E+00  4.55382967E+00
  4.59556866E+00  4.68285608E+00  4.72111273E+00  4.76615286E+00  4.77683401E+00
  4.79933405E+00  4.84351063E+00  4.88670397E+00  4.90376472E+00  4.75758982E+00
  4.81544781E+00  4.90831375E+00  5.01833582E+00  5.10400295E+00  5.23256922E+00
  5.24426270E+00  5.26847219E+00  5.31453371E+00  5.35898066E+00  5.37645912E+00
  5.17269039E+00  5.27077818E+00  5.40274382E+00  5.56087780E+00  5.68126059E+00
  5.73463774E+00  5.78507328E+00  5.82546997E+00  5.83634138E+00  5.84262705E+00
  5.84917593E+00  5.84775114E+00  5.85426331E+00  5.90759754E+00  6.01328564E+00
  6.12320423E+00  6.23094034E+00  6.33406830E+00  6.43161011E+00  6.52141571E+00
  6.60431480E+00  6.68008041E+00  6.74776411E+00  6.80785561E+00  6.86042023E+00
  6.90544558E+00  6.94256735E+00  6.97275591E+00  7.03322124E+00
     2  'FLUX 57     '       2      64
  3.05346417E+00  3.05604362E+00  3.06927919E+00  3.10688066E+00  3.14735174E+00
  3.15019608E+00  3.16701007E+00  3.15962124E+00  3.16425800E+00  3.18207622E+00
  3.22037244E+00  3.26981568E+00  3.27213740E+00  3.18990159E+00  3.22024560E+00
  3.26252508E+00  3.34969950E+00  3.38905668E+00  3.45241666E+00  3.46298122E+00
  3.48595858E+00  3.53097701E+00  3.57543182E+00  3.59241533E+00  3.42841744E+00
  3.49215841E+00  3.59286976E+00  3.71048093E+00  3.80534029E+00  3.99197483E+00
  4.00554800E+00  4.03362513E+00  4.08656883E+00  4.13784790E+00  4.15677834E+00
  3.88450551E+00  4.00687838E+00  4.17600346E+00  4.37746000E+00  4.55187321E+00
  4.66876650E+00  4.76904631E+00  4.84885406E+00  4.87057257E+00  4.88524914E+00
  4.90024424E+00  4.90189266E+00  4.91610432E+00  5.02042055E+00  5.18870640E+00
  5.34538937E+00  5.48946428E+00  5.62126780E+00  5.74172020E+00  5.84955740E+00
  5.94694757E+00  6.03435183E+00  6.11125851E+00  6.17869616E+00  6.23707867E+00
  6.28665066E+00  6.32723093E+00  6.35999918E+00  6.42448425E+00
     2  'FLUX 58     '       2      64
  2.29475808E+00  2.29736924E+00  2.30895019E+00  2.34277320E+00  2.37892008E+00
  2.38147306E+00  2.39611983E+00  2.39251137E+00  2.39649510E+00  2.41261935E+00
  2.44727230E+00  2.49239898E+00  2.49431515E+00  2.41687655E+00  2.44475412E+00
  2.48388815E+00  2.56353903E+00  2.60032272E+00  2.66668129E+00  2.67633319E+00
  2.69768262E+00  2.73943043E+00  2.78091168E+00  2.79643750E+00  2.63781047E+00
  2.69895267E+00  2.79465723E+00  2.90604210E+00  2.99753642E+00  3.19512558E+00
  3.20855713E+00  3.23633194E+00  3.28854465E+00  3.33929682E+00  3.35739350E+00
  3.07525778E+00  3.19884205E+00  3.37130427E+00  3.57687044E+00  3.76346111E+00
  3.90188265E+00  4.01551294E+00  4.10415792E+00  4.12822819E+00  4.14495850E+00
  4.16224623E+00  4.16525459E+00  4.18193054E+00  4.29705286E+00  4.47974634E+00
  4.64623070E+00  4.79683447E+00  4.93279362E+00  5.05565786E+00  5.16462469E+00
  5.26225233E+00  5.34926176E+00  5.42537689E+00  5.49179173E+00  5.54904842E+00
  5.59749556E+00  5.63706064E+00  5.66894150E+00  5.73074341E+00
     2  'FLUX 59     '       2      64
  1.69065428E+00  1.69304550E+00  1.70256555E+00  1.73072910E+00  1.76070249E+00
  1.76282382E+00  1.77485311E+00  1.77307022E+00  1.77633250E+00  1.78984976E+00
  1.81884789E+00  1.85677123E+00  1.85830545E+00  1.79220700E+00  1.81565273E+00
  1.84884262E+00  1.91572404E+00  1.94711435E+00  2.00660300E+00  2.01473451E+00
  2.03292465E+00  2.06843877E+00  2.10385633E+00  2.11693382E+00  1.97935069E+00
  2.03211761E+00  2.11428809E+00  2.21004343E+00  2.28960681E+00  2.46915126E+00
  2.48106194E+00  2.50569820E+00  2.55194545E+00  2.59699464E+00  2.61270714E+00
  2.35788536E+00  2.46793747E+00  2.62245798E+00  2.80717564E+00  2.97914696E+00
  3.11248517E+00  3.21910572E+00  3.30135798E+00  3.32377696E+00  3.33944106E+00
  3.35574102E+00  3.35895181E+00  3.37482166E+00  3.48232508E+00  3.65234494E+00
  3.80576944E+00  3.94343948E+00  4.06687021E+00  4.17774391E+00  4.27558422E+00
  4.36285257E+00  4.44032192E+00  4.50787306E+00  4.56665134E+00  4.61720514E+00
  4.65990019E+00  4.69473410E+00  4.72279167E+00  4.77641392E+00
     2  'FLUX 60     '       2      64
  1.53112519E+00  1.53371000E+00  1.54318595E+00  1.57137811E+00  1.60130644E+00
  1.60342741E+00  1.61544156E+00  1.61413550E+00  1.61739314E+00  1.63102353E+00
  1.66019332E+00  1.69842350E+00  1.69994938E+00  1.63285315E+00  1.65641582E+00
  1.69007862E+00  1.75737655E+00  1.78933394E+00  1.85121596E+00  1.85944283E+00
  1.87801051E+00  1.91421342E+00  1.95041633E+00  1.96364224E+00  1.82225287E+00
  1.87627470E+00  1.96016991E+00  2.05829239E+00  2.14049315E+00  2.33057022E+00
  2.34310484E+00  2.36905241E+00  2.41772699E+00  2.46521282E+00  2.48149896E+00
  2.21153831E+00  2.32697105E+00  2.48989224E+00  2.68545175E+00  2.87065768E+00
  3.01789427E+00  3.13329649E+00  3.22173309E+00  3.24579549E+00  3.26277041E+00
  3.28041959E+00  3.28411818E+00  3.30143595E+00  3.41821003E+00  3.60288692E+00
  3.76849508E+00  3.91628742E+00  4.04816580E+00  4.16612005E+00  4.26984739E+00
  4.36206818E+00  4.44369793E+00  4.51471281E+00  4.57638121E+00  4.62933254E+00
  4.67399216E+00  4.71041727E+00  4.73975945E+00  4.79506016E+00
     2  'FLUX 61     '       2      64
  1.51379716E+00  1.51679552E+00  1.52715504E+00  1.55807161E+00  1.59086001E+00
  1.59318244E+00  1.60646474E+00  1.60472977E+00  1.60832024E+00  1.62338614E+00
  1.65556431E+00  1.69778907E+00  1.69952333E+00  1.62557304E+00  1.65135181E+00
  1.68859804E+00  1.76265407E+00  1.79801202E+00  1.86660969E+00  1.87573886E+00
  1.89652407E+00  1.93702483E+00  1.97764015E+00  1.99232233E+00  1.83449304E+00
  1.89455914E+00  1.98786259E+00  2.09763718E+00  2.19014144E+00  2.40694094E+00
  2.42139149E+00  2.45135474E+00  2.50756812E+00  2.56249857E+00  2.58105469E+00
  2.27055669E+00  2.40208316E+00  2.58897281E+00  2.81464911E+00  3.03132176E+00
  3.20642543E+00  3.34140515E+00  3.44468141E+00  3.47276783E+00  3.49248290E+00
  3.51313329E+00  3.51768184E+00  3.53793740E+00  3.67642260E+00  3.89493394E+00
  4.08962011E+00  4.26245546E+00  4.41599083E+00  4.55275869E+00  4.67264128E+00
  4.77890491E+00  4.87270641E+00  4.95413828E+00  5.02471972E+00  5.08523035E+00
  5.13620615E+00  5.17777443E+00  5.21127272E+00  5.27344608E+00
     2  'FLUX 62     '       2      64
  1.26267898E+00  1.26562262E+00  1.27525985E+00  1.30398154E+00  1.33444965E+00
  1.33660579E+00  1.34915888E+00  1.34662008E+00  1.35000837E+00  1.36413872E+00
  1.39424300E+00  1.43375337E+00  1.43546760E+00  1.36689484E+00  1.39066219E+00
  1.42549241E+00  1.49440885E+00  1.52741003E+00  1.59042108E+00  1.59901655E+00
  1.61875606E+00  1.65720487E+00  1.69586992E+00  1.70970225E+00  1.56142187E+00
  1.61762178E+00  1.70510375E+00  1.80892801E+00  1.89683473E+00  2.10376024E+00
  2.11789060E+00  2.14724779E+00  2.20236564E+00  2.25631642E+00  2.27428341E+00
  1.97362840E+00  2.09984636E+00  2.28058577E+00  2.50056863E+00  2.71423149E+00
  2.88862324E+00  3.02083254E+00  3.12198758E+00  3.14944887E+00  3.16885948E+00
  3.18892789E+00  3.19345403E+00  3.21329069E+00  3.35199308E+00  3.57034826E+00
  3.76365066E+00  3.93438029E+00  4.08537531E+00  4.21934223E+00  4.33640194E+00
  4.43985319E+00  4.53092432E+00  4.60982370E+00  4.67808771E+00  4.73652315E+00
  4.78569841E+00  4.82579947E+00  4.85814190E+00  4.91708899E+00
     2  'FLUX 63     '       2      64
  8.32712054E-01  8.35007548E-01  8.42062473E-01  8.62930298E-01  8.85093868E-01
  8.86659622E-01  8.95963967E-01  8.93231452E-01  8.95761549E-01  9.06139851E-01
  9.28164065E-01  9.57042992E-01  9.58375275E-01  9.08817351E-01  9.25906241E-01
  9.51353848E-01  1.00139427E+00  1.02549219E+00  1.07021606E+00  1.07654321E+00
  1.09118211E+00  1.11967826E+00  1.14840233E+00  1.15858150E+00  1.05019963E+00
  1.09112430E+00  1.15495646E+00  1.23151255E+00  1.29664338E+00  1.44963992E+00
  1.46039045E+00  1.48277283E+00  1.52483153E+00  1.56606436E+00  1.57961476E+00
  1.35377872E+00  1.44786549E+00  1.58351207E+00  1.75005066E+00  1.91343296E+00
  2.04752350E+00  2.14731956E+00  2.22362256E+00  2.24430227E+00  2.25890827E+00
  2.27406359E+00  2.27742600E+00  2.29240513E+00  2.39961553E+00  2.56847739E+00
  2.71718287E+00  2.84794021E+00  2.96313214E+00  3.06496716E+00  3.15370369E+00
  3.23191643E+00  3.30060196E+00  3.36000180E+00  3.41131282E+00  3.45518136E+00
  3.49206543E+00  3.52215338E+00  3.54645038E+00  3.58987975E+00
     2  'FLUX 64     '       2      64
  7.48733819E-01  7.51157165E-01  7.58184254E-01  7.78741658E-01  8.00621152E-01
  8.02158713E-01  8.11538875E-01  8.07774723E-01  8.10353994E-01  8.20697427E-01
  8.42551231E-01  8.71157706E-01  8.72565746E-01  8.24153841E-01  8.40778232E-01
  8.65963459E-01  9.15168524E-01  9.39000428E-01  9.81552243E-01  9.87870216E-01
  1.00258601E+00  1.03121424E+00  1.06012857E+00  1.07028329E+00  9.63253617E-01
  1.00351882E+00  1.06648612E+00  1.14289641E+00  1.20819139E+00  1.36056483E+00
  1.37163377E+00  1.39472902E+00  1.43816996E+00  1.48081839E+00  1.49465919E+00
  1.26567686E+00  1.36039853E+00  1.49788332E+00  1.66825819E+00  1.83688700E+00
  1.97563052E+00  2.07693315E+00  2.15426683E+00  2.17528367E+00  2.19004726E+00
  2.20532870E+00  2.20875144E+00  2.22398782E+00  2.33551240E+00  2.51150632E+00
  2.66578197E+00  2.80088019E+00  2.91945982E+00  3.02393270E+00  3.11473441E+00
  3.19456339E+00  3.26450920E+00  3.32489777E+00  3.37698817E+00  3.42147064E+00
  3.45884228E+00  3.48934126E+00  3.51400352E+00  3.55721521E+00
     2  'FLUX 65     '       2      64
  6.41543984E-01  6.44017458E-01  6.50813282E-01  6.70398891E-01  6.91325366E-01
  6.92784607E-01  7.01983988E-01  6.96860790E-01  6.99431479E-01  7.09427893E-01
  7.30436802E-01  7.57872224E-01  7.59340882E-01  7.13920116E-01  7.29456127E-01
  7.53521323E-01  8.00197363E-01  8.22896123E-01  8.61014307E-01  8.67136359E-01
  8.81496668E-01  9.09424603E-01  9.37703907E-01  9.47524309E-01  8.45764816E-01
  8.83863032E-01  9.43720698E-01  1.01746762E+00  1.08075440E+00  1.22656357E+00
  1.23766994E+00  1.26090944E+00  1.30468607E+00  1.34774590E+00  1.36151099E+00
  1.13667917E+00  1.22887969E+00  1.36390042E+00  1.53322613E+00  1.70241261E+00
  1.84171367E+00  1.94109869E+00  2.01695108E+00  2.03748250E+00  2.05191731E+00
  2.06682730E+00  2.07027340E+00  2.08515310E+00  2.19786215E+00  2.37610674E+00
  2.53151464E+00  2.66694355E+00  2.78530478E+00  2.88917232E+00  2.97917771E+00
  3.05808043E+00  3.12703371E+00  3.18645453E+00  3.23762727E+00  3.28127122E+00
  3.31790781E+00  3.34782362E+00  3.37205434E+00  3.41352415E+00
     2  'FLUX 66     '       2      64
  5.10228097E-01  5.12614846E-01  5.18898785E-01  5.36638439E-01  5.55725694E-01
  5.57049334E-01  5.65704823E-01  5.58830023E-01  5.61304271E-01  5.70523858E-01
  5.89778185E-01  6.14838779E-01  6.16345465E-01  5.76377034E-01  5.90008140E-01
  6.11782014E-01  6.53674960E-01  6.74028993E-01  7.04724431E-01  7.10391819E-01
  7.23787367E-01  7.49847710E-01  7.76331246E-01  7.85389006E-01  6.94245338E-01
  7.28136837E-01  7.81859875E-01  8.49427402E-01  9.07598972E-01  1.03854144E+00
  1.04925883E+00  1.07177269E+00  1.11427808E+00  1.15619445E+00  1.16934025E+00
  9.59200680E-01  1.04438484E+00  1.17074192E+00  1.33175409E+00  1.49433231E+00
  1.62799239E+00  1.72067690E+00  1.79136848E+00  1.81060219E+00  1.82400572E+00
  1.83780825E+00  1.84097469E+00  1.85482740E+00  1.96411955E+00  2.13694835E+00
  2.28650737E+00  2.41602111E+00  2.52860045E+00  2.62691450E+00  2.71179819E+00
  2.78595662E+00  2.85056877E+00  2.90612721E+00  2.95388722E+00  2.99456310E+00
  3.02867913E+00  3.05655646E+00  3.07918453E+00  3.11684012E+00
     2  'FLUX 67     '       2      64
  3.57938290E-01  3.60008121E-01  3.65385681E-01  3.80140245E-01  3.96230698E-01
  3.97328287E-01  4.04920965E-01  3.96011680E-01  3.98248702E-01  4.06097889E-01
  4.22372729E-01  4.43457663E-01  4.44947511E-01  4.13569063E-01  4.24274564E-01
  4.42191213E-01  4.76364791E-01  4.92723703E-01  5.12402952E-01  5.17256677E-01
  5.28815925E-01  5.51348865E-01  5.74379742E-01  5.82078934E-01  5.08635163E-01
  5.35656214E-01  5.79266846E-01  6.35768712E-01  6.84406936E-01  7.89113879E-01
  7.98770487E-01  8.19172621E-01  8.57836008E-01  8.96112740E-01  9.07799006E-01
  7.27705836E-01  7.99478948E-01  9.08143997E-01  1.04975724E+00  1.19443572E+00
  1.31287813E+00  1.39206469E+00  1.45256531E+00  1.46899641E+00  1.48033667E+00
  1.49205291E+00  1.49465752E+00  1.50652897E+00  1.60458732E+00  1.75923121E+00
  1.89164650E+00  2.00534534E+00  2.10348248E+00  2.18865919E+00  2.26186848E+00
  2.32556558E+00  2.38086700E+00  2.42830229E+00  2.46899700E+00  2.50360465E+00
  2.53260612E+00  2.55632949E+00  2.57564044E+00  2.60670424E+00
     2  'FLUX 68     '       2      64
  1.96251646E-01  1.97695792E-01  2.01648787E-01  2.12054193E-01  2.23728061E-01
  2.24503040E-01  2.30296999E-01  2.19647378E-01  2.21425146E-01  2.27130041E-01
  2.38879815E-01  2.54016668E-01  2.55375564E-01  2.36042887E-01  2.42714405E-01
  2.54874617E-01  2.77877897E-01  2.88280874E-01  2.93604463E-01  2.97164291E-01
  3.05694371E-01  3.22447449E-01  3.39775264E-01  3.45344275E-01  2.98017144E-01
  3.15097064E-01  3.43863457E-01  3.83033454E-01  4.16357875E-01  4.80746508E-01
  4.88314778E-01  5.04459739E-01  5.35301447E-01  5.66070974E-01  5.75064600E-01
  4.46081519E-01  4.95991707E-01  5.74533761E-01  6.80638611E-01  7.90477157E-01
  8.79595041E-01  9.36311960E-01  9.79897439E-01  9.91586149E-01  9.99730706E-01
  1.00801408E+00  1.00979137E+00  1.01829302E+00  1.09343505E+00  1.21058857E+00
  1.30916297E+00  1.39272654E+00  1.46413302E+00  1.52560115E+00  1.57812667E+00
  1.62359834E+00  1.66291356E+00  1.69654441E+00  1.72533548E+00  1.74978483E+00
  1.77026224E+00  1.78704381E+00  1.80076730E+00  1.82191265E+00
     2  'FLUX 69     '       2      64
  5.02629876E-02  5.08549064E-02  5.26539832E-02  5.70203923E-02  6.23347685E-02
  6.26752153E-02  6.54648319E-02  5.65723106E-02  5.74690513E-02  5.99281378E-02
  6.50233030E-02  7.15936124E-02  7.24589229E-02  6.74717948E-02  6.93252608E-02
  7.36909360E-02  8.19365382E-02  8.49472657E-02  7.77949095E-02  7.93300495E-02
  8.29946548E-02  9.04528201E-02  9.85069871E-02  1.00874104E-01  8.73014852E-02
  9.19600800E-02  1.01138055E-01  1.15444399E-01  1.26866564E-01  1.38800874E-01
  1.42348886E-01  1.50105387E-01  1.65388748E-01  1.81103155E-01  1.85252905E-01
  1.36934951E-01  1.54347017E-01  1.84672251E-01  2.29376554E-01  2.76578069E-01
  3.14255744E-01  3.36461544E-01  3.53877664E-01  3.58428091E-01  3.61531436E-01
  3.64640027E-01  3.65266293E-01  3.68592501E-01  4.01946425E-01  4.51454222E-01
  4.91380185E-01  5.24377763E-01  5.52096784E-01  5.75666130E-01  5.95657527E-01
  6.12864256E-01  6.27678514E-01  6.40323341E-01  6.51134193E-01  6.60310864E-01
  6.68003321E-01  6.74340665E-01  6.79590464E-01  6.87123179E-01
     2  'FUNSUR  1   '       2       4
  4.95367236E-02  5.12965806E-02  4.95367199E-02  5.12965843E-02
     2  'FUNSUR  2   '       2       4
  1.89507872E-01  1.94038823E-01  1.89507857E-01  1.94038808E-01
     2  'FUNSUR  3   '       2       4
  3.78229529E-01  3.83482486E-01  3.78229529E-01  3.83482486E-01
     2  'FUNSUR  4   '       2       4
  3.51316094E-01  3.53504092E-01  3.51316094E-01  3.53504092E-01
     2  'FUNSUR  5   '       2       4
  2.65066117E-01  2.63272852E-01  2.65066117E-01  2.63272852E-01
     2  'FUNSUR  6   '       2       4
  3.45951468E-01  3.42821509E-01  3.45951468E-01  3.42821509E-01
     2  'FUNSUR  7   '       2       4
  3.02124709E-01  2.99695969E-01  3.02124679E-01  2.99696028E-01
     2  'FUNSUR  8   '       2       4
  4.27049845E-01  4.23602045E-01  4.27049845E-01  4.23602104E-01
     2  'FUNSUR  9   '       2       4
  4.70946521E-01  4.67055082E-01  4.70946521E-01  4.67055172E-01
     2  'FUNSUR 10   '       2       4
  5.18540561E-01  5.14512241E-01  5.18540561E-01  5.14512300E-01
     2  'FUNSUR 11   '       2       4
  5.60583711E-01  5.56566119E-01  5.60583651E-01  5.56566179E-01
     2  'FUNSUR 12   '       2       4
  5.98409057E-01  5.94723105E-01  5.98408997E-01  5.94723225E-01
     2  'FUNSUR 13   '       2       4
  6.24426246E-01  6.21119976E-01  6.24426126E-01  6.21120095E-01
     2  'FUNSUR 14   '       2       4
  6.44785941E-01  6.41961217E-01  6.44785821E-01  6.41961277E-01
     2  'FUNSUR 15   '       2       4
  6.59591675E-01  6.57186627E-01  6.59591615E-01  6.57186747E-01
     2  'FUNSUR 16   '       2       4
  6.08122051E-01  6.06279731E-01  6.08121991E-01  6.06279850E-01
     2  'FUNSUR 17   '       2       4
  6.16386473E-01  6.14847422E-01  6.16386354E-01  6.14847481E-01
     2  'FUNSUR 18   '       2       4
  6.24455452E-01  6.23170316E-01  6.24455392E-01  6.23170376E-01
     2  'FUNSUR 19   '       2       4
  6.30301237E-01  6.29241526E-01  6.30301118E-01  6.29241586E-01
     2  'FUNSUR 20   '       2       4
  1.27268672E+00  1.27119613E+00  1.27268660E+00  1.27119625E+00
     2  'FUNSUR 21   '       2       4
  1.27857852E+00  1.27772510E+00  1.27857840E+00  1.27772522E+00
     2  'FUNSUR 22   '       2       4
  9.58655238E-01  9.58315194E-01  9.58655119E-01  9.58315313E-01
     2  'FUNSUR 23   '       2       4
  6.37887716E-01  6.37773216E-01  6.37887597E-01  6.37773275E-01
     2  'FUNSUR 24   '       2       4
  7.73926973E-01  7.73916423E-01  7.73926914E-01  7.73916483E-01
     2  'FUNSUR 25   '       2       4
  7.68577218E-01  7.68694401E-01  7.68577158E-01  7.68694520E-01
     2  'FUNSUR 26   '       2       4
  6.67931139E-01  6.68097615E-01  6.67931139E-01  6.68097615E-01
     2  'FUNSUR 27   '       2       4
  1.23826075E+00  1.23879051E+00  1.23826051E+00  1.23879063E+00
     2  'FUNSUR 28   '       2       4
  2.73259968E-01  2.73398489E-01  2.73259908E-01  2.73398519E-01
     2  'FUNSUR 29   '       2       4
  3.36314797E-01  3.36488873E-01  3.36314797E-01  3.36488873E-01
     2  'FUNSUR 30   '       2       4
  3.06055278E-01  3.06214690E-01  3.06055248E-01  3.06214720E-01
     2  'FUNSUR 31   '       2       4
  4.92364317E-01  4.92616922E-01  4.92364228E-01  4.92616981E-01
     2  'FUNSUR 32   '       2       4
  2.13385046E-01  2.13493273E-01  2.13385031E-01  2.13493317E-01
     2  'FUNSUR 33   '       2       4
  1.85368061E-01  1.85461357E-01  1.85368046E-01  1.85461387E-01
     2  'FUNSUR 34   '       2       4
  3.62393893E-02  3.62576135E-02  3.62393856E-02  3.62576172E-02
     2  'FUNSUR 35   '       2       4
  3.58801037E-02  3.58981453E-02  3.58801000E-02  3.58981527E-02
     2  'FUNSUR 36   '       2       4
  3.68583389E-02  3.68768461E-02  3.68583351E-02  3.68768498E-02
     2  'FUNSUR 37   '       2       4
  3.78580391E-02  3.78769785E-02  3.78580354E-02  3.78769860E-02
     2  'FUNSUR 38   '       2       4
  3.73527259E-02  3.73712927E-02  3.73527221E-02  3.73712964E-02
     2  'FUNSUR 39   '       2       4
  3.68178748E-02  3.68360765E-02  3.68178748E-02  3.68360840E-02
     2  'FUNSUR 40   '       2       4
  3.78239825E-02  3.78426388E-02  3.78239788E-02  3.78426462E-02
     2  'FUNSUR 41   '       2       4
  3.56077477E-02  3.56252342E-02  3.56077440E-02  3.56252380E-02
     2  'FUNSUR 42   '       2       4
  6.73842728E-02  6.74173683E-02  6.73842654E-02  6.74173757E-02
     2  'FUNSUR 43   '       2       4
  1.08112738E-01  1.08165652E-01  1.08112723E-01  1.08165666E-01
     2  'FUNSUR 44   '       2       4
  1.37623385E-01  1.37689590E-01  1.37623370E-01  1.37689605E-01
     2  'FUNSUR 45   '       2       4
  3.64548475E-01  3.64718646E-01  3.64548445E-01  3.64718705E-01
     2  'FUNSUR 46   '       2       4
  3.81557524E-01  3.81723553E-01  3.81557524E-01  3.81723583E-01
     2  'FUNSUR 47   '       2       4
  4.02822256E-01  4.02973980E-01  4.02822196E-01  4.02974069E-01
     2  'FUNSUR 48   '       2       4
  2.62251884E-01  2.62329787E-01  2.62251854E-01  2.62329847E-01
     2  'FUNSUR 49   '       2       4
  1.92023873E-01  1.92067683E-01  1.92023858E-01  1.92067698E-01
     2  'FUNSUR 50   '       2       4
  1.50432020E-01  1.50459141E-01  1.50432020E-01  1.50459155E-01
     2  'FUNSUR 51   '       2       4
  1.76961139E-01  1.76987380E-01  1.76961124E-01  1.76987410E-01
     2  'FUNSUR 52   '       2       4
  3.45257074E-01  3.45304251E-01  3.45257044E-01  3.45304281E-01
     2  'FUNSUR 53   '       2       4
  5.19290864E-01  5.19387126E-01  5.19290864E-01  5.19387186E-01
     2  'FUNSUR 54   '       2       4
  1.29212046E+00  1.29255629E+00  1.29212046E+00  1.29255629E+00
     2  'FUNSUR 55   '       2       4
  2.94614291E+00  2.94777060E+00  2.94614291E+00  2.94777083E+00
     2  'FUNSUR 56   '       2       4
  6.98474026E+00  6.98986483E+00  6.98474026E+00  6.98986578E+00
     2  'FUNSUR 57   '       2       4
  6.37345982E+00  6.37866402E+00  6.37345934E+00  6.37866497E+00
     2  'FUNSUR 58   '       2       4
  5.68290043E+00  5.68770933E+00  5.68290043E+00  5.68770981E+00
     2  'FUNSUR 59   '       2       4
  4.73592281E+00  4.73995113E+00  4.73592234E+00  4.73995161E+00
     2  'FUNSUR 60   '       2       4
  4.75438595E+00  4.75839758E+00  4.75438595E+00  4.75839758E+00
     2  'FUNSUR 61   '       2       4
  5.22904396E+00  5.23338175E+00  5.22904396E+00  5.23338223E+00
     2  'FUNSUR 62   '       2       4
  4.87647247E+00  4.88039780E+00  4.87647247E+00  4.88039827E+00
     2  'FUNSUR 63   '       2       4
  3.56112909E+00  3.56387448E+00  3.56112909E+00  3.56387496E+00
     2  'FUNSUR 64   '       2       4
  3.52976990E+00  3.53235722E+00  3.52977014E+00  3.53235722E+00
     2  'FUNSUR 65   '       2       4
  3.38844824E+00  3.39077497E+00  3.38844824E+00  3.39077497E+00
     2  'FUNSUR 66   '       2       4
  3.09539247E+00  3.09734273E+00  3.09539247E+00  3.09734297E+00
     2  'FUNSUR 67   '       2       4
  2.59028172E+00  2.59173632E+00  2.59028172E+00  2.59173703E+00
     2  'FUNSUR 68   '       2       4
  1.81179166E+00  1.81265497E+00  1.81179190E+00  1.81265533E+00
     2  'FUNSUR 69   '       2       4
  6.84176683E-01  6.84407532E-01  6.84176683E-01  6.84407592E-01
     2  '1/EIGENVALUE'       2       1
  1.10168445E+00
     1  'K-EFFECTIVE '       2       1
  1.10168445E+00
     1  'K-INFINITY  '       2       1
  1.10168445E+00
     1  'EPS-CONVERGE'       2       5
  4.99999987E-05  9.99999975E-06  4.99999987E-05  1.00000000E+01  1.00000000E+02
     1  'STATE-VECTOR'       1      40
       -99         0         3         3         1       138       127         0
        69        64         0         1         0         0         0         0
         0         0         0         0         0         0         0         0
         0         0         0         0         0         0         0         0
         0         0         0         0         0         0         0         0
