     1  'SIGNATURE   '       3      12
L_FLUX      
     1  'FLUXDIRECT  '       0      -1
     2  'FLUX  1     '       2      64
  4.09910083E-01  4.08759862E-01  4.08145696E-01  3.98312360E-01  3.88173163E-01
  3.87673497E-01  3.83295357E-01  4.04199421E-01  4.06760216E-01  4.05036002E-01
  3.95937771E-01  3.81171048E-01  3.79199475E-01  3.76277715E-01  3.77210736E-01
  3.83114100E-01  3.60031575E-01  3.67662013E-01  4.07791138E-01  4.04637814E-01
  3.97980839E-01  3.82158875E-01  3.63761067E-01  3.58383626E-01  3.66583556E-01
  3.61745775E-01  3.45129192E-01  3.33852142E-01  3.38586271E-01  3.67437541E-01
  3.63864660E-01  3.54763925E-01  3.35093319E-01  3.14050466E-01  3.06271940E-01
  3.35843980E-01  3.21952790E-01  3.01091284E-01  2.68004984E-01  2.36961469E-01
  2.09473222E-01  1.90191969E-01  1.76676914E-01  1.70732141E-01  1.65415391E-01
  1.58465654E-01  1.54864624E-01  1.48507237E-01  1.34728849E-01  1.16642676E-01
  1.02702133E-01  9.15143713E-02  8.23528841E-02  7.46281892E-02  6.85333088E-02
  6.34167641E-02  5.91015257E-02  5.56707308E-02  5.28982878E-02  5.06937131E-02
  4.90018502E-02  4.79055680E-02  4.72890437E-02  4.44369949E-02
     2  'FLUX  2     '       2      64
  1.79119027E+00  1.78720176E+00  1.78332579E+00  1.74158418E+00  1.69737566E+00
  1.69504476E+00  1.67560732E+00  1.76687753E+00  1.77574766E+00  1.76725042E+00
  1.72796929E+00  1.66557813E+00  1.65673375E+00  1.64690232E+00  1.64953125E+00
  1.66967022E+00  1.57435548E+00  1.60313594E+00  1.76818073E+00  1.75516415E+00
  1.72728777E+00  1.66163933E+00  1.58551836E+00  1.56302011E+00  1.59911954E+00
  1.58056688E+00  1.51319373E+00  1.46094310E+00  1.47216475E+00  1.58593345E+00
  1.57043993E+00  1.53166020E+00  1.44844639E+00  1.35979474E+00  1.32703447E+00
  1.45778370E+00  1.39944589E+00  1.30673623E+00  1.15995824E+00  1.02268887E+00
  9.04395580E-01  8.20861042E-01  7.61050761E-01  7.36337125E-01  7.14017928E-01
  6.85371578E-01  6.70970380E-01  6.45200372E-01  5.82945228E-01  5.00661314E-01
  4.37079161E-01  3.86057168E-01  3.44318807E-01  3.09236795E-01  2.81355470E-01
  2.57961810E-01  2.38254502E-01  2.22466096E-01  2.09642917E-01  1.99380636E-01
  1.91432044E-01  1.86085150E-01  1.82880759E-01  1.69607729E-01
     2  'FLUX  3     '       2      64
  3.79960871E+00  3.78924131E+00  3.77678919E+00  3.69304729E+00  3.60322642E+00
  3.59844685E+00  3.55551982E+00  3.73693156E+00  3.75104523E+00  3.73197722E+00
  3.65226388E+00  3.53004169E+00  3.51203942E+00  3.49847937E+00  3.50017810E+00
  3.53106713E+00  3.34018040E+00  3.38714266E+00  3.70144987E+00  3.67572045E+00
  3.62013698E+00  3.49103308E+00  3.34416866E+00  3.29931426E+00  3.37777233E+00
  3.34002829E+00  3.20592237E+00  3.09060264E+00  3.09643054E+00  3.29653978E+00
  3.26581287E+00  3.18918324E+00  3.02619886E+00  2.85502577E+00  2.79115295E+00
  3.05928230E+00  2.93944669E+00  2.74883246E+00  2.44977450E+00  2.17073631E+00
  1.93523192E+00  1.76375031E+00  1.63492930E+00  1.58276165E+00  1.53705108E+00
  1.47986376E+00  1.45284379E+00  1.40319872E+00  1.26454675E+00  1.08191979E+00
  9.40737367E-01  8.27358842E-01  7.34574735E-01  6.56704605E-01  5.94430804E-01
  5.42166471E-01  4.98145550E-01  4.62653607E-01  4.33700949E-01  4.10401165E-01
  3.92201364E-01  3.79592150E-01  3.71633053E-01  3.41744721E-01
     2  'FLUX  4     '       2      64
  4.10093498E+00  4.09774208E+00  4.08224773E+00  3.99933672E+00  3.90765285E+00
  3.90261626E+00  3.85124612E+00  4.04154682E+00  4.05260420E+00  4.03223658E+00
  3.95071721E+00  3.83032966E+00  3.81045699E+00  3.79309249E+00  3.79087758E+00
  3.81427288E+00  3.61820388E+00  3.66172266E+00  3.98247433E+00  3.95697045E+00
  3.90039015E+00  3.77019429E+00  3.62511277E+00  3.57881808E+00  3.65511441E+00
  3.62081480E+00  3.48513889E+00  3.35650492E+00  3.34722090E+00  3.54738164E+00
  3.51501465E+00  3.43500304E+00  3.26601052E+00  3.09090900E+00  3.02436638E+00
  3.30565548E+00  3.18514299E+00  2.97659993E+00  2.65099287E+00  2.35482764E+00
  2.11917257E+00  1.93095815E+00  1.77731395E+00  1.71781874E+00  1.66862309E+00
  1.60895908E+00  1.58297896E+00  1.53330696E+00  1.36196959E+00  1.14798248E+00
  9.85892475E-01  8.57146800E-01  7.52682269E-01  6.65774405E-01  5.96347988E-01
  5.38379908E-01  4.89798188E-01  4.50583637E-01  4.18590844E-01  3.92805785E-01
  3.72584134E-01  3.58284444E-01  3.48958194E-01  3.16769034E-01
     2  'FLUX  5     '       2      64
  3.99015260E+00  3.98967910E+00  3.96956086E+00  3.89470339E+00  3.80998683E+00
  3.80484605E+00  3.75324607E+00  3.92237282E+00  3.92243457E+00  3.89703918E+00
  3.82147455E+00  3.71791053E+00  3.69941735E+00  3.70590782E+00  3.69455838E+00
  3.68639684E+00  3.52324820E+00  3.53742814E+00  3.77240133E+00  3.75038385E+00
  3.70112872E+00  3.59332752E+00  3.47664046E+00  3.43757248E+00  3.52747464E+00
  3.49521065E+00  3.37972093E+00  3.24065185E+00  3.18795657E+00  3.28369331E+00
  3.25428724E+00  3.18541598E+00  3.04429984E+00  2.90130234E+00  2.84733796E+00
  3.13135886E+00  3.01520348E+00  2.80919290E+00  2.49843669E+00  2.22035623E+00
  2.01302171E+00  1.83808053E+00  1.69089985E+00  1.63952529E+00  1.59933114E+00
  1.55281162E+00  1.53504455E+00  1.49565220E+00  1.31815124E+00  1.09664106E+00
  9.29043949E-01  7.96540022E-01  6.89685166E-01  6.01745367E-01  5.31261206E-01
  4.72842813E-01  4.24280971E-01  3.84924382E-01  3.52781922E-01  3.26775402E-01
  3.06172848E-01  2.90915161E-01  2.80108064E-01  2.50675797E-01
     2  'FLUX  6     '       2      64
  4.55157328E+00  4.54461956E+00  4.51747274E+00  4.44348431E+00  4.35878611E+00
  4.35262299E+00  4.30367708E+00  4.43202162E+00  4.42676020E+00  4.39839792E+00
  4.32472897E+00  4.22888422E+00  4.21301556E+00  4.25781202E+00  4.23230219E+00
  4.20482063E+00  4.04475784E+00  4.02726460E+00  4.15818453E+00  4.13747501E+00
  4.09222174E+00  3.99634194E+00  3.89667845E+00  3.86039734E+00  3.99993610E+00
  3.94630194E+00  3.81771874E+00  3.66266894E+00  3.57634115E+00  3.53280544E+00
  3.50809932E+00  3.45076680E+00  3.33652377E+00  3.22362280E+00  3.17906332E+00
  3.49352932E+00  3.35299134E+00  3.13962150E+00  2.84662056E+00  2.58375216E+00
  2.37323475E+00  2.16465402E+00  1.99230194E+00  1.94061553E+00  1.90224206E+00
  1.86006021E+00  1.84668374E+00  1.80561364E+00  1.60935533E+00  1.36654890E+00
  1.17570531E+00  1.02063596E+00  8.92842472E-01  7.85919130E-01  6.98652327E-01
  6.25440121E-01  5.63953876E-01  5.13512909E-01  4.71912831E-01  4.37928468E-01
  4.10709620E-01  3.90121400E-01  3.75021964E-01  3.37085932E-01
     2  'FLUX  7     '       2      64
  3.35959029E+00  3.35691047E+00  3.34495282E+00  3.31229138E+00  3.27676439E+00
  3.27380586E+00  3.25516653E+00  3.27595091E+00  3.27283716E+00  3.25829935E+00
  3.22461271E+00  3.18157411E+00  3.17733169E+00  3.23386812E+00  3.21141720E+00
  3.18181086E+00  3.10164738E+00  3.07495618E+00  3.05409956E+00  3.04438138E+00
  3.02265930E+00  2.97926068E+00  2.93606615E+00  2.91925383E+00  3.04674387E+00
  2.99849343E+00  2.91298342E+00  2.81125116E+00  2.73491478E+00  2.59183526E+00
  2.57787275E+00  2.54801846E+00  2.49101639E+00  2.43533015E+00  2.41384506E+00
  2.66797471E+00  2.55888653E+00  2.39940858E+00  2.19862819E+00  2.01373887E+00
  1.86396813E+00  1.72370505E+00  1.61376119E+00  1.58429754E+00  1.56332672E+00
  1.54122579E+00  1.53572297E+00  1.51132584E+00  1.37806654E+00  1.19408453E+00
  1.04083955E+00  9.12311018E-01  8.04041505E-01  7.12207735E-01  6.35869265E-01
  5.71243465E-01  5.16614974E-01  4.71295327E-01  4.33618218E-01  4.02578741E-01
  3.77437860E-01  3.57850969E-01  3.42728168E-01  3.10873836E-01
     2  'FLUX  8     '       2      64
  3.74208546E+00  3.73843050E+00  3.72708511E+00  3.69722962E+00  3.66517019E+00
  3.66239905E+00  3.65082526E+00  3.63490176E+00  3.63168311E+00  3.61795354E+00
  3.58801866E+00  3.54931903E+00  3.54846525E+00  3.63080621E+00  3.60104299E+00
  3.56337309E+00  3.48630667E+00  3.44595289E+00  3.35075998E+00  3.34240031E+00
  3.32419825E+00  3.28893900E+00  3.25498629E+00  3.24100661E+00  3.40566945E+00
  3.34112954E+00  3.24449086E+00  3.13762283E+00  3.04702473E+00  2.81646323E+00
  2.80544519E+00  2.78278184E+00  2.74095416E+00  2.70073438E+00  2.68518877E+00
  2.96765733E+00  2.84137678E+00  2.67336130E+00  2.48094940E+00  2.30219150E+00
  2.14960337E+00  2.00493789E+00  1.89582348E+00  1.86830151E+00  1.84918094E+00
  1.82949138E+00  1.82552528E+00  1.80256510E+00  1.67969263E+00  1.49534619E+00
  1.33129418E+00  1.18766558E+00  1.06259584E+00  9.53611255E-01  8.60847831E-01
  7.80775249E-01  7.11930275E-01  6.53930664E-01  6.05059922E-01  5.64309478E-01
  5.30931175E-01  5.04647136E-01  4.84193534E-01  4.41177905E-01
     2  'FLUX  9     '       2      64
  2.95935845E+00  2.95745826E+00  2.95397472E+00  2.94320250E+00  2.93296432E+00
  2.93199968E+00  2.93499637E+00  2.87858629E+00  2.87850761E+00  2.87344718E+00
  2.86255622E+00  2.84712434E+00  2.85102773E+00  2.92543960E+00  2.90127611E+00
  2.87307310E+00  2.83081818E+00  2.79664660E+00  2.66270256E+00  2.65941238E+00
  2.65209961E+00  2.63880825E+00  2.62751222E+00  2.62180853E+00  2.76153994E+00
  2.70623589E+00  2.63362169E+00  2.56253338E+00  2.49475193E+00  2.27132893E+00
  2.26591468E+00  2.25581217E+00  2.23853397E+00  2.22209072E+00  2.21577358E+00
  2.43560243E+00  2.33774304E+00  2.21262264E+00  2.08253789E+00  1.95999849E+00
  1.84848452E+00  1.74277627E+00  1.66696894E+00  1.64914501E+00  1.63698077E+00
  1.62502658E+00  1.62337875E+00  1.60867894E+00  1.53358901E+00  1.40474808E+00
  1.27980721E+00  1.16462386E+00  1.06037867E+00  9.66674924E-01  8.84818852E-01
  8.12612355E-01  7.49341428E-01  6.95165694E-01  6.48870170E-01  6.09789550E-01
  5.77433169E-01  5.51749825E-01  5.31653047E-01  4.88223761E-01
     2  'FLUX 10     '       2      64
  2.42365503E+00  2.42223883E+00  2.42223120E+00  2.42046571E+00  2.42024350E+00
  2.42017365E+00  2.42845154E+00  2.36263824E+00  2.36383080E+00  2.36294007E+00
  2.36110592E+00  2.35698128E+00  2.36228967E+00  2.42420125E+00  2.40546846E+00
  2.38452792E+00  2.36132669E+00  2.33366990E+00  2.20058322E+00  2.19979072E+00
  2.19775009E+00  2.19484305E+00  2.19395280E+00  2.19225931E+00  2.30496454E+00
  2.26005435E+00  2.20581007E+00  2.15744400E+00  2.10701108E+00  1.91437447E+00
  1.91188157E+00  1.90800536E+00  1.90250325E+00  1.89739740E+00  1.89555013E+00
  2.06325293E+00  1.98878610E+00  1.89607048E+00  1.80658925E+00  1.72130108E+00
  1.63996553E+00  1.56405520E+00  1.51225412E+00  1.50086701E+00  1.49349654E+00
  1.48645782E+00  1.48626399E+00  1.47710669E+00  1.43148923E+00  1.34024847E+00
  1.24442482E+00  1.15182722E+00  1.06503916E+00  9.84822154E-01  9.13045526E-01
  8.48479748E-01  7.90933251E-01  7.40912914E-01  6.97613955E-01  6.60645008E-01
  6.29722655E-01  6.04945540E-01  5.85368752E-01  5.42750537E-01
     2  'FLUX 11     '       2      64
  2.01850200E+00  2.01735544E+00  2.01846766E+00  2.01998925E+00  2.02312732E+00
  2.02339125E+00  2.03212738E+00  1.97324431E+00  1.97470284E+00  1.97540677E+00
  1.97694838E+00  1.97731090E+00  1.98226607E+00  2.03031015E+00  2.01637125E+00
  2.00120521E+00  1.98796999E+00  1.96683824E+00  1.85440469E+00  1.85460937E+00
  1.85469353E+00  1.85574853E+00  1.85852480E+00  1.85845494E+00  1.94476640E+00
  1.91021526E+00  1.87034631E+00  1.83711171E+00  1.80052984E+00  1.64843464E+00
  1.64735830E+00  1.64624155E+00  1.64563787E+00  1.64519870E+00  1.64518297E+00
  1.76901162E+00  1.71409070E+00  1.64672160E+00  1.58513284E+00  1.52616990E+00
  1.46792018E+00  1.41411948E+00  1.37904286E+00  1.37184632E+00  1.36747181E+00
  1.36354244E+00  1.36404812E+00  1.35848129E+00  1.33166862E+00  1.26825559E+00
  1.19644499E+00  1.12393391E+00  1.05371618E+00  9.87099707E-01  9.26141083E-01
  8.70291293E-01  8.19710493E-01  7.75122881E-01  7.36058593E-01  7.02349544E-01
  6.73885107E-01  6.50883138E-01  6.32547081E-01  5.92228711E-01
     2  'FLUX 12     '       2      64
  1.70156181E+00  1.70049250E+00  1.70224702E+00  1.70588911E+00  1.71114624E+00
  1.71160293E+00  1.71995401E+00  1.66955757E+00  1.67109132E+00  1.67279112E+00
  1.67647886E+00  1.67983794E+00  1.68422484E+00  1.71979189E+00  1.71001160E+00
  1.69972157E+00  1.69388568E+00  1.67821729E+00  1.58713913E+00  1.58796489E+00
  1.58939826E+00  1.59294879E+00  1.59792411E+00  1.59887695E+00  1.66183949E+00
  1.63641536E+00  1.60891283E+00  1.58773160E+00  1.56234360E+00  1.44657934E+00
  1.44644046E+00  1.44708240E+00  1.44949889E+00  1.45195115E+00  1.45302701E+00
  1.54035509E+00  1.50150585E+00  1.45517159E+00  1.41528964E+00  1.37619078E+00
  1.33576512E+00  1.29955232E+00  1.27713323E+00  1.27301693E+00  1.27067566E+00
  1.26883936E+00  1.26969266E+00  1.26676917E+00  1.25212109E+00  1.20837545E+00
  1.15486550E+00  1.09846413E+00  1.04211080E+00  9.87319648E-01  9.36090529E-01
  8.88340533E-01  8.44448328E-01  8.05233240E-01  7.70480812E-01  7.40187049E-01
  7.14368820E-01  6.93302870E-01  6.76316559E-01  6.39103949E-01
     2  'FLUX 13     '       2      64
  1.44155550E+00  1.44077349E+00  1.44260716E+00  1.44698524E+00  1.45272887E+00
  1.45326912E+00  1.46023107E+00  1.42044795E+00  1.42183888E+00  1.42390168E+00
  1.42829800E+00  1.43294537E+00  1.43649042E+00  1.46091998E+00  1.45450711E+00
  1.44804072E+00  1.44663751E+00  1.43581247E+00  1.36720467E+00  1.36826026E+00
  1.37022519E+00  1.37464631E+00  1.38023627E+00  1.38163221E+00  1.42451799E+00
  1.40700984E+00  1.38923967E+00  1.37685966E+00  1.36046362E+00  1.27784157E+00
  1.27822578E+00  1.27971232E+00  1.28342855E+00  1.28715312E+00  1.28868461E+00
  1.34620702E+00  1.32048202E+00  1.29063594E+00  1.26685083E+00  1.24319005E+00
  1.21684229E+00  1.19239175E+00  1.17769182E+00  1.17540288E+00  1.17435479E+00
  1.17384171E+00  1.17487204E+00  1.17346799E+00  1.16578531E+00  1.13662767E+00
  1.09810376E+00  1.05574155E+00  1.01209831E+00  9.68636334E-01  9.27146137E-01
  8.87823999E-01  8.51155341E-01  8.17970097E-01  7.88237691E-01  7.62068450E-01
  7.39569306E-01  7.21051931E-01  7.05974698E-01  6.72900379E-01
     2  'FLUX 14     '       2      64
  1.24010646E+00  1.23916662E+00  1.24093819E+00  1.24502122E+00  1.25032246E+00
  1.25075614E+00  1.25668788E+00  1.22657323E+00  1.22775006E+00  1.22966969E+00
  1.23387241E+00  1.23833728E+00  1.24108398E+00  1.25782442E+00  1.25391161E+00
  1.25014591E+00  1.25152576E+00  1.24420512E+00  1.19371378E+00  1.19476414E+00
  1.19677258E+00  1.20114350E+00  1.20622933E+00  1.20765495E+00  1.23646164E+00
  1.22471011E+00  1.21389389E+00  1.20746434E+00  1.19723189E+00  1.13879228E+00
  1.13933837E+00  1.14103246E+00  1.14489257E+00  1.14862859E+00  1.15018630E+00
  1.18812239E+00  1.17132449E+00  1.15266621E+00  1.13909292E+00  1.12403429E+00
  1.10642600E+00  1.09394455E+00  1.08845949E+00  1.08795691E+00  1.08799469E+00
  1.08835244E+00  1.08928442E+00  1.08940876E+00  1.08956432E+00  1.07229614E+00
  1.04573989E+00  1.01477134E+00  9.81669962E-01  9.47819173E-01  9.14778709E-01
  8.82924438E-01  8.52788627E-01  8.25161636E-01  8.00139666E-01  7.77905703E-01
  7.58623540E-01  7.42610335E-01  7.29438543E-01  7.00675726E-01
     2  'FLUX 15     '       2      64
  1.10072064E+00  1.09996510E+00  1.10151553E+00  1.10538840E+00  1.11017978E+00
  1.11067033E+00  1.11545503E+00  1.09228706E+00  1.09329009E+00  1.09517717E+00
  1.09917092E+00  1.10359919E+00  1.10577130E+00  1.11669230E+00  1.11443949E+00
  1.11248994E+00  1.11502719E+00  1.11033261E+00  1.07335961E+00  1.07438636E+00
  1.07635808E+00  1.08051372E+00  1.08523476E+00  1.08672345E+00  1.10532069E+00
  1.09766102E+00  1.09134805E+00  1.08868241E+00  1.08286464E+00  1.04236233E+00
  1.04307854E+00  1.04491425E+00  1.04882860E+00  1.05264151E+00  1.05425656E+00
  1.07757270E+00  1.06718886E+00  1.05633748E+00  1.04994619E+00  1.04224265E+00
  1.03123057E+00  1.02324104E+00  1.02056766E+00  1.02077889E+00  1.02123666E+00
  1.02200007E+00  1.02283001E+00  1.02329528E+00  1.02609241E+00  1.01616025E+00
  9.98076558E-01  9.75696564E-01  9.50893044E-01  9.24867153E-01  8.98919106E-01
  8.73492002E-01  8.49105716E-01  8.26477408E-01  8.05773735E-01  7.87212431E-01
  7.70985842E-01  7.57401645E-01  7.46131480E-01  7.21554220E-01
     2  'FLUX 16     '       2      64
  9.07293677E-01  9.06708300E-01  9.07955825E-01  9.11180854E-01  9.15128946E-01
  9.15512621E-01  9.18929338E-01  9.02981818E-01  9.03742015E-01  9.05305445E-01
  9.08632219E-01  9.12445903E-01  9.13968146E-01  9.20082748E-01  9.19072032E-01
  9.18378234E-01  9.21371818E-01  9.18687522E-01  8.94463420E-01  8.95326734E-01
  8.97014320E-01  9.00531709E-01  9.04452324E-01  9.05709982E-01  9.15843010E-01
  9.11587119E-01  9.08845544E-01  9.08707261E-01  9.06057239E-01  8.81187379E-01
  8.81871462E-01  8.83530736E-01  8.86963785E-01  8.90328944E-01  8.91702890E-01
  9.03509915E-01  8.98195386E-01  8.93339694E-01  8.91861737E-01  8.89031589E-01
  8.83576334E-01  8.80377531E-01  8.80167186E-01  8.80716145E-01  8.81336391E-01
  8.82209778E-01  8.82914305E-01  8.83750498E-01  8.87255549E-01  8.82199764E-01
  8.70897412E-01  8.56053948E-01  8.39030206E-01  8.20739269E-01  8.02147031E-01
  7.83658862E-01  7.65708864E-01  7.48871684E-01  7.33325958E-01  7.19277978E-01
  7.06908703E-01  6.96479619E-01  6.87761903E-01  6.68781817E-01
     2  'FLUX 17     '       2      64
  8.13302934E-01  8.12317848E-01  8.13562870E-01  8.16603243E-01  8.20137739E-01
  8.20579708E-01  8.24394524E-01  8.11407089E-01  8.12125564E-01  8.13641965E-01
  8.16871107E-01  8.20312619E-01  8.21682215E-01  8.25893104E-01  8.25859547E-01
  8.26220393E-01  8.30696523E-01  8.29189956E-01  8.10327590E-01  8.11217964E-01
  8.12953353E-01  8.16467524E-01  8.19967330E-01  8.21397841E-01  8.27391922E-01
  8.24968636E-01  8.24883401E-01  8.27237964E-01  8.26766908E-01  8.09221745E-01
  8.09964657E-01  8.11696291E-01  8.15135181E-01  8.18245888E-01  8.19746971E-01
  8.25901031E-01  8.23414207E-01  8.22498500E-01  8.24634969E-01  8.23963344E-01
  8.19293857E-01  8.20396483E-01  8.25407922E-01  8.27059448E-01  8.28215778E-01
  8.29366028E-01  8.29670548E-01  8.30948889E-01  8.41161311E-01  8.42894852E-01
  8.37605894E-01  8.28408778E-01  8.16700935E-01  8.03401053E-01  7.89361477E-01
  7.75046706E-01  7.60883212E-01  7.47390032E-01  7.34779239E-01  7.23266900E-01
  7.13040411E-01  7.04343081E-01  6.97006285E-01  6.81078017E-01
     2  'FLUX 18     '       2      64
  7.82183290E-01  7.81914055E-01  7.83000469E-01  7.86194682E-01  7.90061057E-01
  7.90321231E-01  7.92372346E-01  7.82469451E-01  7.83043206E-01  7.84532785E-01
  7.87763774E-01  7.91859746E-01  7.92788506E-01  7.93622017E-01  7.93878317E-01
  7.94608057E-01  7.98673868E-01  7.97994018E-01  7.85525382E-01  7.86356151E-01
  7.88040578E-01  7.91523814E-01  7.95443177E-01  7.96586633E-01  7.97459364E-01
  7.96828330E-01  7.98057139E-01  8.01008582E-01  8.01864743E-01  7.92663336E-01
  7.93455303E-01  7.95252204E-01  7.98860133E-01  8.02544773E-01  8.03812504E-01
  8.02399397E-01  8.02771032E-01  8.04716647E-01  8.09349537E-01  8.12836051E-01
  8.14552963E-01  8.16335618E-01  8.18032384E-01  8.18879604E-01  8.19741666E-01
  8.20927978E-01  8.21833849E-01  8.23300660E-01  8.25892687E-01  8.25184405E-01
  8.20513785E-01  8.13135505E-01  8.03848803E-01  7.93262720E-01  7.82001436E-01
  7.70428658E-01  7.58890808E-01  7.47818112E-01  7.37401724E-01  7.27836072E-01
  7.19292462E-01  7.11986959E-01  7.05791175E-01  6.92351341E-01
     2  'FLUX 19     '       2      64
  7.25427210E-01  7.24964797E-01  7.26069868E-01  7.29372144E-01  7.33223617E-01
  7.33463109E-01  7.35787213E-01  7.27098227E-01  7.27644026E-01  7.29178488E-01
  7.32552111E-01  7.36748159E-01  7.37577438E-01  7.37319112E-01  7.38046467E-01
  7.39405513E-01  7.44586349E-01  7.44467437E-01  7.34464109E-01  7.35358179E-01
  7.37186968E-01  7.40913570E-01  7.44874895E-01  7.46137202E-01  7.44533181E-01
  7.44969845E-01  7.47792423E-01  7.52358079E-01  7.54535854E-01  7.49221444E-01
  7.50107706E-01  7.52086163E-01  7.55998254E-01  7.59833038E-01  7.61211574E-01
  7.56111205E-01  7.58263648E-01  7.62684286E-01  7.69885361E-01  7.75096178E-01
  7.77138829E-01  7.80424893E-01  7.84395993E-01  7.85924733E-01  7.87163079E-01
  7.88665593E-01  7.89438367E-01  7.90914595E-01  7.96602428E-01  7.99610555E-01
  7.98340142E-01  7.94286609E-01  7.88253605E-01  7.80832291E-01  7.72555947E-01
  7.63799131E-01  7.54883170E-01  7.46182442E-01  7.37892866E-01  7.30200827E-01
  7.23269343E-01  7.17292130E-01  7.12178528E-01  7.01111972E-01
     2  'FLUX 20     '       2      64
  1.31038308E+00  1.30944693E+00  1.31175721E+00  1.31869996E+00  1.32662868E+00
  1.32717741E+00  1.33177757E+00  1.31780684E+00  1.31884909E+00  1.32204223E+00
  1.32911658E+00  1.33795536E+00  1.33940995E+00  1.33534145E+00  1.33803749E+00
  1.34207249E+00  1.35461593E+00  1.35603786E+00  1.34331822E+00  1.34522271E+00
  1.34915447E+00  1.35711205E+00  1.36534035E+00  1.36816382E+00  1.35790205E+00
  1.36161673E+00  1.37117612E+00  1.38390112E+00  1.39149988E+00  1.39211738E+00
  1.39411128E+00  1.39848042E+00  1.40699136E+00  1.41524339E+00  1.41831267E+00
  1.39739847E+00  1.40653205E+00  1.42174125E+00  1.44245815E+00  1.45855260E+00
  1.46749771E+00  1.47867239E+00  1.48995447E+00  1.49368787E+00  1.49652028E+00
  1.49972916E+00  1.50102675E+00  1.50417280E+00  1.51920617E+00  1.53172851E+00
  1.53648341E+00  1.53607857E+00  1.53187561E+00  1.52488863E+00  1.51590347E+00
  1.50564206E+00  1.49465203E+00  1.48351622E+00  1.47261202E+00  1.46227431E+00
  1.45279217E+00  1.44447780E+00  1.43724549E+00  1.42168057E+00
     2  'FLUX 21     '       2      64
  1.17982984E+00  1.17819273E+00  1.18030870E+00  1.18651438E+00  1.19335008E+00
  1.19394279E+00  1.19859719E+00  1.18930066E+00  1.19025350E+00  1.19323158E+00
  1.19974589E+00  1.20749485E+00  1.20864546E+00  1.20223844E+00  1.20615292E+00
  1.21139705E+00  1.22477162E+00  1.22752416E+00  1.22273850E+00  1.22456431E+00
  1.22832894E+00  1.23577023E+00  1.24288166E+00  1.24570143E+00  1.23058295E+00
  1.23643088E+00  1.24886978E+00  1.26396084E+00  1.27391875E+00  1.28426409E+00
  1.28623974E+00  1.29046798E+00  1.29845333E+00  1.30582404E+00  1.30882752E+00
  1.28153050E+00  1.29378068E+00  1.31352782E+00  1.33779359E+00  1.35534763E+00
  1.36406887E+00  1.38030648E+00  1.39817929E+00  1.40331590E+00  1.40669191E+00
  1.41001451E+00  1.41057253E+00  1.41376162E+00  1.43697989E+00  1.45801497E+00
  1.47070241E+00  1.47815025E+00  1.48172784E+00  1.48240411E+00  1.48075283E+00
  1.47750640E+00  1.47313929E+00  1.46808100E+00  1.46269953E+00  1.45728970E+00
  1.45210123E+00  1.44736862E+00  1.44309545E+00  1.43404424E+00
     2  'FLUX 22     '       2      64
  7.88317978E-01  7.87263215E-01  7.89198279E-01  7.95818806E-01  8.03227305E-01
  8.03718805E-01  8.07194471E-01  7.97984064E-01  7.98841417E-01  8.01935554E-01
  8.08740079E-01  8.17537010E-01  8.18518400E-01  8.10636759E-01  8.14286172E-01
  8.19434643E-01  8.32214653E-01  8.34911346E-01  8.31479788E-01  8.33332539E-01
  8.37229848E-01  8.45039785E-01  8.53119373E-01  8.55824649E-01  8.38465095E-01
  8.44922483E-01  8.57478380E-01  8.72433007E-01  8.82709205E-01  8.96008551E-01
  8.98186922E-01  9.02813196E-01  9.11680818E-01  9.20371950E-01  9.23415899E-01
  8.90909612E-01  9.04687405E-01  9.26097751E-01  9.52536225E-01  9.74663973E-01
  9.89790320E-01  1.00366521E+00  1.01497316E+00  1.01845229E+00  1.02108765E+00
  1.02405870E+00  1.02511287E+00  1.02807999E+00  1.04131162E+00  1.05758524E+00
  1.06946981E+00  1.07805085E+00  1.08401072E+00  1.08791435E+00  1.09002995E+00
  1.09086859E+00  1.09072888E+00  1.08984649E+00  1.08847964E+00  1.08682239E+00
  1.08503652E+00  1.08325493E+00  1.08152008E+00  1.07796979E+00
     2  'FLUX 23     '       2      64
  5.17102361E-01  5.16619265E-01  5.17745018E-01  5.21577716E-01  5.25797844E-01
  5.26081979E-01  5.27915299E-01  5.24167597E-01  5.24625540E-01  5.26400387E-01
  5.30313194E-01  5.35399735E-01  5.35843492E-01  5.30012965E-01  5.32478452E-01
  5.35831332E-01  5.43742836E-01  5.45897126E-01  5.46810269E-01  5.47885180E-01
  5.50152361E-01  5.54669797E-01  5.59275687E-01  5.60873866E-01  5.48541844E-01
  5.53186536E-01  5.61559141E-01  5.71171403E-01  5.78101695E-01  5.89751422E-01
  5.91037273E-01  5.93741775E-01  5.98887265E-01  6.03903174E-01  6.05691016E-01
  5.83712995E-01  5.93135297E-01  6.07231438E-01  6.24155521E-01  6.38577402E-01
  6.48809195E-01  6.57953739E-01  6.65159106E-01  6.67320311E-01  6.68946564E-01
  6.70777738E-01  6.71393216E-01  6.73225105E-01  6.81568503E-01  6.92382395E-01
  7.00757802E-01  7.07208693E-01  7.12085783E-01  7.15698361E-01  7.18163669E-01
  7.19791234E-01  7.20750988E-01  7.21163452E-01  7.21186042E-01  7.20933735E-01
  7.20500171E-01  7.19956636E-01  7.19344139E-01  7.18161285E-01
     2  'FLUX 24     '       2      64
  5.18790722E-01  5.17055869E-01  5.18943071E-01  5.26023626E-01  5.33968449E-01
  5.34496367E-01  5.38166165E-01  5.27835131E-01  5.28748393E-01  5.32156408E-01
  5.39610803E-01  5.49297690E-01  5.50356388E-01  5.41767120E-01  5.45881450E-01
  5.51678717E-01  5.65292239E-01  5.67860723E-01  5.63987374E-01  5.66039085E-01
  5.70404410E-01  5.79142869E-01  5.88198841E-01  5.91149509E-01  5.71701646E-01
  5.78913629E-01  5.92956901E-01  6.09493673E-01  6.20861530E-01  6.35598421E-01
  6.38176382E-01  6.43624067E-01  6.54025912E-01  6.64241254E-01  6.67731345E-01
  6.29852235E-01  6.45543575E-01  6.70682967E-01  7.01500356E-01  7.27050424E-01
  7.44154394E-01  7.59476483E-01  7.71595240E-01  7.75238395E-01  7.77978420E-01
  7.81054318E-01  7.82087743E-01  7.85191298E-01  7.99084425E-01  8.16677094E-01
  8.30358744E-01  8.41152072E-01  8.49652469E-01  8.56342256E-01  8.61368060E-01
  8.65182281E-01  8.68011057E-01  8.69987130E-01  8.71323168E-01  8.72163117E-01
  8.72621059E-01  8.72769296E-01  8.72679293E-01  8.72725546E-01
     2  'FLUX 25     '       2      64
  4.39318508E-01  4.37632263E-01  4.39698517E-01  4.47557718E-01  4.56414610E-01
  4.57014441E-01  4.61139888E-01  4.50092256E-01  4.50974464E-01  4.54610467E-01
  4.62833703E-01  4.73658204E-01  4.74866658E-01  4.65343475E-01  4.69813585E-01
  4.75952476E-01  4.91748065E-01  4.94605452E-01  4.90156710E-01  4.92432982E-01
  4.97322202E-01  5.07234395E-01  5.17584383E-01  5.21031380E-01  4.98945355E-01
  5.07098317E-01  5.23189366E-01  5.42090178E-01  5.54923773E-01  5.71429014E-01
  5.74384272E-01  5.80673337E-01  5.92792273E-01  6.04789495E-01  6.08992636E-01
  5.65253317E-01  5.83400190E-01  6.12371683E-01  6.48334324E-01  6.78589344E-01
  6.99539423E-01  7.18285382E-01  7.32967854E-01  7.37337828E-01  7.40624964E-01
  7.44297922E-01  7.45516658E-01  7.49248266E-01  7.66066790E-01  7.87595689E-01
  8.04606616E-01  8.18299592E-01  8.29366982E-01  8.38363886E-01  8.45429838E-01
  8.51085246E-01  8.55573952E-01  8.59016418E-01  8.61647725E-01  8.63617659E-01
  8.65042269E-01  8.65981698E-01  8.66530895E-01  8.68019164E-01
     2  'FLUX 26     '       2      64
  5.21092355E-01  5.21264136E-01  5.21841466E-01  5.23814023E-01  5.25746226E-01
  5.25890291E-01  5.26087284E-01  5.30239522E-01  5.30346453E-01  5.31255066E-01
  5.33221483E-01  5.35901546E-01  5.35626531E-01  5.27509987E-01  5.30230701E-01
  5.33579409E-01  5.39455175E-01  5.42983651E-01  5.54966271E-01  5.55537224E-01
  5.56758642E-01  5.59065521E-01  5.61184525E-01  5.62108219E-01  5.46730459E-01
  5.52742660E-01  5.61256528E-01  5.69954693E-01  5.77569723E-01  5.99496126E-01
  6.00284874E-01  6.01808786E-01  6.04530811E-01  6.07096851E-01  6.08087540E-01
  5.84048986E-01  5.94744742E-01  6.08821094E-01  6.24022126E-01  6.37780964E-01
  6.48672700E-01  6.58256650E-01  6.65538311E-01  6.67589903E-01  6.69081151E-01
  6.70680881E-01  6.71103895E-01  6.72674239E-01  6.80590570E-01  6.92811728E-01
  7.03625917E-01  7.12959111E-01  7.20923424E-01  7.27698088E-01  7.33263135E-01
  7.37896085E-01  7.41720378E-01  7.44782388E-01  7.47227609E-01  7.49149084E-01
  7.50619888E-01  7.51675427E-01  7.52395332E-01  7.54127324E-01
     2  'FLUX 27     '       2      64
  6.20683908E-01  6.17594540E-01  6.20770633E-01  6.33690655E-01  6.48330331E-01
  6.49329126E-01  6.56046867E-01  6.38089836E-01  6.39378428E-01  6.45267665E-01
  6.58864856E-01  6.77016377E-01  6.79024160E-01  6.63088262E-01  6.70555592E-01
  6.80611789E-01  7.07184434E-01  7.11635888E-01  7.04403758E-01  7.08186805E-01
  7.16408372E-01  7.33225703E-01  7.50929892E-01  7.56801903E-01  7.18960881E-01
  7.32903004E-01  7.60494471E-01  7.92588294E-01  8.14246953E-01  8.42448652E-01
  8.47613573E-01  8.58628511E-01  8.79957974E-01  9.01236117E-01  9.08677816E-01
  8.31805170E-01  8.63401294E-01  9.14353848E-01  9.77701008E-01  1.03125536E+00
  1.06889451E+00  1.10245514E+00  1.12849534E+00  1.13616061E+00  1.14185321E+00
  1.14821351E+00  1.15020812E+00  1.15665710E+00  1.18598163E+00  1.22468829E+00
  1.25632358E+00  1.28266287E+00  1.30474448E+00  1.32341921E+00  1.33879232E+00
  1.35171568E+00  1.36254835E+00  1.37140393E+00  1.37865841E+00  1.38453186E+00
  1.38918900E+00  1.39268076E+00  1.39520669E+00  1.40123975E+00
     2  'FLUX 28     '       2      64
  1.97274834E-01  1.97390422E-01  1.97581589E-01  1.98209032E-01  1.98726118E-01
  1.98769554E-01  1.98643789E-01  2.01692954E-01  2.01717511E-01  2.02035606E-01
  2.02658996E-01  2.03490704E-01  2.03251496E-01  1.99177891E-01  2.00489849E-01
  2.02095300E-01  2.04439223E-01  2.06275299E-01  2.13566914E-01  2.13761792E-01
  2.14175552E-01  2.14878708E-01  2.15402216E-01  2.15702191E-01  2.08155230E-01
  2.11127490E-01  2.15062141E-01  2.18923941E-01  2.22568884E-01  2.34526858E-01
  2.34808564E-01  2.35305697E-01  2.36099601E-01  2.36763865E-01  2.37043574E-01
  2.25681424E-01  2.30792806E-01  2.37263918E-01  2.43874818E-01  2.49908656E-01
  2.54732877E-01  2.59022832E-01  2.62279361E-01  2.63178915E-01  2.63806522E-01
  2.64469385E-01  2.64598101E-01  2.65223891E-01  2.68670797E-01  2.74373531E-01
  2.79654771E-01  2.84370571E-01  2.88526416E-01  2.92177677E-01  2.95287758E-01
  2.97972977E-01  3.00277382E-01  3.02204818E-01  3.03815663E-01  3.05144966E-01
  3.06219310E-01  3.07044685E-01  3.07664007E-01  3.09095055E-01
     2  'FLUX 29     '       2      64
  2.60597587E-01  2.60718018E-01  2.60841131E-01  2.61410683E-01  2.61904061E-01
  2.61944026E-01  2.61699259E-01  2.65003473E-01  2.64972836E-01  2.65228450E-01
  2.65789002E-01  2.66642988E-01  2.66386300E-01  2.62211382E-01  2.63518006E-01
  2.65064389E-01  2.67356128E-01  2.69171327E-01  2.76701927E-01  2.76870400E-01
  2.77244151E-01  2.77932167E-01  2.78529823E-01  2.78834105E-01  2.71101207E-01
  2.74147063E-01  2.78140783E-01  2.81995267E-01  2.85627902E-01  2.97591060E-01
  2.97884792E-01  2.98414916E-01  2.99334109E-01  3.00222009E-01  3.00564766E-01
  2.88750410E-01  2.93984354E-01  3.00712138E-01  3.07694793E-01  3.14186633E-01
  3.19592804E-01  3.24214697E-01  3.27601582E-01  3.28520447E-01  3.29166979E-01
  3.29853415E-01  3.29985529E-01  3.30649704E-01  3.34136665E-01  3.40180784E-01
  3.45933855E-01  3.51172805E-01  3.55865836E-01  3.60047102E-01  3.63656700E-01
  3.66808772E-01  3.69542271E-01  3.71852219E-01  3.73800755E-01  3.75423133E-01
  3.76745850E-01  3.77772868E-01  3.78553987E-01  3.80341351E-01
     2  'FLUX 30     '       2      64
  2.54492581E-01  2.54597604E-01  2.54611373E-01  2.54808724E-01  2.54897922E-01
  2.54909873E-01  2.54546583E-01  2.57873952E-01  2.57813603E-01  2.57906646E-01
  2.58097976E-01  2.58447647E-01  2.58173406E-01  2.54835159E-01  2.55843431E-01
  2.57011890E-01  2.58441806E-01  2.59922236E-01  2.66750216E-01  2.66817868E-01
  2.66975522E-01  2.67229080E-01  2.67378122E-01  2.67520636E-01  2.61467606E-01
  2.63874292E-01  2.66845167E-01  2.69586653E-01  2.72347122E-01  2.82281727E-01
  2.82445580E-01  2.82706201E-01  2.83111930E-01  2.83486128E-01  2.83642560E-01
  2.74722576E-01  2.78700233E-01  2.83679724E-01  2.88632691E-01  2.93277830E-01
  2.97180057E-01  3.00528824E-01  3.02985013E-01  3.03634822E-01  3.04080129E-01
  3.04534644E-01  3.04592252E-01  3.05014431E-01  3.07491720E-01  3.12095344E-01
  3.16648602E-01  3.20894867E-01  3.24767977E-01  3.28269392E-01  3.31332713E-01
  3.34036767E-01  3.36404681E-01  3.38424414E-01  3.40142220E-01  3.41583461E-01
  3.42767447E-01  3.43694806E-01  3.44408303E-01  3.46026629E-01
     2  'FLUX 31     '       2      64
  4.25716877E-01  4.25849736E-01  4.25880373E-01  4.26207691E-01  4.26406592E-01
  4.26427305E-01  4.25962120E-01  4.30339336E-01  4.30258721E-01  4.30405527E-01
  4.30725932E-01  4.31292236E-01  4.30935025E-01  4.26382095E-01  4.27764058E-01
  4.29360747E-01  4.31400955E-01  4.33412403E-01  4.42531765E-01  4.42639619E-01
  4.42889720E-01  4.43318069E-01  4.43621486E-01  4.43844706E-01  4.35531944E-01
  4.38840270E-01  4.42965478E-01  4.46792424E-01  4.50590432E-01  4.63956445E-01
  4.64201212E-01  4.64607120E-01  4.65267926E-01  4.65897053E-01  4.66149032E-01
  4.53856558E-01  4.59336489E-01  4.66239005E-01  4.73163992E-01  4.79638278E-01
  4.85059589E-01  4.89685774E-01  4.93054062E-01  4.93936032E-01  4.94538695E-01
  4.95141953E-01  4.95206922E-01  4.95769054E-01  4.99130666E-01  5.05565345E-01
  5.12056291E-01  5.18202603E-01  5.23883104E-01  5.29077828E-01  5.33673942E-01
  5.37770569E-01  5.41390121E-01  5.44504762E-01  5.47174931E-01  5.49432337E-01
  5.51300704E-01  5.52776754E-01  5.53924382E-01  5.56507707E-01
     2  'FLUX 32     '       2      64
  1.86440766E-01  1.86480090E-01  1.86530679E-01  1.86758563E-01  1.86953276E-01
  1.86969906E-01  1.86877728E-01  1.88306987E-01  1.88291878E-01  1.88392878E-01
  1.88619211E-01  1.88960731E-01  1.88850805E-01  1.87094823E-01  1.87652498E-01
  1.88306317E-01  1.89274415E-01  1.90057397E-01  1.93282858E-01  1.93352237E-01
  1.93506330E-01  1.93790406E-01  1.94028020E-01  1.94157854E-01  1.90885007E-01
  1.92189053E-01  1.93891734E-01  1.95529267E-01  1.97072044E-01  2.02079803E-01
  2.02200830E-01  2.02418968E-01  2.02796191E-01  2.03155190E-01  2.03297779E-01
  1.98392034E-01  2.00590715E-01  2.03405127E-01  2.06306398E-01  2.08963558E-01
  2.11114481E-01  2.13015527E-01  2.14450240E-01  2.14827031E-01  2.15082869E-01
  2.15337753E-01  2.15361878E-01  2.15593636E-01  2.17064798E-01  2.19746664E-01
  2.22426742E-01  2.24966794E-01  2.27322340E-01  2.29485661E-01  2.31409177E-01
  2.33131856E-01  2.34661072E-01  2.35983223E-01  2.37121955E-01  2.38088846E-01
  2.38892645E-01  2.39530861E-01  2.40030020E-01  2.41149291E-01
     2  'FLUX 33     '       2      64
  1.57596335E-01  1.57610387E-01  1.57727122E-01  1.58158869E-01  1.58614084E-01
  1.58646941E-01  1.58725500E-01  1.59249276E-01  1.59267247E-01  1.59453005E-01
  1.59884244E-01  1.60490051E-01  1.60465568E-01  1.59017414E-01  1.59512907E-01
  1.60113245E-01  1.61291569E-01  1.61907703E-01  1.63791314E-01  1.63912043E-01
  1.64174393E-01  1.64698392E-01  1.65219799E-01  1.65426046E-01  1.62593216E-01
  1.63704500E-01  1.65331960E-01  1.67013228E-01  1.68423146E-01  1.72122225E-01
  1.72292605E-01  1.72635004E-01  1.73276976E-01  1.73914358E-01  1.74150929E-01
  1.69622228E-01  1.71628311E-01  1.74336806E-01  1.77340969E-01  1.80036291E-01
  1.82154968E-01  1.84016436E-01  1.85418338E-01  1.85794920E-01  1.86058030E-01
  1.86332777E-01  1.86378181E-01  1.86639428E-01  1.88116848E-01  1.90619186E-01
  1.93038240E-01  1.95297018E-01  1.97374448E-01  1.99273467E-01  2.00957060E-01
  2.02463061E-01  2.03799367E-01  2.04954907E-01  2.05950707E-01  2.06796989E-01
  2.07501248E-01  2.08061025E-01  2.08499163E-01  2.09482193E-01
     2  'FLUX 34     '       2      64
  3.11066657E-02  3.11074071E-02  3.11280508E-02  3.12006008E-02  3.12728286E-02
  3.12783197E-02  3.12917866E-02  3.14267427E-02  3.14300284E-02  3.14624645E-02
  3.15353312E-02  3.16344462E-02  3.16264406E-02  3.13447490E-02  3.14420611E-02
  3.15604471E-02  3.17769311E-02  3.19003090E-02  3.23095396E-02  3.23306620E-02
  3.23763713E-02  3.24646235E-02  3.25464122E-02  3.25819515E-02  3.20338234E-02
  3.22502293E-02  3.25616226E-02  3.28793637E-02  3.31517793E-02  3.39055210E-02
  3.39352489E-02  3.39937843E-02  3.41003761E-02  3.42019051E-02  3.42409275E-02
  3.33816856E-02  3.37649062E-02  3.42775770E-02  3.48336175E-02  3.53277586E-02
  3.57077271E-02  3.60526145E-02  3.63196172E-02  3.63914371E-02  3.64406183E-02
  3.64904441E-02  3.64965163E-02  3.65423113E-02  3.68274115E-02  3.73056382E-02
  3.77685763E-02  3.82018983E-02  3.86013277E-02  3.89671922E-02  3.92922275E-02
  3.95834856E-02  3.98423299E-02  4.00665365E-02  4.02600281E-02  4.04247046E-02
  4.05619293E-02  4.06711847E-02  4.07568626E-02  4.09487821E-02
     2  'FLUX 35     '       2      64
  3.05099692E-02  3.05100139E-02  3.05342656E-02  3.06211691E-02  3.07121817E-02
  3.07187699E-02  3.07394583E-02  3.08276340E-02  3.08323558E-02  3.08703855E-02
  3.09575144E-02  3.10773775E-02  3.10738683E-02  3.07978615E-02  3.08944751E-02
  3.10127940E-02  3.12469192E-02  3.13643105E-02  3.17115076E-02  3.17360498E-02
  3.17891724E-02  3.18944491E-02  3.19976956E-02  3.20387818E-02  3.14948261E-02
  3.17080244E-02  3.20251510E-02  3.23548578E-02  3.26282158E-02  3.33314687E-02
  3.33652608E-02  3.34333703E-02  3.35605554E-02  3.36851478E-02  3.37316282E-02
  3.28590348E-02  3.32454704E-02  3.37714776E-02  3.43558118E-02  3.48744802E-02
  3.52738164E-02  3.56308147E-02  3.59040126E-02  3.59781496E-02  3.60292308E-02
  3.60821560E-02  3.60906497E-02  3.61407064E-02  3.64312232E-02  3.69145311E-02
  3.73791568E-02  3.78123410E-02  3.82106528E-02  3.85749117E-02  3.88981551E-02
  3.91876027E-02  3.94447446E-02  3.96674015E-02  3.98595296E-02  4.00230326E-02
  4.01592813E-02  4.02677432E-02  4.03527766E-02  4.05434743E-02
     2  'FLUX 36     '       2      64
  3.12404800E-02  3.12403999E-02  3.12671624E-02  3.13628986E-02  3.14646997E-02
  3.14719975E-02  3.14970873E-02  3.15666869E-02  3.15722525E-02  3.16138677E-02
  3.17098014E-02  3.18419300E-02  3.18403877E-02  3.15597281E-02  3.16587426E-02
  3.17803621E-02  3.20293419E-02  3.21476869E-02  3.24762836E-02  3.25030722E-02
  3.25610004E-02  3.26767452E-02  3.27921063E-02  3.28368880E-02  3.22804861E-02
  3.24980430E-02  3.28263864E-02  3.31708118E-02  3.34523320E-02  3.41518745E-02
  3.41883302E-02  3.42624709E-02  3.44020203E-02  3.45397815E-02  3.45908329E-02
  3.36901657E-02  3.40883993E-02  3.46338488E-02  3.52458991E-02  3.57886851E-02
  3.62063237E-02  3.65784317E-02  3.68625894E-02  3.69392261E-02  3.69933210E-02
  3.70489284E-02  3.70579548E-02  3.71109247E-02  3.74146029E-02  3.79154235E-02
  3.83948609E-02  3.88409793E-02  3.92507352E-02  3.96252424E-02  3.99574488E-02
  4.02548760E-02  4.05191034E-02  4.07479145E-02  4.09453772E-02  4.11134474E-02
  4.12535258E-02  4.13650572E-02  4.14525159E-02  4.16486710E-02
     2  'FLUX 37     '       2      64
  3.23645137E-02  3.23654823E-02  3.23908180E-02  3.24795544E-02  3.25718001E-02
  3.25785503E-02  3.25998105E-02  3.26973982E-02  3.27023678E-02  3.27414162E-02
  3.28303091E-02  3.29518840E-02  3.29476967E-02  3.26600783E-02  3.27606462E-02
  3.28838602E-02  3.31253968E-02  3.32493447E-02  3.36183049E-02  3.36434506E-02
  3.36977355E-02  3.38047668E-02  3.39087099E-02  3.39507274E-02  3.33856866E-02
  3.36076654E-02  3.39358449E-02  3.42769772E-02  3.45613845E-02  3.52988988E-02
  3.53332795E-02  3.54023837E-02  3.55308242E-02  3.56559604E-02  3.57029550E-02
  3.48018147E-02  3.52023318E-02  3.57442051E-02  3.63443010E-02  3.68777737E-02
  3.72893959E-02  3.76574323E-02  3.79385129E-02  3.80145684E-02  3.80672105E-02
  3.81216221E-02  3.81297842E-02  3.81810069E-02  3.84794138E-02  3.89799587E-02
  3.94629203E-02  3.99141125E-02  4.03296426E-02  4.07101437E-02  4.10482250E-02
  4.13513035E-02  4.16208133E-02  4.18544263E-02  4.20561843E-02  4.22280468E-02
  4.23713624E-02  4.24855836E-02  4.25752439E-02  4.27760407E-02
     2  'FLUX 38     '       2      64
  3.19149718E-02  3.19164507E-02  3.19426320E-02  3.20346840E-02  3.21319513E-02
  3.21389437E-02  3.21618915E-02  3.22417505E-02  3.22470814E-02  3.22872549E-02
  3.23793255E-02  3.25059853E-02  3.25034223E-02  3.22228335E-02  3.23210768E-02
  3.24416459E-02  3.26843187E-02  3.28043289E-02  3.31450514E-02  3.31708193E-02
  3.32264639E-02  3.33371535E-02  3.34467180E-02  3.34898382E-02  3.29373106E-02
  3.31539176E-02  3.34770940E-02  3.38153169E-02  3.40945348E-02  3.47993635E-02
  3.48343588E-02  3.49052139E-02  3.50380726E-02  3.51689011E-02  3.52175795E-02
  3.43309194E-02  3.47244553E-02  3.52588482E-02  3.58557329E-02  3.63869406E-02
  3.67978029E-02  3.71618681E-02  3.74378227E-02  3.75126041E-02  3.75645049E-02
  3.76182869E-02  3.76265384E-02  3.76778431E-02  3.79720964E-02  3.84654813E-02
  3.89410816E-02  3.93851995E-02  3.97941433E-02  4.01686393E-02  4.05014344E-02
  4.07998152E-02  4.10652161E-02  4.12953272E-02  4.14941274E-02  4.16635089E-02
  4.18048240E-02  4.19174917E-02  4.20059972E-02  4.22039293E-02
     2  'FLUX 39     '       2      64
  3.19213420E-02  3.19241658E-02  3.19455564E-02  3.20191868E-02  3.20933014E-02
  3.20988856E-02  3.21122818E-02  3.22386622E-02  3.22423540E-02  3.22752185E-02
  3.23487706E-02  3.24491635E-02  3.24418359E-02  3.21648642E-02  3.22599411E-02
  3.23759094E-02  3.25894654E-02  3.27115692E-02  3.31058055E-02  3.31269503E-02
  3.31724845E-02  3.32606658E-02  3.33435833E-02  3.33789326E-02  3.28429602E-02
  3.30546647E-02  3.33582535E-02  3.36696282E-02  3.39367725E-02  3.46680433E-02
  3.46973203E-02  3.47550102E-02  3.48605178E-02  3.49618793E-02  3.50004844E-02
  3.41630913E-02  3.45375612E-02  3.50353420E-02  3.55769284E-02  3.60612720E-02
  3.64379548E-02  3.67732011E-02  3.70277800E-02  3.70958000E-02  3.71427909E-02
  3.71907353E-02  3.71974111E-02  3.72425951E-02  3.75093855E-02  3.79724838E-02
  3.84257697E-02  3.88523079E-02  3.92469913E-02  3.96096632E-02  3.99328694E-02
  4.02232371E-02  4.04819362E-02  4.07065675E-02  4.09008637E-02  4.10665870E-02
  4.12049666E-02  4.13154364E-02  4.14023511E-02  4.15962823E-02
     2  'FLUX 40     '       2      64
  3.28376368E-02  3.28407362E-02  3.28631960E-02  3.29412743E-02  3.30211706E-02
  3.30270827E-02  3.30417193E-02  3.31600793E-02  3.31640355E-02  3.31985541E-02
  3.32764499E-02  3.33835147E-02  3.33770439E-02  3.30962762E-02  3.31926867E-02
  3.33102718E-02  3.35309952E-02  3.36538702E-02  3.40409353E-02  3.40630822E-02
  3.41108330E-02  3.42041217E-02  3.42935212E-02  3.43306810E-02  3.37868929E-02
  3.40013914E-02  3.43108959E-02  3.46295275E-02  3.49008664E-02  3.56307551E-02
  3.56612727E-02  3.57218273E-02  3.58334742E-02  3.59418951E-02  3.59828621E-02
  3.51308435E-02  3.55115123E-02  3.60191278E-02  3.65745910E-02  3.70707251E-02
  3.74558382E-02  3.77980247E-02  3.80575769E-02  3.81272063E-02  3.81750651E-02
  3.82240564E-02  3.82298715E-02  3.82760279E-02  3.85509469E-02  3.90247926E-02
  3.94879282E-02  3.99236679E-02  4.03269790E-02  4.06976826E-02  4.10281979E-02
  4.13252488E-02  4.15900126E-02  4.18200083E-02  4.20190245E-02  4.21888344E-02
  4.23307009E-02  4.24439833E-02  4.25331630E-02  4.27321047E-02
     2  'FLUX 41     '       2      64
  3.13007683E-02  3.13047655E-02  3.13224122E-02  3.13830897E-02  3.14422213E-02
  3.14467736E-02  3.14529426E-02  3.15993093E-02  3.16018127E-02  3.16292085E-02
  3.16896141E-02  3.17723677E-02  3.17626745E-02  3.14983428E-02  3.15874293E-02
  3.16954851E-02  3.18829082E-02  3.20008248E-02  3.24076302E-02  3.24252062E-02
  3.24630514E-02  3.25350501E-02  3.26006636E-02  3.26301306E-02  3.21259424E-02
  3.23258676E-02  3.26048583E-02  3.28868926E-02  3.31351422E-02  3.38466652E-02
  3.38714086E-02  3.39191891E-02  3.40050906E-02  3.40866931E-02  3.41181196E-02
  3.33456583E-02  3.36926728E-02  3.41471620E-02  3.46331857E-02  3.50694545E-02
  3.54103297E-02  3.57129350E-02  3.59418318E-02  3.60025987E-02  3.60438786E-02
  3.60856727E-02  3.60903777E-02  3.61296423E-02  3.63671146E-02  3.67921330E-02
  3.72140445E-02  3.76139469E-02  3.79858576E-02  3.83288413E-02  3.86354625E-02
  3.89115773E-02  3.91580723E-02  3.93725038E-02  3.95582542E-02  3.97169068E-02
  3.98495682E-02  3.99556234E-02  4.00392339E-02  4.02254276E-02
     2  'FLUX 42     '       2      64
  6.01500086E-02  6.01581931E-02  6.01835288E-02  6.02651238E-02  6.03343323E-02
  6.03403449E-02  6.03371263E-02  6.07027784E-02  6.07048310E-02  6.07438833E-02
  6.08251169E-02  6.09330088E-02  6.09057806E-02  6.04090616E-02  6.05743863E-02
  6.07735515E-02  6.10802472E-02  6.13094904E-02  6.21854179E-02  6.22106865E-02
  6.22646771E-02  6.23607524E-02  6.24350198E-02  6.24772087E-02  6.15451187E-02
  6.19182140E-02  6.24173619E-02  6.29088655E-02  6.33618087E-02  6.47706836E-02
  6.48073182E-02  6.48741350E-02  6.49866164E-02  6.50852770E-02  6.51264414E-02
  6.37451932E-02  6.43725619E-02  6.51740953E-02  6.59998655E-02  6.67405203E-02
  6.73155412E-02  6.78412840E-02  6.82475343E-02  6.83556721E-02  6.84258342E-02
  6.84957132E-02  6.84996173E-02  6.85619414E-02  6.89823776E-02  6.97477683E-02
  7.05169216E-02  7.12512508E-02  7.19375834E-02  7.25728720E-02  7.31425285E-02
  7.36567080E-02  7.41165951E-02  7.45173246E-02  7.48649538E-02  7.51622170E-02
  7.54110590E-02  7.56102353E-02  7.57674724E-02  7.61174560E-02
     2  'FLUX 43     '       2      64
  9.35908332E-02  9.35967267E-02  9.36779454E-02  9.39589664E-02  9.42627564E-02
  9.42842215E-02  9.43623707E-02  9.44878981E-02  9.45064053E-02  9.46279913E-02
  9.49080959E-02  9.52936187E-02  9.52954441E-02  9.45399255E-02  9.48071927E-02
  9.51369181E-02  9.58343446E-02  9.61546227E-02  9.69627127E-02  9.70399380E-02
  9.72059667E-02  9.75398272E-02  9.78777260E-02  9.80059803E-02  9.65126604E-02
  9.70967785E-02  9.79858711E-02  9.89293531E-02  9.96917263E-02  1.01502255E-01
  1.01603858E-01  1.01812154E-01  1.02206901E-01  1.02599680E-01  1.02744423E-01
  1.00337252E-01  1.01407282E-01  1.02868013E-01  1.04522318E-01  1.05988204E-01
  1.07114784E-01  1.08112395E-01  1.08867586E-01  1.09072916E-01  1.09214678E-01
  1.09361596E-01  1.09383628E-01  1.09524883E-01  1.10332549E-01  1.11685432E-01
  1.12992957E-01  1.14218287E-01  1.15350753E-01  1.16391614E-01  1.17320120E-01
  1.18155502E-01  1.18901044E-01  1.19549587E-01  1.20111614E-01  1.20591849E-01
  1.20993637E-01  1.21314943E-01  1.21568151E-01  1.22133970E-01
     2  'FLUX 44     '       2      64
  1.20599411E-01  1.20607555E-01  1.20705456E-01  1.21032618E-01  1.21379144E-01
  1.21404082E-01  1.21496536E-01  1.21710949E-01  1.21733695E-01  1.21877760E-01
  1.22204304E-01  1.22647040E-01  1.22643486E-01  1.21709026E-01  1.22039914E-01
  1.22449107E-01  1.23286076E-01  1.23691767E-01  1.24764733E-01  1.24856085E-01
  1.25051871E-01  1.25439763E-01  1.25822291E-01  1.25972718E-01  1.24136031E-01
  1.24857761E-01  1.25942081E-01  1.27088740E-01  1.28027886E-01  1.30317256E-01
  1.30436823E-01  1.30679682E-01  1.31134629E-01  1.31580010E-01  1.31746352E-01
  1.28821939E-01  1.30129039E-01  1.31897181E-01  1.33881032E-01  1.35638878E-01
  1.36985809E-01  1.38179883E-01  1.39081195E-01  1.39324665E-01  1.39492288E-01
  1.39664233E-01  1.39688358E-01  1.39853060E-01  1.40812844E-01  1.42453954E-01
  1.44055352E-01  1.45564228E-01  1.46964476E-01  1.48255467E-01  1.49410531E-01
  1.50452226E-01  1.51383832E-01  1.52195886E-01  1.52900875E-01  1.53504297E-01
  1.54009983E-01  1.54415205E-01  1.54735386E-01  1.55448273E-01
     2  'FLUX 45     '       2      64
  3.25421751E-01  3.25435907E-01  3.25688094E-01  3.26515883E-01  3.27394515E-01
  3.27457845E-01  3.27713698E-01  3.28151047E-01  3.28212917E-01  3.28578472E-01
  3.29405844E-01  3.30519199E-01  3.30519050E-01  3.28248829E-01  3.29063386E-01
  3.30074340E-01  3.32171023E-01  3.33159864E-01  3.35649937E-01  3.35881591E-01
  3.36376667E-01  3.37357640E-01  3.38322848E-01  3.38702798E-01  3.34239066E-01
  3.35994840E-01  3.38659048E-01  3.41494650E-01  3.43794614E-01  3.49221200E-01
  3.49520028E-01  3.50129098E-01  3.51271570E-01  3.52386802E-01  3.52805495E-01
  3.45731676E-01  3.48904192E-01  3.53209823E-01  3.58064502E-01  3.62323016E-01
  3.65514249E-01  3.68380398E-01  3.70565623E-01  3.71159256E-01  3.71557355E-01
  3.71968001E-01  3.72010946E-01  3.72400105E-01  3.74734163E-01  3.78763288E-01
  3.82726490E-01  3.86483997E-01  3.89990002E-01  3.93237859E-01  3.96157622E-01
  3.98801446E-01  4.01174605E-01  4.03250933E-01  4.05059427E-01  4.06612188E-01
  4.07917410E-01  4.08966869E-01  4.09799457E-01  4.11646813E-01
     2  'FLUX 46     '       2      64
  3.55270594E-01  3.55261892E-01  3.55490595E-01  3.56224120E-01  3.57004523E-01
  3.57060969E-01  3.57324749E-01  3.57579619E-01  3.57636213E-01  3.57961506E-01
  3.58702809E-01  3.59684885E-01  3.59696358E-01  3.57804894E-01  3.58506829E-01
  3.59375387E-01  3.61244410E-01  3.62066269E-01  3.63902777E-01  3.64112943E-01
  3.64561677E-01  3.65452498E-01  3.66321057E-01  3.66668105E-01  3.62962425E-01
  3.64426702E-01  3.66706550E-01  3.69163036E-01  3.71097237E-01  3.75154942E-01
  3.75425488E-01  3.75981897E-01  3.77030641E-01  3.78049731E-01  3.78441304E-01
  3.72703701E-01  3.75301480E-01  3.78884196E-01  3.82995635E-01  3.86459082E-01
  3.88808101E-01  3.91025156E-01  3.92773807E-01  3.93250346E-01  3.93554062E-01
  3.93830925E-01  3.93823624E-01  3.94088715E-01  3.95989209E-01  3.99450809E-01
  4.02974576E-01  4.06389564E-01  4.09628659E-01  4.12668437E-01  4.15433288E-01
  4.17960137E-01  4.20246810E-01  4.22262669E-01  4.24030095E-01  4.25556719E-01
  4.26847190E-01  4.27891672E-01  4.28726822E-01  4.30563390E-01
     2  'FLUX 47     '       2      64
  4.05222207E-01  4.05161440E-01  4.05394703E-01  4.06089485E-01  4.06868100E-01
  4.06922698E-01  4.07297969E-01  4.06691313E-01  4.06758964E-01  4.07063127E-01
  4.07778859E-01  4.08695608E-01  4.08776224E-01  4.07728910E-01  4.08205092E-01
  4.08794016E-01  4.10394937E-01  4.10828799E-01  4.10584956E-01  4.10786182E-01
  4.11209643E-01  4.12075877E-01  4.12938386E-01  4.13277447E-01  4.11306083E-01
  4.12102044E-01  4.13597167E-01  4.15355682E-01  4.16490406E-01  4.16660547E-01
  4.16899502E-01  4.17413026E-01  4.18423265E-01  4.19421643E-01  4.19827014E-01
  4.17346865E-01  4.18574601E-01  4.20469612E-01  4.22969609E-01  4.24552053E-01
  4.24710423E-01  4.25171196E-01  4.25615430E-01  4.25783336E-01  4.25762236E-01
  4.25752729E-01  4.25556690E-01  4.25532699E-01  4.26096678E-01  4.27954316E-01
  4.30287212E-01  4.32785064E-01  4.35307950E-01  4.37780946E-01  4.40110296E-01
  4.42293823E-01  4.44310665E-01  4.46120799E-01  4.47730809E-01  4.49138910E-01
  4.50342745E-01  4.51329201E-01  4.52129543E-01  4.53863084E-01
     2  'FLUX 48     '       2      64
  2.96611637E-01  2.96543509E-01  2.96673447E-01  2.96947420E-01  2.97270060E-01
  2.97292441E-01  2.97560722E-01  2.96850383E-01  2.96898097E-01  2.97022581E-01
  2.97315747E-01  2.97632068E-01  2.97699422E-01  2.97735274E-01  2.97847390E-01
  2.97979176E-01  2.98563987E-01  2.98568279E-01  2.97093987E-01  2.97177285E-01
  2.97335744E-01  2.97667205E-01  2.97968656E-01  2.98115969E-01  2.98515141E-01
  2.98411727E-01  2.98518300E-01  2.98813820E-01  2.98741758E-01  2.95416206E-01
  2.95473874E-01  2.95612633E-01  2.95919746E-01  2.96217501E-01  2.96388775E-01
  2.98523933E-01  2.97817498E-01  2.96996802E-01  2.96410620E-01  2.94963300E-01
  2.92303771E-01  2.90399790E-01  2.89089859E-01  2.88687676E-01  2.88363159E-01
  2.87968457E-01  2.87640542E-01  2.87244290E-01  2.85827160E-01  2.84944534E-01
  2.84922153E-01  2.85356820E-01  2.86058813E-01  2.86912024E-01  2.87832677E-01
  2.88771152E-01  2.89691627E-01  2.90557951E-01  2.91356355E-01  2.92074740E-01
  2.92703897E-01  2.93232501E-01  2.93673933E-01  2.94604838E-01
     2  'FLUX 49     '       2      64
  2.35170364E-01  2.35110402E-01  2.35245153E-01  2.35486507E-01  2.35795662E-01
  2.35815331E-01  2.36100435E-01  2.35069990E-01  2.35130236E-01  2.35241264E-01
  2.35495612E-01  2.35750228E-01  2.35840455E-01  2.36227363E-01  2.36230046E-01
  2.36239627E-01  2.36606941E-01  2.36474901E-01  2.34278977E-01  2.34345257E-01
  2.34458357E-01  2.34707043E-01  2.34938592E-01  2.35054761E-01  2.36245215E-01
  2.35837772E-01  2.35517219E-01  2.35411301E-01  2.34972462E-01  2.30222523E-01
  2.30229691E-01  2.30269030E-01  2.30401754E-01  2.30536580E-01  2.30654165E-01
  2.34416768E-01  2.33050019E-01  2.31291205E-01  2.29683965E-01  2.27192029E-01
  2.23507226E-01  2.20745429E-01  2.18761683E-01  2.18272761E-01  2.17777967E-01
  2.17234224E-01  2.16897026E-01  2.16358766E-01  2.14266762E-01  2.12333664E-01
  2.11354539E-01  2.10925266E-01  2.10848644E-01  2.10999250E-01  2.11300865E-01
  2.11687356E-01  2.12118343E-01  2.12560475E-01  2.12992132E-01  2.13397443E-01
  2.13764668E-01  2.14083359E-01  2.14358792E-01  2.14923382E-01
     2  'FLUX 50     '       2      64
  1.94101691E-01  1.94056615E-01  1.94194004E-01  1.94425717E-01  1.94729894E-01
  1.94748551E-01  1.95022628E-01  1.93950295E-01  1.94016203E-01  1.94124699E-01
  1.94363847E-01  1.94598466E-01  1.94689959E-01  1.95130870E-01  1.95109323E-01
  1.95097417E-01  1.95386752E-01  1.95242822E-01  1.92977235E-01  1.93036199E-01
  1.93129703E-01  1.93338826E-01  1.93536043E-01  1.93636626E-01  1.94983706E-01
  1.94515646E-01  1.94083512E-01  1.93867609E-01  1.93354860E-01  1.88425019E-01
  1.88409716E-01  1.88401505E-01  1.88444823E-01  1.88494772E-01  1.88580319E-01
  1.92732364E-01  1.91215515E-01  1.89199135E-01  1.87275663E-01  1.84498459E-01
  1.80589199E-01  1.77606761E-01  1.75439104E-01  1.74893737E-01  1.74368039E-01
  1.73800290E-01  1.73445970E-01  1.72902554E-01  1.70607209E-01  1.68305010E-01
  1.66956916E-01  1.66174695E-01  1.65766507E-01  1.65608391E-01  1.65630654E-01
  1.65763021E-01  1.65964946E-01  1.66205674E-01  1.66461095E-01  1.66714445E-01
  1.66953340E-01  1.67168111E-01  1.67360216E-01  1.67743474E-01
     2  'FLUX 51     '       2      64
  2.37010837E-01  2.36968547E-01  2.37160474E-01  2.37469256E-01  2.37875402E-01
  2.37899587E-01  2.38251820E-01  2.36854583E-01  2.36949831E-01  2.37097815E-01
  2.37410858E-01  2.37711817E-01  2.37828255E-01  2.38387600E-01  2.38364056E-01
  2.38361135E-01  2.38713071E-01  2.38550916E-01  2.35587582E-01  2.35662356E-01
  2.35772938E-01  2.36019626E-01  2.36247495E-01  2.36371055E-01  2.38210931E-01
  2.37575829E-01  2.36948133E-01  2.36608848E-01  2.35903293E-01  2.29211792E-01
  2.29169905E-01  2.29111090E-01  2.29076520E-01  2.29051858E-01  2.29135722E-01
  2.35041440E-01  2.32899204E-01  2.29972214E-01  2.27097124E-01  2.23064423E-01
  2.17507616E-01  2.13206887E-01  2.10062608E-01  2.09157750E-01  2.08458304E-01
  2.07679555E-01  2.07169592E-01  2.06414208E-01  2.03020945E-01  1.99519649E-01
  1.97366357E-01  1.96020290E-01  1.95214733E-01  1.94776267E-01  1.94611505E-01
  1.94619030E-01  1.94741726E-01  1.94938332E-01  1.95173264E-01  1.95422396E-01
  1.95667788E-01  1.95896387E-01  1.96107432E-01  1.96518242E-01
     2  'FLUX 52     '       2      64
  4.71646309E-01  4.71596569E-01  4.72063690E-01  4.72827971E-01  4.73807544E-01
  4.73865151E-01  4.74629164E-01  4.71779883E-01  4.72011626E-01  4.72384512E-01
  4.73146588E-01  4.73898858E-01  4.74133313E-01  4.74970967E-01  4.75041777E-01
  4.75205928E-01  4.76154923E-01  4.76012558E-01  4.70135808E-01  4.70316231E-01
  4.70583200E-01  4.71157521E-01  4.71675694E-01  4.71963644E-01  4.75436419E-01
  4.74276632E-01  4.73155737E-01  4.72678840E-01  4.71418619E-01  4.57487553E-01
  4.57381338E-01  4.57211465E-01  4.57046181E-01  4.56895232E-01  4.57050800E-01
  4.69743907E-01  4.65260506E-01  4.58944499E-01  4.52618003E-01  4.43644285E-01
  4.31172311E-01  4.21420723E-01  4.14137155E-01  4.12160933E-01  4.10524011E-01
  4.08720642E-01  4.07731444E-01  4.05954659E-01  3.98080528E-01  3.89873773E-01
  3.84736747E-01  3.81444067E-01  3.79392892E-01  3.78190994E-01  3.77630591E-01
  3.77479404E-01  3.77607882E-01  3.77923459E-01  3.78343850E-01  3.78813148E-01
  3.79289925E-01  3.79744381E-01  3.80171448E-01  3.80989522E-01
     2  'FLUX 53     '       2      64
  6.85346961E-01  6.85353041E-01  6.86219215E-01  6.87773526E-01  6.89663351E-01
  6.89777255E-01  6.91001058E-01  6.87227905E-01  6.87640727E-01  6.88405097E-01
  6.89939737E-01  6.91566348E-01  6.91881061E-01  6.91759527E-01  6.92334712E-01
  6.93207443E-01  6.95592642E-01  6.96065128E-01  6.89045727E-01  6.89419687E-01
  6.90021455E-01  6.91247761E-01  6.92347467E-01  6.92927361E-01  6.95823610E-01
  6.95017159E-01  6.94581449E-01  6.95205092E-01  6.94517791E-01  6.76353693E-01
  6.76263213E-01  6.76125407E-01  6.76071644E-01  6.76012099E-01  6.76324248E-01
  6.92957819E-01  6.87509060E-01  6.79431021E-01  6.71280205E-01  6.58698797E-01
  6.40138745E-01  6.25462472E-01  6.14282012E-01  6.11281693E-01  6.08767211E-01
  6.05881929E-01  6.04532301E-01  6.01853311E-01  5.89539707E-01  5.77073514E-01
  5.69522977E-01  5.64879239E-01  5.62173009E-01  5.60780346E-01  5.60359597E-01
  5.60551345E-01  5.61149955E-01  5.62003613E-01  5.62984943E-01  5.64005435E-01
  5.64998925E-01  5.65914690E-01  5.66748619E-01  5.68370104E-01
     2  'FLUX 54     '       2      64
  1.47021222E+00  1.47041202E+00  1.47301841E+00  1.47852623E+00  1.48483968E+00
  1.48524487E+00  1.48857319E+00  1.48179460E+00  1.48293602E+00  1.48561370E+00
  1.49107468E+00  1.49739242E+00  1.49803686E+00  1.49156582E+00  1.49497652E+00
  1.49975419E+00  1.51020253E+00  1.51414025E+00  1.50642240E+00  1.50782430E+00
  1.51038980E+00  1.51545405E+00  1.52012706E+00  1.52230608E+00  1.51655924E+00
  1.51951706E+00  1.52545559E+00  1.53431427E+00  1.53925431E+00  1.51591849E+00
  1.51641667E+00  1.51749277E+00  1.51987386E+00  1.52209902E+00  1.52365839E+00
  1.54125702E+00  1.53788769E+00  1.53135550E+00  1.52571785E+00  1.50889897E+00
  1.47613919E+00  1.45046413E+00  1.43082750E+00  1.42484939E+00  1.42070055E+00
  1.41549230E+00  1.41272950E+00  1.40811396E+00  1.38602769E+00  1.36645806E+00
  1.35703278E+00  1.35333776E+00  1.35329545E+00  1.35560739E+00  1.35946417E+00
  1.36419713E+00  1.36938071E+00  1.37465429E+00  1.37978923E+00  1.38460970E+00
  1.38897932E+00  1.39277220E+00  1.39602840E+00  1.40254939E+00
     2  'FLUX 55     '       2      64
  2.53337884E+00  2.53415442E+00  2.54093313E+00  2.55778670E+00  2.57645106E+00
  2.57770419E+00  2.58615470E+00  2.57578278E+00  2.57847714E+00  2.58652830E+00
  2.60341644E+00  2.62427974E+00  2.62563467E+00  2.59586287E+00  2.60823464E+00
  2.62530708E+00  2.66106844E+00  2.67625189E+00  2.68294477E+00  2.68744826E+00
  2.69649696E+00  2.71426463E+00  2.73133612E+00  2.73842382E+00  2.68946266E+00
  2.70951366E+00  2.74268937E+00  2.78347588E+00  2.81335855E+00  2.82789326E+00
  2.83167243E+00  2.83949375E+00  2.85467458E+00  2.86924291E+00  2.87569046E+00
  2.83522868E+00  2.86006474E+00  2.89102721E+00  2.92967653E+00  2.94586205E+00
  2.92675066E+00  2.91341233E+00  2.90229416E+00  2.89898825E+00  2.89595914E+00
  2.89256740E+00  2.88949895E+00  2.88660026E+00  2.87527728E+00  2.88038278E+00
  2.89794111E+00  2.92129636E+00  2.94751692E+00  2.97492599E+00  3.00205922E+00
  3.02840829E+00  3.05344462E+00  3.07651901E+00  3.09750581E+00  3.11622739E+00
  3.13252759E+00  3.14616346E+00  3.15742707E+00  3.18023181E+00
     2  'FLUX 56     '       2      64
  4.24833250E+00  4.25041485E+00  4.26665926E+00  4.31173992E+00  4.36070204E+00
  4.36408997E+00  4.38462877E+00  4.37030029E+00  4.37622356E+00  4.39759970E+00
  4.44337940E+00  4.50189066E+00  4.50485992E+00  4.41156769E+00  4.44720650E+00
  4.49638653E+00  4.59849310E+00  4.64304161E+00  4.70177460E+00  4.71431255E+00
  4.74095297E+00  4.79324293E+00  4.84452057E+00  4.86453342E+00  4.68660927E+00
  4.75644732E+00  4.86850500E+00  5.00009060E+00  5.10325670E+00  5.26982927E+00
  5.28428411E+00  5.31415319E+00  5.37080336E+00  5.42558241E+00  5.44673729E+00
  5.18651867E+00  5.30875635E+00  5.47565651E+00  5.67497015E+00  5.83163357E+00
  5.91071224E+00  5.98193502E+00  6.03779221E+00  6.05295134E+00  6.06221056E+00
  6.07206535E+00  6.07132149E+00  6.08113146E+00  6.15327072E+00  6.28941154E+00
  6.42733812E+00  6.56049919E+00  6.68662930E+00  6.80500460E+00  6.91329098E+00
  7.01276970E+00  7.10333061E+00  7.18395805E+00  7.25534487E+00  7.31764936E+00
  7.37091208E+00  7.41474199E+00  7.45031834E+00  7.52167368E+00
     2  'FLUX 57     '       2      64
  2.94290805E+00  2.94498038E+00  2.95931220E+00  3.00139070E+00  3.04658341E+00
  3.04975176E+00  3.06815910E+00  3.06073403E+00  3.06573009E+00  3.08574724E+00
  3.12894130E+00  3.18498850E+00  3.18748522E+00  3.09379315E+00  3.12826204E+00
  3.17621398E+00  3.27478266E+00  3.31852221E+00  3.39203000E+00  3.40405798E+00
  3.43040824E+00  3.48206401E+00  3.53317285E+00  3.55250359E+00  3.36323214E+00
  3.43635750E+00  3.55247736E+00  3.68735075E+00  3.79606175E+00  4.01342773E+00
  4.02949333E+00  4.06271029E+00  4.12528896E+00  4.18600798E+00  4.20818472E+00
  3.88683391E+00  4.02949762E+00  4.22922754E+00  4.46716404E+00  4.67407084E+00
  4.81446266E+00  4.93330669E+00  5.02693033E+00  5.05242825E+00  5.06976223E+00
  5.08757591E+00  5.08982754E+00  5.10685587E+00  5.22837925E+00  5.42474031E+00
  5.60730600E+00  5.77492762E+00  5.92807770E+00  6.06788397E+00  6.19293070E+00
  6.30577755E+00  6.40698862E+00  6.49599361E+00  6.57400084E+00  6.64150715E+00
  6.69880772E+00  6.74569941E+00  6.78355360E+00  6.85808325E+00
     2  'FLUX 58     '       2      64
  2.20005035E+00  2.20206642E+00  2.21441793E+00  2.25176930E+00  2.29162478E+00
  2.29443026E+00  2.31035638E+00  2.30646968E+00  2.31070232E+00  2.32858038E+00
  2.36719036E+00  2.41769266E+00  2.41977072E+00  2.33328915E+00  2.36443424E+00
  2.40811276E+00  2.49696231E+00  2.53696704E+00  2.61099648E+00  2.62185907E+00
  2.64605618E+00  2.69342351E+00  2.74056244E+00  2.75803828E+00  2.57865906E+00
  2.64741659E+00  2.75589275E+00  2.88158584E+00  2.98443604E+00  3.20735717E+00
  3.22303987E+00  3.25547719E+00  3.31644320E+00  3.37579370E+00  3.39678168E+00
  3.07170463E+00  3.21263504E+00  3.41204214E+00  3.64999437E+00  3.86561680E+00
  4.02526855E+00  4.15533829E+00  4.25611877E+00  4.28354597E+00  4.30268526E+00
  4.32235909E+00  4.32590294E+00  4.34504080E+00  4.47554016E+00  4.68355465E+00
  4.87341738E+00  5.04530191E+00  5.20056105E+00  5.34092760E+00  5.46546602E+00
  5.57708168E+00  5.67658758E+00  5.76365757E+00  5.83964682E+00  5.90517235E+00
  5.96062613E+00  6.00592232E+00  6.04243183E+00  6.11322212E+00
     2  'FLUX 59     '       2      64
  1.61314690E+00  1.61496663E+00  1.62502348E+00  1.65587950E+00  1.68868351E+00
  1.69099808E+00  1.70402586E+00  1.70181394E+00  1.70524967E+00  1.72012460E+00
  1.75221038E+00  1.79435015E+00  1.79602683E+00  1.72304511E+00  1.74898922E+00
  1.78569627E+00  1.85972273E+00  1.89341593E+00  1.95844412E+00  1.96753609E+00
  1.98802578E+00  2.02808738E+00  2.06810021E+00  2.08272862E+00  1.92883801E+00
  1.98753405E+00  2.07982349E+00  2.18693900E+00  2.27543354E+00  2.47486353E+00
  2.48868251E+00  2.51728916E+00  2.57100344E+00  2.62340045E+00  2.64154172E+00
  2.35123992E+00  2.47537923E+00  2.65227413E+00  2.86408401E+00  3.06044173E+00
  3.21170521E+00  3.33196998E+00  3.42428517E+00  3.44943094E+00  3.46705151E+00
  3.48539662E+00  3.48899841E+00  3.50691628E+00  3.62732625E+00  3.81873059E+00
  3.99189901E+00  4.14753628E+00  4.28725338E+00  4.41289139E+00  4.52386808E+00
  4.62293386E+00  4.71093941E+00  4.78772783E+00  4.85458040E+00  4.91210842E+00
  4.96071434E+00  5.00039101E+00  5.03236389E+00  5.09347916E+00
     2  'FLUX 60     '       2      64
  1.45396304E+00  1.45591128E+00  1.46584451E+00  1.49654961E+00  1.52912188E+00
  1.53142011E+00  1.54438782E+00  1.54245639E+00  1.54586554E+00  1.56078029E+00
  1.59289134E+00  1.63515520E+00  1.63683105E+00  1.56335056E+00  1.58924258E+00
  1.62622905E+00  1.70028710E+00  1.73424900E+00  1.80094731E+00  1.81010461E+00
  1.83093047E+00  1.87160993E+00  1.91234720E+00  1.92707872E+00  1.77010632E+00
  1.82974482E+00  1.92338789E+00  2.03248477E+00  2.12323594E+00  2.33222079E+00
  2.34671307E+00  2.37674475E+00  2.43311214E+00  2.48818159E+00  2.50693321E+00
  2.20150256E+00  2.33080816E+00  2.51620603E+00  2.73916817E+00  2.94911575E+00
  3.11457705E+00  3.24363351E+00  3.34209609E+00  3.36894035E+00  3.38779783E+00
  3.40746713E+00  3.41161203E+00  3.43094254E+00  3.56079865E+00  3.76725316E+00
  3.95295358E+00  4.11901760E+00  4.26744556E+00  4.40039206E+00  4.51745462E+00
  4.62164736E+00  4.71396351E+00  4.79434824E+00  4.86420584E+00  4.92422962E+00
  4.97488737E+00  5.01622725E+00  5.04955244E+00  5.11236715E+00
     2  'FLUX 61     '       2      64
  1.42945540E+00  1.43167686E+00  1.44244754E+00  1.47591329E+00  1.51138914E+00
  1.51389039E+00  1.52816045E+00  1.52551794E+00  1.52924991E+00  1.54564261E+00
  1.58088100E+00  1.62732720E+00  1.62923157E+00  1.54883838E+00  1.57698405E+00
  1.61766183E+00  1.69868803E+00  1.73590326E+00  1.80894780E+00  1.81906426E+00
  1.84228134E+00  1.88761425E+00  1.93314326E+00  1.94942391E+00  1.77532578E+00
  1.84120059E+00  1.94477344E+00  2.06614852E+00  2.16759276E+00  2.40394521E+00
  2.42060542E+00  2.45518994E+00  2.52013254E+00  2.58368516E+00  2.60499835E+00
  2.25557661E+00  2.40208507E+00  2.61377740E+00  2.86991954E+00  3.11415696E+00
  3.30955958E+00  3.45950437E+00  3.57379031E+00  3.60483980E+00  3.62667370E+00
  3.64951038E+00  3.65449810E+00  3.67698193E+00  3.83005548E+00  4.07293177E+00
  4.29006577E+00  4.48328924E+00  4.65527248E+00  4.80873775E+00  4.94346428E+00
  5.06304502E+00  5.16872787E+00  5.26057434E+00  5.34025812E+00  5.40862894E+00
  5.46627092E+00  5.51330805E+00  5.55124521E+00  5.62166452E+00
     2  'FLUX 62     '       2      64
  1.18437719E+00  1.18652594E+00  1.19645917E+00  1.22734916E+00  1.26011252E+00
  1.26241732E+00  1.27582514E+00  1.27223170E+00  1.27572954E+00  1.29101479E+00
  1.32380235E+00  1.36704004E+00  1.36891878E+00  1.29488754E+00  1.32067764E+00
  1.35849702E+00  1.43345177E+00  1.46785307E+00  1.53418279E+00  1.54366398E+00
  1.56562197E+00  1.60849357E+00  1.65167463E+00  1.66694200E+00  1.50432837E+00
  1.56559181E+00  1.66221321E+00  1.77640378E+00  1.87220168E+00  2.09610653E+00
  2.11235738E+00  2.14617300E+00  2.20972943E+00  2.27203822E+00  2.29262853E+00
  1.95569623E+00  2.09563708E+00  2.29963398E+00  2.54842496E+00  2.78819942E+00
  2.98177218E+00  3.12786746E+00  3.23921347E+00  3.26949286E+00  3.29077220E+00
  3.31284356E+00  3.31781626E+00  3.33970475E+00  3.49225664E+00  3.73380685E+00
  3.94843173E+00  4.13849258E+00  4.30695677E+00  4.45671177E+00  4.58779907E+00
  4.70382357E+00  4.80610466E+00  4.89482641E+00  4.97167158E+00  5.03751707E+00
  5.09297562E+00  5.13823938E+00  5.17477846E+00  5.24138355E+00
     2  'FLUX 63     '       2      64
  7.75707603E-01  7.77388215E-01  7.84606636E-01  8.06915402E-01  8.30614746E-01
  8.32277000E-01  8.42159212E-01  8.38516712E-01  8.41116428E-01  8.52283716E-01
  8.76153231E-01  9.07609761E-01  9.09064889E-01  8.55885446E-01  8.74327123E-01
  9.01820004E-01  9.55951035E-01  9.80860651E-01  1.02745056E+00  1.03440237E+00
  1.05062711E+00  1.08229744E+00  1.11427236E+00  1.12546337E+00  1.00718164E+00
  1.05156755E+00  1.12177157E+00  1.20559418E+00  1.27619505E+00  1.44072044E+00
  1.45306492E+00  1.47881067E+00  1.52725172E+00  1.57482123E+00  1.59032488E+00
  1.33799040E+00  1.44194043E+00  1.59466791E+00  1.78254580E+00  1.96531200E+00
  2.11359477E+00  2.22346473E+00  2.30715656E+00  2.32980490E+00  2.34587884E+00
  2.36242318E+00  2.36613488E+00  2.38256478E+00  2.50007319E+00  2.68623495E+00
  2.85080528E+00  2.99591684E+00  3.12405896E+00  3.23757839E+00  3.33668923E+00
  3.42419004E+00  3.50114942E+00  3.56779552E+00  3.62543583E+00  3.67476845E+00
  3.71628642E+00  3.75018525E+00  3.77758574E+00  3.82657313E+00
     2  'FLUX 64     '       2      64
  6.92445695E-01  6.94230855E-01  7.01372325E-01  7.23222077E-01  7.46490121E-01
  7.48113930E-01  7.58018017E-01  7.53219962E-01  7.55859077E-01  7.66933739E-01
  7.90504694E-01  8.21527123E-01  8.23059738E-01  7.71404028E-01  7.89250612E-01
  8.16332161E-01  8.69279444E-01  8.93719018E-01  9.37583566E-01  9.44499552E-01
  9.60753918E-01  9.92472947E-01  1.02456594E+00  1.03568852E+00  9.19393778E-01
  9.62862313E-01  1.03185034E+00  1.11516881E+00  1.18560183E+00  1.34853816E+00
  1.36123335E+00  1.38777232E+00  1.43776643E+00  1.48693907E+00  1.50275266E+00
  1.24748456E+00  1.35183489E+00  1.50635290E+00  1.69819582E+00  1.88636875E+00
  2.03936648E+00  2.15057874E+00  2.23514986E+00  2.25814795E+00  2.27427197E+00
  2.29098821E+00  2.29468250E+00  2.31137943E+00  2.43329597E+00  2.62680483E+00
  2.79710054E+00  2.94666123E+00  3.07826591E+00  3.19447160E+00  3.29567742E+00
  3.38481498E+00  3.46304297E+00  3.53068256E+00  3.58910298E+00  3.63904953E+00
  3.68105555E+00  3.71536899E+00  3.74314475E+00  3.79182243E+00
     2  'FLUX 65     '       2      64
  5.87955356E-01  5.89787185E-01  5.96641183E-01  6.17312670E-01  6.39421582E-01
  6.40951753E-01  6.50595963E-01  6.44335091E-01  6.46954298E-01  6.57593608E-01
  6.80122554E-01  7.09719121E-01  7.11307704E-01  6.63162827E-01  6.79739714E-01
  7.05476820E-01  7.55382061E-01  7.78443992E-01  8.17211092E-01  8.23882699E-01
  8.39680016E-01  8.70509684E-01  9.01788652E-01  9.12496448E-01  8.02476108E-01
  8.43391955E-01  9.08686936E-01  9.88717675E-01  1.05660176E+00  1.21152020E+00
  1.22424269E+00  1.25092089E+00  1.30126405E+00  1.35088277E+00  1.36658728E+00
  1.11649024E+00  1.21776748E+00  1.36926115E+00  1.55957294E+00  1.74791515E+00
  1.90111506E+00  2.00992322E+00  2.09264898E+00  2.11506414E+00  2.13074207E+00
  2.14704919E+00  2.15075612E+00  2.16700363E+00  2.28990078E+00  2.48537731E+00
  2.65649319E+00  2.80606747E+00  2.93713808E+00  3.05242991E+00  3.15255499E+00
  3.24049783E+00  3.31748700E+00  3.38393784E+00  3.44124436E+00  3.49018168E+00
  3.53130746E+00  3.56492352E+00  3.59218073E+00  3.63884592E+00
     2  'FLUX 66     '       2      64
  4.62156266E-01  4.63928759E-01  4.70209509E-01  4.88766670E-01  5.08767962E-01
  5.10143042E-01  5.19134104E-01  5.11064529E-01  5.13574004E-01  5.23313463E-01
  5.43808997E-01  5.70663512E-01  5.72278619E-01  5.30257702E-01  5.44693708E-01
  5.67825735E-01  6.12248957E-01  6.32689893E-01  6.63284838E-01  6.69426143E-01
  6.84084475E-01  7.12715983E-01  7.41878629E-01  7.51698017E-01  6.53744459E-01
  6.89917564E-01  7.48206198E-01  8.21096301E-01  8.83068085E-01  1.02108276E+00
  1.03333938E+00  1.05915070E+00  1.10798717E+00  1.15625954E+00  1.17122686E+00
  9.37987804E-01  1.03126836E+00  1.17280245E+00  1.35341418E+00  1.53394294E+00
  1.68054187E+00  1.78172827E+00  1.85863686E+00  1.87951708E+00  1.89408159E+00
  1.90907836E+00  1.91251373E+00  1.92758489E+00  2.04642868E+00  2.23545885E+00
  2.39972305E+00  2.54243207E+00  2.66683388E+00  2.77574730E+00  2.87000513E+00
  2.95252442E+00  3.02455688E+00  3.08660340E+00  3.14001989E+00  3.18557596E+00
  3.22383022E+00  3.25512433E+00  3.28055453E+00  3.32289076E+00
     2  'FLUX 67     '       2      64
  3.19137782E-01  3.20668221E-01  3.25985998E-01  3.41238856E-01  3.57922703E-01
  3.59050542E-01  3.66841346E-01  3.56771171E-01  3.59029323E-01  3.67239833E-01
  3.84392083E-01  4.06786621E-01  4.08365697E-01  3.75732332E-01  3.86961341E-01
  4.05831158E-01  4.41659808E-01  4.57834601E-01  4.76662129E-01  4.81881201E-01
  4.94436413E-01  5.19029796E-01  5.44237733E-01  5.52519798E-01  4.74208415E-01
  5.02822280E-01  5.49797475E-01  6.10267520E-01  6.61618471E-01  7.70725906E-01
  7.81742990E-01  8.05086613E-01  8.49450171E-01  8.93495381E-01  9.06761885E-01
  7.07349241E-01  7.85672843E-01  9.07157779E-01  1.06564176E+00  1.22583985E+00
  1.35537815E+00  1.44156897E+00  1.50718212E+00  1.52497101E+00  1.53724408E+00
  1.54994142E+00  1.55274534E+00  1.56563187E+00  1.67194295E+00  1.84061348E+00
  1.98568249E+00  2.11068273E+00  2.21890712E+00  2.31309867E+00  2.39426517E+00
  2.46504569E+00  2.52662325E+00  2.57954001E+00  2.62501192E+00  2.66373801E+00
  2.69623327E+00  2.72284603E+00  2.74453402E+00  2.77944040E+00
     2  'FLUX 68     '       2      64
  1.71060607E-01  1.72115386E-01  1.75976709E-01  1.86558127E-01  1.98495224E-01
  1.99279770E-01  2.05127463E-01  1.93525493E-01  1.95310667E-01  2.01194704E-01
  2.13401243E-01  2.29279771E-01  2.30696917E-01  2.10916176E-01  2.17822149E-01
  2.30471775E-01  2.54180312E-01  2.64222503E-01  2.68171370E-01  2.71954596E-01
  2.81110555E-01  2.99208045E-01  3.18004608E-01  3.23927075E-01  2.74061978E-01
  2.91946888E-01  3.22587132E-01  3.64003927E-01  3.98718268E-01  4.64371920E-01
  4.72966135E-01  4.91367102E-01  5.26666462E-01  5.62022150E-01  5.72181761E-01
  4.29781049E-01  4.84019101E-01  5.71593225E-01  6.89944744E-01  8.11131179E-01
  9.08281684E-01  9.69800115E-01  1.01689839E+00  1.02949941E+00  1.03827894E+00
  1.04721963E+00  1.04913259E+00  1.05832434E+00  1.13949800E+00  1.26688170E+00
  1.37459695E+00  1.46626854E+00  1.54487503E+00  1.61275041E+00  1.67091668E+00
  1.72139812E+00  1.76514292E+00  1.80263901E+00  1.83479619E+00  1.86214674E+00
  1.88508570E+00  1.90390837E+00  1.91931880E+00  1.94308043E+00
     2  'FLUX 69     '       2      64
  4.22881022E-02  4.27657925E-02  4.45118472E-02  4.88571487E-02  5.42056002E-02
  5.45441620E-02  5.72994575E-02  4.80279438E-02  4.89203334E-02  5.13970330E-02
  5.65739051E-02  6.33441284E-02  6.42246604E-02  5.92612624E-02  6.11465946E-02
  6.55986518E-02  7.38712400E-02  7.66684338E-02  6.85510710E-02  7.01446086E-02
  7.39799961E-02  8.18722546E-02  9.04720053E-02  9.29428935E-02  7.89649487E-02
  8.37484226E-02  9.33152959E-02  1.08116068E-01  1.19741164E-01  1.30535021E-01
  1.34502277E-01  1.43225804E-01  1.60564825E-01  1.78526610E-01  1.83157578E-01
  1.30091906E-01  1.48885950E-01  1.82482362E-01  2.31980875E-01  2.83742279E-01
  3.24640393E-01  3.48611683E-01  3.67326200E-01  3.72207075E-01  3.75536352E-01
  3.78871858E-01  3.79542619E-01  3.83122832E-01  4.18965757E-01  4.72594827E-01
  5.16115606E-01  5.52258074E-01  5.82744956E-01  6.08761668E-01  6.30900264E-01
  6.50008678E-01  6.66500926E-01  6.80608988E-01  6.92693412E-01  7.02968121E-01
  7.11593390E-01  7.18708158E-01  7.24608958E-01  7.33083189E-01
     2  'FUNSUR  1   '       2       4
  5.58939464E-02  5.78126945E-02  5.58939464E-02  5.78126945E-02
     2  'FUNSUR  2   '       2       4
  2.13803232E-01  2.18725801E-01  2.13803217E-01  2.18725786E-01
     2  'FUNSUR  3   '       2       4
  4.26625371E-01  4.32284832E-01  4.26625401E-01  4.32284832E-01
     2  'FUNSUR  4   '       2       4
  3.96267951E-01  3.98558080E-01  3.96267951E-01  3.98558110E-01
     2  'FUNSUR  5   '       2       4
  2.98937589E-01  2.96881020E-01  2.98937619E-01  2.96881020E-01
     2  'FUNSUR  6   '       2       4
  3.90048832E-01  3.86501521E-01  3.90048862E-01  3.86501521E-01
     2  'FUNSUR  7   '       2       4
  3.40659142E-01  3.37919444E-01  3.40659142E-01  3.37919503E-01
     2  'FUNSUR  8   '       2       4
  4.81452137E-01  4.77564722E-01  4.81452167E-01  4.77564782E-01
     2  'FUNSUR  9   '       2       4
  5.30876756E-01  5.26490033E-01  5.30876696E-01  5.26490092E-01
     2  'FUNSUR 10   '       2       4
  5.84470749E-01  5.79931259E-01  5.84470749E-01  5.79931378E-01
     2  'FUNSUR 11   '       2       4
  6.31804526E-01  6.27278447E-01  6.31804526E-01  6.27278507E-01
     2  'FUNSUR 12   '       2       4
  6.74386501E-01  6.70235276E-01  6.74386501E-01  6.70235395E-01
     2  'FUNSUR 13   '       2       4
  7.03659654E-01  6.99936986E-01  7.03659594E-01  6.99937046E-01
     2  'FUNSUR 14   '       2       4
  7.26560056E-01  7.23380208E-01  7.26559937E-01  7.23380327E-01
     2  'FUNSUR 15   '       2       4
  7.43203759E-01  7.40497053E-01  7.43203700E-01  7.40497172E-01
     2  'FUNSUR 16   '       2       4
  6.85175776E-01  6.83102965E-01  6.85175717E-01  6.83103025E-01
     2  'FUNSUR 17   '       2       4
  6.94456339E-01  6.92725182E-01  6.94456220E-01  6.92725241E-01
     2  'FUNSUR 18   '       2       4
  7.03510821E-01  7.02065766E-01  7.03510702E-01  7.02065885E-01
     2  'FUNSUR 19   '       2       4
  7.10057974E-01  7.08867133E-01  7.10057855E-01  7.08867252E-01
     2  'FUNSUR 20   '       2       4
  1.43358231E+00  1.43190968E+00  1.43358219E+00  1.43190980E+00
     2  'FUNSUR 21   '       2       4
  1.43999946E+00  1.43904614E+00  1.43999922E+00  1.43904626E+00
     2  'FUNSUR 22   '       2       4
  1.07952785E+00  1.07915199E+00  1.07952774E+00  1.07915223E+00
     2  'FUNSUR 23   '       2       4
  7.18203485E-01  7.18080223E-01  7.18203366E-01  7.18080282E-01
     2  'FUNSUR 24   '       2       4
  8.71242285E-01  8.71238708E-01  8.71242166E-01  8.71238828E-01
     2  'FUNSUR 25   '       2       4
  8.65077794E-01  8.65219295E-01  8.65077674E-01  8.65219355E-01
     2  'FUNSUR 26   '       2       4
  7.51626134E-01  7.51823068E-01  7.51626074E-01  7.51823187E-01
     2  'FUNSUR 27   '       2       4
  1.39315295E+00  1.39376891E+00  1.39315271E+00  1.39376903E+00
     2  'FUNSUR 28   '       2       4
  3.07397634E-01  3.07557940E-01  3.07397604E-01  3.07558000E-01
     2  'FUNSUR 29   '       2       4
  3.78302246E-01  3.78503680E-01  3.78302187E-01  3.78503740E-01
     2  'FUNSUR 30   '       2       4
  3.44247371E-01  3.44431788E-01  3.44247371E-01  3.44431818E-01
     2  'FUNSUR 31   '       2       4
  5.53758085E-01  5.54050267E-01  5.53758025E-01  5.54050386E-01
     2  'FUNSUR 32   '       2       4
  2.39977494E-01  2.40102693E-01  2.39977494E-01  2.40102679E-01
     2  'FUNSUR 33   '       2       4
  2.08451062E-01  2.08559036E-01  2.08451048E-01  2.08559081E-01
     2  'FUNSUR 34   '       2       4
  4.07488868E-02  4.07699905E-02  4.07488830E-02  4.07699980E-02
     2  'FUNSUR 35   '       2       4
  4.03440967E-02  4.03650068E-02  4.03440967E-02  4.03650142E-02
     2  'FUNSUR 36   '       2       4
  4.14435379E-02  4.14649919E-02  4.14435342E-02  4.14649993E-02
     2  'FUNSUR 37   '       2       4
  4.25672196E-02  4.25891839E-02  4.25672159E-02  4.25891876E-02
     2  'FUNSUR 38   '       2       4
  4.19988222E-02  4.20203656E-02  4.19988185E-02  4.20203730E-02
     2  'FUNSUR 39   '       2       4
  4.13970910E-02  4.14182208E-02  4.13970873E-02  4.14182283E-02
     2  'FUNSUR 40   '       2       4
  4.25279513E-02  4.25496176E-02  4.25279513E-02  4.25496250E-02
     2  'FUNSUR 41   '       2       4
  4.00356725E-02  4.00559865E-02  4.00356688E-02  4.00559902E-02
     2  'FUNSUR 42   '       2       4
  7.57623091E-02  7.58007616E-02  7.57623017E-02  7.58007765E-02
     2  'FUNSUR 43   '       2       4
  1.21551596E-01  1.21613152E-01  1.21551596E-01  1.21613167E-01
     2  'FUNSUR 44   '       2       4
  1.54723734E-01  1.54800817E-01  1.54723719E-01  1.54800847E-01
     2  'FUNSUR 45   '       2       4
  4.09795642E-01  4.09994423E-01  4.09795642E-01  4.09994483E-01
     2  'FUNSUR 46   '       2       4
  4.28784251E-01  4.28979903E-01  4.28784221E-01  4.28979963E-01
     2  'FUNSUR 47   '       2       4
  4.52289671E-01  4.52473432E-01  4.52289611E-01  4.52473491E-01
     2  'FUNSUR 48   '       2       4
  2.93869227E-01  2.93969274E-01  2.93869197E-01  2.93969333E-01
     2  'FUNSUR 49   '       2       4
  2.14552402E-01  2.14613721E-01  2.14552402E-01  2.14613765E-01
     2  'FUNSUR 50   '       2       4
  1.67541742E-01  1.67583510E-01  1.67541742E-01  1.67583540E-01
     2  'FUNSUR 51   '       2       4
  1.96351096E-01  1.96395695E-01  1.96351096E-01  1.96395725E-01
     2  'FUNSUR 52   '       2       4
  3.80707771E-01  3.80793810E-01  3.80707771E-01  3.80793869E-01
     2  'FUNSUR 53   '       2       4
  5.67616820E-01  5.67776740E-01  5.67616820E-01  5.67776799E-01
     2  'FUNSUR 54   '       2       4
  1.39819443E+00  1.39880013E+00  1.39819443E+00  1.39880025E+00
     2  'FUNSUR 55   '       2       4
  3.16242337E+00  3.16445041E+00  3.16242337E+00  3.16445088E+00
     2  'FUNSUR 56   '       2       4
  7.46404934E+00  7.47010422E+00  7.46404934E+00  7.47010517E+00
     2  'FUNSUR 57   '       2       4
  6.79904175E+00  6.80505991E+00  6.79904175E+00  6.80506039E+00
     2  'FUNSUR 58   '       2       4
  6.05845022E+00  6.06395769E+00  6.05845070E+00  6.06395864E+00
     2  'FUNSUR 59   '       2       4
  5.04738951E+00  5.05197954E+00  5.04738951E+00  5.05198002E+00
     2  'FUNSUR 60   '       2       4
  5.06624460E+00  5.07079744E+00  5.06624460E+00  5.07079792E+00
     2  'FUNSUR 61   '       2       4
  5.57147121E+00  5.57638025E+00  5.57147121E+00  5.57638025E+00
     2  'FUNSUR 62   '       2       4
  5.19558811E+00  5.20001841E+00  5.19558811E+00  5.20001888E+00
     2  'FUNSUR 63   '       2       4
  3.79421353E+00  3.79730606E+00  3.79421329E+00  3.79730630E+00
     2  'FUNSUR 64   '       2       4
  3.76097345E+00  3.76388383E+00  3.76097322E+00  3.76388407E+00
     2  'FUNSUR 65   '       2       4
  3.61068940E+00  3.61330342E+00  3.61068940E+00  3.61330342E+00
     2  'FUNSUR 66   '       2       4
  3.29882693E+00  3.30101585E+00  3.29882669E+00  3.30101609E+00
     2  'FUNSUR 67   '       2       4
  2.76102185E+00  2.76265359E+00  2.76102185E+00  2.76265430E+00
     2  'FUNSUR 68   '       2       4
  1.93172586E+00  1.93269432E+00  1.93172598E+00  1.93269491E+00
     2  'FUNSUR 69   '       2       4
  7.29771197E-01  7.30030656E-01  7.29771197E-01  7.30030715E-01
     2  '1/EIGENVALUE'       2       1
  1.21737790E+00
     1  'K-EFFECTIVE '       2       1
  1.21737790E+00
     1  'K-INFINITY  '       2       1
  1.21737790E+00
     1  'EPS-CONVERGE'       2       5
  4.99999987E-05  9.99999975E-06  4.99999987E-05  1.00000000E+01  1.00000000E+02
     1  'STATE-VECTOR'       1      40
       -99         0         3         3         1       138       127         0
        69        64         0         1         0         0         0         0
         0         0         0         0         0         0         0         0
         0         0         0         0         0         0         0         0
         0         0         0         0         0         0         0         0
