calc_type
1
1.E-5  1000
mesh_numbers
44 30 14 
x-meshes
  2 43 11.375
  3 42 28.575
  9 36 14.2875

y-meshes
  2 29 11.375
  3 28 28.575

z-meshes
  2 13 49.53

materials_map
 19 26  2  2  2 13  1  
 14 31  3  3  2 13  1
 11 34  4  4  2 13  1
  8 37  5  5  2 13  1
 17 28  5  5  2 13  2
  7 38  6  6  2 13  1  
 11 34  6  6  2 13  2
  6 39  7  7  2 13  1
  9 36  7  7  2 13  2
  5 40  8  8  2 13  1
  8 37  8  8  2 13  2
  4 41  9  9  2 13  1
  4 41 10 10  2 13  1
  7 38  9  9  2 13  2
  7 38 10 10  2 13  2
  3 42 11 12  2 13  1
  6 39 11 12  2 13  2
  2 43 13 15  2 13  1
  5 40 13 15  2 13  2
 19 26 29 29  2 13  1  
 14 31 28 28  2 13  1
 11 34 27 27  2 13  1
  8 37 26 26  2 13  1
 17 28 26 26  2 13  2
  7 38 25 25  2 13  1  
 11 34 25 25  2 13  2
  6 39 24 24  2 13  1
  9 36 24 24  2 13  2
  5 40 23 23  2 13  1
  8 37 23 23  2 13  2
  4 41 22 22  2 13  1
  4 41 21 21  2 13  1
  7 38 22 22  2 13  2
  7 38 21 21  2 13  2
  3 42 19 20  2 13  1
  6 39 19 20  2 13  2
  2 43 16 18  2 13  1
  5 40 16 18  2 13  2

fuelled_region
 22 22    Number of rows & columns of fuel channels
 5 6 7 8  9 11 13 15 17 19 21 23 25 27 29 31 33 35 37 38 39 40
 5 6 7 8 10 12 14 16 18 20 22 24 26 28 30 32 34 36 37 38 39 40
 5 6 7 8 9 10 11 12 13 14 15 16 17 18 19 20 21 22 23 24 25 26
 5 6 7 8 9 10 11 12 13 14 15 16 17 18 19 20 21 22 23 24 25 26
 5 5    First row and leftmost column where fuel is found
 13 10 9 8 7 7 6 6 5 5 5 5 5 5 6 6 7 7 8 9 10 13 [1st col. of channels per row]
 6 12 14 16 18 18 20 20 22 22 22 22 22 22 20 20 18 18 16 14 12 6 [# of channels per row]
adjusters      1lp
  51
A-INNER   0.000493
22 23 13 18 6 6
A-OUTRU   0.000432
22 23 10 12 6 6 
A-OUTRL   0.000432
22 23 19 21 6 6 
B-INNRL   0.000703
18 19 13 18 6 6
B-OUTLU   0.000703
18 19 10 12 6 6 
B-OUTLL   0.000703
18 19 19 21 6 6 
B-INNRR   0.000703
26 27 13 18 6 6
B-OUTRU   0.000703
26 27 10 12 6 6 
B-OUTRL   0.000703
26 27 19 21 6 6 
C-INNRL   0.000640
14 15 13 18 6 6
C-OUTLU   0.000313
14 15 10 12 6 6 
C-OUTLL   0.000313
14 15 19 21 6 6 
C-INNRR   0.000640
30 31 13 18 6 6
C-OUTRU   0.000313
30 31 10 12 6 6 
C-OUTRL   0.000313
30 31 19 21 6 6
D-INNRL   0.000419
10 11 14 17 6 6
D-INNRR   0.000419
34 35 14 17 6 6
E-INNER   0.000246
22 23 13 18 7 8
E-OUTRU   0.000216
22 23 10 12 7 8 
E-OUTRL   0.000216
22 23 19 21 7 8 
F-INNRL   0.000356
18 19 13 18 7 8
F-OUTLU   0.000356
18 19 10 12 7 8 
F-OUTLL   0.000356
18 19 19 21 7 8 
F-INNRR   0.000356
26 27 13 18 7 8
F-OUTRU   0.000356
26 27 10 12 7 8 
F-OUTRL   0.000356
26 27 19 21 7 8 
G-INNRL   0.000321
14 15 13 18 7 8
G-OUTLU   0.000155
14 15 10 12 7 8 
G-OUTLL   0.000155
14 15 19 21 7 8 
G-INNRR   0.000321
30 31 13 18 7 8
G-OUTRU   0.000155
30 31 10 12 7 8 
G-OUTRL   0.000155
30 31 19 21 7 8
H-INNRL   0.000209
10 11 14 17 7 8
H-INNRR   0.000209
34 35 14 17 7 8
I-INNER   0.000493
22 23 13 18 9 9
I-OUTRU   0.000432
22 23 10 12 9 9 
I-OUTRL   0.000432
22 23 19 21 9 9 
J-INNRL   0.000703
18 19 13 18 9 9
J-OUTLU   0.000703
18 19 10 12 9 9 
J-OUTLL   0.000703
18 19 19 21 9 9 
J-INNRR   0.000703
26 27 13 18 9 9
J-OUTRU   0.000703
26 27 10 12 9 9 
J-OUTRL   0.000703
26 27 19 21 9 9 
K-INNRL   0.000640
14 15 13 18 9 9
K-OUTLU   0.000313
14 15 10 12 9 9 
K-OUTLL   0.000313
14 15 19 21 9 9 
K-INNRR   0.000640
30 31 13 18 9 9
K-OUTRU   0.000313
30 31 10 12 9 9 
K-OUTRL   0.000313
30 31 19 21 9 9
L-INNRL   0.000419
10 11 14 17 9 9
L-INNRR   0.000419
34 35 14 17 9 9
liqzonctrs
  14
LZC 1     0.001026
10 11  6 14 5 5
LZC 2     0.001026
10 11 15 22 5 5
LZC 3     0.001026
22 23  3 10 5 5	
LZC 4     0.001026
22 23 11 17 5 5
LZC 5     0.001026
22 23 18 24 5 5
LZC 6     0.001026
34 35  6 14 5 5 
LZC 7     0.001026
34 35 15 22 5 5
LZC 8     0.001026
10 11  6 14 10 10 
LZC 9     0.001026
10 11 15 22 10 10
LZC10     0.001026
22 23  3 10 10 10
LZC11     0.001026
22 23 11 17 10 10
LZC12     0.001026
22 23 18 24 10 10
LZC13     0.001026
34 35  6 14 10 10  
LZC14     0.001026
34 35 15 22 10 10
  5 14  5 15  2  7
  5 14 16 26  2  7
 15 30  5 12  2  7
 15 30 13 18  2  7 
 15 30 19 26  2  7
 31 40  5 15  2  7
 31 40 16 26  2  7
  5 14  5 15  8 13
  5 14 16 26  8 13
 15 30  5 12  8 13
 15 30 13 18  8 13 
 15 30 19 26  8 13
 31 40  5 15  8 13
 31 40 16 26  8 13
0.960 0.963 1.107 0.939 1.112 0.959 0.959 0.960 0.963 1.107 0.939 1.112 0.959 0.959
0.50 0.50 0.50 0.45 0.50 0.50 0.50 0.50 0.50 0.50 0.45 0.50 0.50 0.50
 0 0
boron
0.0
end


0.50 0.50 0.50 0.45 0.50 0.50 0.50 0.50 0.50 0.50 0.45 0.50 0.50 0.50
1.00 1.00 1.00 1.00 1.00 1.00 1.00 1.00 1.00 1.00 1.00 1.00 1.00 1.00

0.0 0.0 0.0 0.0 0.0 0.0 0.0
0.069 0.069 0.079 0.067 0.079 0.069 0.069 0.069 0.069 0.079 0.067 0.079 0.069 0.069

adjusters      1lp
  51
A-INNER   0.000
22 23 13 18 6 6
A-OUTRU   0.000
22 23 10 12 6 6 
A-OUTRL   0.000
22 23 19 21 6 6 
B-INNRL   0.000
18 19 13 18 6 6
B-OUTLU   0.000
18 19 10 12 6 6 
B-OUTLL   0.000
18 19 19 21 6 6 
B-INNRR   0.000
26 27 13 18 6 6
B-OUTRU   0.000
26 27 10 12 6 6 
B-OUTRL   0.000
26 27 19 21 6 6 
C-INNRL   0.000
14 15 13 18 6 6
C-OUTLU   0.000
14 15 10 12 6 6 
C-OUTLL   0.000
14 15 19 21 6 6 
C-INNRR   0.000
30 31 13 18 6 6
C-OUTRU   0.000
30 31 10 12 6 6 
C-OUTRL   0.000
30 31 19 21 6 6
D-INNRL   0.000
10 11 14 17 6 6
D-INNRR   0.000
34 35 14 17 6 6
E-INNER   0.000
22 23 13 18 7 8
E-OUTRU   0.000
22 23 10 12 7 8 
E-OUTRL   0.000
22 23 19 21 7 8 
F-INNRL   0.000
18 19 13 18 7 8
F-OUTLU   0.000
18 19 10 12 7 8 
F-OUTLL   0.000
18 19 19 21 7 8 
F-INNRR   0.000
26 27 13 18 7 8
F-OUTRU   0.000
26 27 10 12 7 8 
F-OUTRL   0.000
26 27 19 21 7 8 
G-INNRL   0.000
14 15 13 18 7 8
G-OUTLU   0.000
14 15 10 12 7 8 
G-OUTLL   0.000
14 15 19 21 7 8 
G-INNRR   0.000
30 31 13 18 7 8
G-OUTRU   0.000
30 31 10 12 7 8 
G-OUTRL   0.000
30 31 19 21 7 8
H-INNRL   0.000
10 11 14 17 7 8
H-INNRR   0.000
34 35 14 17 7 8
I-INNER   0.000
22 23 13 18 9 9
I-OUTRU   0.000
22 23 10 12 9 9 
I-OUTRL   0.000
22 23 19 21 9 9 
J-INNRL   0.000
18 19 13 18 9 9
J-OUTLU   0.000
18 19 10 12 9 9 
J-OUTLL   0.000
18 19 19 21 9 9 
J-INNRR   0.000
26 27 13 18 9 9
J-OUTRU   0.000
26 27 10 12 9 9 
J-OUTRL   0.000
26 27 19 21 9 9 
K-INNRL   0.000
14 15 13 18 9 9
K-OUTLU   0.000
14 15 10 12 9 9 
K-OUTLL   0.000
14 15 19 21 9 9 
K-INNRR   0.000
30 31 13 18 9 9
K-OUTRU   0.000
30 31 10 12 9 9 
K-OUTRL   0.000
30 31 19 21 9 9
L-INNRL   0.000
10 11 14 17 9 9
L-INNRR   0.000
34 35 14 17 9 9

