 2
1.636	2
1.954	2
                 1 1 1 1 1 1
           1 1 1 1 1 1 1 1 1 1 1 1
         1 1 1 1 1 1 1 1 1 1 1 1 1 1
       1 1 1 1 1 2 2 2 2 2 2 1 1 1 1 1 
     1 1 1 1 2 2 2 2 2 2 2 2 2 2 1 1 1 1
     1 1 1 2 2 2 2 2 2 2 2 2 2 2 2 1 1 1 
   1 1 1 2 2 2 2 2 2 2 2 2 2 2 2 2 2 1 1 1 
   1 1 1 2 2 2 2 2 2 2 2 2 2 2 2 2 2 1 1 1
 1 1 1 2 2 2 2 2 2 2 2 2 2 2 2 2 2 2 2 1 1 1
 1 1 1 2 2 2 2 2 2 2 2 2 2 2 2 2 2 2 2 1 1 1
 1 1 1 2 2 2 2 2 2 2 2 2 2 2 2 2 2 2 2 1 1 1
 1 1 1 2 2 2 2 2 2 2 2 2 2 2 2 2 2 2 2 1 1 1
 1 1 1 2 2 2 2 2 2 2 2 2 2 2 2 2 2 2 2 1 1 1
 1 1 1 2 2 2 2 2 2 2 2 2 2 2 2 2 2 2 2 1 1 1
   1 1 1 2 2 2 2 2 2 2 2 2 2 2 2 2 2 1 1 1 
   1 1 1 2 2 2 2 2 2 2 2 2 2 2 2 2 2 1 1 1 
     1 1 1 2 2 2 2 2 2 2 2 2 2 2 2 1 1 1 
     1 1 1 1 2 2 2 2 2 2 2 2 2 2 1 1 1 1 
       1 1 1 1 1 2 2 2 2 2 2 1 1 1 1 1 
         1 1 1 1 1 1 1 1 1 1 1 1 1 1 
           1 1 1 1 1 1 1 1 1 1 1 1
                 1 1 1 1 1 1
