 Dwell Times in FPD
    77.92    75.45    73.11    73.11    75.45    77.92    87.65    74.26    65.05    60.78
    58.23    57.30    57.30    58.23    60.78    65.05    74.25    87.63    78.29    66.82
    58.25    53.01    50.14    48.91    49.36    49.36    48.91    50.13    53.00    58.24
    66.81    78.28    75.35    63.31    54.67    49.32    46.20    53.72    53.19    54.15
    54.15    53.18    53.71    46.19    49.32    54.66    63.30    75.34    77.42    63.17
    54.06    48.34    54.02    51.62    50.56    50.41    51.43    51.43    50.41    50.56
    51.62    54.02    48.34    54.05    63.15    77.41    64.85    54.86    49.35    54.73
    51.83    50.22    50.12    50.13    50.68    50.67    50.13    50.12    50.22    51.82
    54.73    49.34    54.85    64.84    70.34    57.72    49.85    56.18    52.87    50.36
    49.19    49.35    49.26    48.88    48.88    49.25    49.35    49.18    50.36    52.87
    56.17    49.84    57.71    70.33    62.96    52.45    46.60    53.79    51.47    49.54
    48.65    48.84    48.69    48.15    48.15    48.68    48.84    48.64    49.53    51.47
    53.78    46.59    52.44    62.95    74.96    58.70    49.13    53.71    52.38    50.76
    49.57    48.87    48.72    48.56    48.16    48.16    48.56    48.71    48.86    49.56
    50.75    52.37    53.70    49.12    58.69    74.94    71.08    55.47    47.03    52.13
    51.86    50.67    49.35    48.81    48.74    48.78    48.76    48.76    48.77    48.73
    48.80    49.34    50.66    51.85    52.12    47.02    55.46    71.07    68.55    53.83
    45.87    50.95    50.11    49.19    48.84    48.64    48.79    49.16    50.02    50.02
    49.16    48.79    48.64    48.83    49.18    50.10    50.94    45.86    53.82    68.53
    68.41    53.68    45.66    50.57    49.48    48.59    48.51    48.51    48.79    49.30
    50.33    50.33    49.30    48.79    48.50    48.50    48.58    49.47    50.56    45.65
    53.67    68.40    70.71    55.06    46.47    51.05    49.54    48.48    48.43    48.46
    48.73    49.15    50.00    50.00    49.15    48.73    48.45    48.43    48.48    49.54
    51.04    46.46    55.05    70.70    74.49    58.19    48.48    52.51    49.99    48.55
    48.62    48.51    48.70    48.82    48.69    48.69    48.82    48.69    48.50    48.61
    48.54    49.98    52.50    48.47    58.18    74.47    62.59    52.02    46.03    52.88
    50.67    49.10    48.49    48.87    48.83    48.37    48.37    48.83    48.86    48.49
    49.09    50.66    52.87    46.02    52.01    62.58    70.34    57.77    49.95    56.41
    53.11    50.54    49.34    49.48    49.33    48.86    48.86    49.33    49.48    49.33
    50.53    53.10    56.40    49.94    57.76    70.33    65.59    55.84    50.90    56.36
    52.66    50.71    50.40    50.19    50.25    50.25    50.18    50.40    50.70    52.66
    56.35    50.89    55.83    65.58    79.04    65.07    56.91    50.67    55.34    52.37
    51.01    50.65    51.49    51.49    50.64    51.01    52.37    55.33    50.67    56.90
    65.06    79.03    77.79    65.74    56.55    50.52    46.96    54.33    53.60    54.46
    54.46    53.60    54.32    46.96    50.51    56.54    65.73    77.78    80.82    68.74
    59.56    53.91    50.78    49.40    49.77    49.77    49.40    50.77    53.90    59.56
    68.73    80.81    89.90    75.82    66.15    61.60    58.88    57.87    57.87    58.88
    61.60    66.14    75.81    89.89    78.99    76.34    73.91    73.91    76.34    78.99
 Channel Powers in MW
   3.383   3.493   3.605   3.605   3.493   3.383   3.007   3.549   4.052   4.336
   4.526   4.600   4.600   4.527   4.336   4.052   3.550   3.008   3.367   3.945
   4.525   4.972   5.257   5.389   5.340   5.340   5.389   5.257   4.973   4.526
   3.945   3.367   3.498   4.163   4.821   5.344   5.706   5.827   5.885   5.780
   5.780   5.886   5.828   5.706   5.344   4.822   4.164   3.498   3.404   4.173
   4.876   5.452   5.794   6.064   6.191   6.209   6.087   6.087   6.210   6.191
   6.064   5.795   5.453   4.876   4.173   3.405   4.064   4.804   5.341   5.719
   6.039   6.233   6.245   6.244   6.177   6.177   6.244   6.246   6.233   6.040
   5.720   5.342   4.805   4.065   3.747   4.566   5.287   5.571   5.920   6.215
   6.364   6.343   6.355   6.403   6.404   6.355   6.343   6.364   6.216   5.921
   5.572   5.288   4.567   3.748   4.186   5.025   5.657   5.819   6.081   6.319
   6.434   6.409   6.429   6.501   6.501   6.430   6.409   6.435   6.320   6.082
   5.820   5.658   5.026   4.187   3.516   4.490   5.365   5.828   5.976   6.166
   6.315   6.405   6.425   6.446   6.500   6.500   6.446   6.426   6.406   6.315
   6.167   5.977   5.829   5.366   4.491   3.517   3.708   4.751   5.605   6.005
   6.036   6.178   6.343   6.413   6.423   6.417   6.419   6.419   6.418   6.423
   6.414   6.344   6.179   6.037   6.006   5.606   4.752   3.709   3.845   4.896
   5.746   6.143   6.247   6.363   6.409   6.435   6.415   6.367   6.258   6.258
   6.368   6.416   6.436   6.410   6.364   6.248   6.144   5.747   4.897   3.846
   3.853   4.910   5.772   6.190   6.326   6.441   6.453   6.453   6.415   6.349
   6.219   6.219   6.350   6.416   6.454   6.454   6.442   6.327   6.191   5.773
   4.911   3.853   3.727   4.787   5.672   6.131   6.318   6.456   6.463   6.460
   6.423   6.368   6.261   6.261   6.369   6.424   6.460   6.463   6.457   6.319
   6.132   5.673   4.788   3.728   3.538   4.529   5.437   5.961   6.262   6.447
   6.438   6.453   6.428   6.411   6.429   6.429   6.411   6.428   6.454   6.439
   6.448   6.263   5.962   5.438   4.530   3.539   4.211   5.067   5.726   5.919
   6.177   6.375   6.455   6.406   6.410   6.471   6.471   6.410   6.406   6.455
   6.376   6.178   5.920   5.727   5.068   4.212   3.747   4.563   5.277   5.549
   5.894   6.194   6.344   6.326   6.345   6.406   6.406   6.345   6.326   6.345
   6.194   5.895   5.550   5.278   4.563   3.748   4.018   4.720   5.178   5.554
   5.944   6.173   6.211   6.237   6.230   6.230   6.237   6.211   6.173   5.944
   5.555   5.179   4.721   4.019   3.335   4.050   4.631   5.201   5.656   5.976
   6.136   6.180   6.080   6.080   6.181   6.136   5.977   5.657   5.202   4.632
   4.051   3.335   3.388   4.009   4.661   5.217   5.612   5.762   5.840   5.747
   5.747   5.840   5.762   5.613   5.218   4.661   4.010   3.389   3.261   3.834
   4.425   4.889   5.191   5.336   5.295   5.295   5.336   5.191   4.890   4.425
   3.835   3.261   2.932   3.476   3.985   4.279   4.476   4.554   4.554   4.477
   4.279   3.985   3.476   2.932   3.337   3.452   3.566   3.566   3.452   3.337
 Bundle Powers in kW
    58.89    55.76    62.12    57.15    59.39    52.42    52.80    57.10    70.53    69.91
    79.06    74.79    80.51    72.39    73.96    63.29    59.53    45.95    59.63    64.09
    79.29    80.89    92.98    89.39    98.05    90.63    95.81    85.07    85.69    71.23
    66.15    51.37    62.25    68.16    85.61    88.35   102.55    96.54   110.48   100.57
   111.63    98.86   106.66    93.74    93.00    76.38    70.25    53.44    60.15    68.08
    87.65    91.98   108.22   103.27   119.50   110.11   123.58   111.07   121.84   106.69
   113.30    94.96    96.02    77.98    71.03    52.51    65.19    85.96    91.55   109.75
   106.40   124.84   116.55   132.28   120.19   133.30   118.63   128.56   111.03   116.10
    96.14    96.14    76.96    70.01    59.26    80.27    88.01   107.71   106.06   126.28
   119.57   137.43   126.30   141.45   127.27   139.77   123.04   131.64   112.20   115.87
    94.78    94.14    72.85    64.76    73.01    81.54   103.31   102.77   124.32   119.36
   138.98   129.25   146.23   132.85   147.34   131.42   142.88   124.38   131.52   110.90
   113.62    94.48    88.20    65.89    61.25    71.84    95.38    97.21   119.94   116.55
   137.37   129.27   147.80   135.54   151.57   136.52   150.15   132.79   142.93   123.10
   128.75   107.21   108.85    87.09    77.41    54.64    58.60    82.80    91.85   113.47
   111.31   133.11   126.75   146.52   135.67   152.93   138.81   153.93   137.71   150.29
   131.72   140.35   119.56   123.62   100.83    99.66    75.51    63.50    66.29    78.19
   102.52   103.24   126.27   121.80   142.58   133.44   151.85   138.87   155.02   139.73
   153.99   136.78   147.97   128.30   135.10   113.25   115.78    93.99    85.03    60.37
    60.49    85.23    94.25   116.16   113.63   135.50   128.57   148.15   136.83   153.95
   139.63   154.90   138.81   151.87   133.56   142.83   122.10   126.63   103.50   102.73
    78.31    66.38    63.80    75.92   100.33   101.61   124.66   120.40   141.08   132.09
   150.39   137.58   153.64   138.55   152.76   135.73   146.89   127.34   134.02   112.12
   114.28    92.38    83.20    58.83    54.95    77.93    87.77   109.83   108.18   129.80
   123.78   143.34   132.85   149.95   136.20   151.20   135.34   147.82   129.58   138.06
   117.37   120.96    97.98    96.04    72.25    61.55    66.23    88.68    95.04   114.27
   111.41   131.91   124.50   142.79   131.19   146.98   132.52   145.93   129.12   139.04
   119.61   124.79   103.23   103.81    81.89    73.30    64.82    72.89    94.13    94.70
   115.71   111.99   131.35   122.73   139.39   126.92   141.05   125.92   137.01   119.22
   125.92   105.79   107.48    87.87    80.19    59.24    69.58    76.38    95.31    95.34
   115.23   110.34   127.91   118.13   132.82   119.73   131.69   115.90   123.96   105.50
   108.68    90.64    85.16    64.69    51.85    69.99    76.80    94.62    93.79   112.18
   105.87   121.10   110.49   122.92   109.40   118.51   102.16   106.76    90.54    86.17
    66.97    59.28    52.39    68.86    74.99    91.54    92.56   105.59    98.06   110.84
    99.84   109.55    95.52   101.17    86.88    83.93    66.72    60.92    50.24    64.81
    69.99    84.46    84.08    94.88    89.83    97.18    88.49    91.84    79.66    77.83
    62.72    58.23    45.00    58.46    62.33    73.02    71.60    79.70    74.03    78.16
    68.98    69.40    56.02    51.64    51.72    58.69    56.52    61.43    55.09    58.07
   165.27   156.96   173.86   160.68   166.48   147.97   148.47   161.20   197.93   196.64
   220.83   209.39   224.42   203.17   207.25   178.59   167.45   130.05   167.40   180.67
   222.36   227.49   259.68   249.81   272.04   252.50   266.67   238.69   240.06   200.81
   185.85   145.17   174.41   191.68   239.56   248.12   286.33   270.06   307.06   279.21
   309.22   275.46   297.65   262.96   260.19   214.87   196.90   150.76   168.43   191.10
   244.46   257.41   302.13   288.66   332.39   305.79   341.38   307.44   337.67   297.51
   316.02   265.89   267.73   218.62   198.65   147.99   183.13   239.39   255.25   305.03
   296.45   346.90   323.89   365.86   332.07   367.72   328.67   356.66   309.22   322.81
   267.92   267.02   215.46   195.78   166.89   224.00   245.53   298.48   294.08   349.63
   331.69   380.21   349.22   389.89   351.27   385.95   340.95   364.59   311.31   320.66
   263.34   261.53   204.37   181.47   204.46   228.45   286.46   284.75   342.98   330.04
   383.79   357.15   403.00   366.05   405.53   362.59   394.33   344.01   363.07   306.59
   314.15   263.24   246.00   185.56   172.08   202.23   266.00   270.88   331.44   321.79
   378.65   356.74   406.99   372.97   416.14   375.14   412.81   366.06   393.99   339.85
   354.90   296.96   302.53   244.12   216.94   154.42   165.59   232.15   257.63   315.73
   308.72   367.30   349.83   403.48   373.23   419.37   380.14   421.29   377.91   413.12
   363.12   386.89   330.44   342.23   281.39   278.28   212.76   178.58   186.49   220.46
   286.59   288.69   350.48   337.42   393.46   367.79   416.96   380.27   423.00   381.55
   421.43   375.88   407.45   354.52   373.67   315.03   322.87   264.03   238.61   170.72
   171.12   239.32   265.04   324.44   316.75   375.53   355.75   408.19   376.03   421.11
   380.98   422.35   379.95   417.05   368.36   394.68   338.93   352.21   289.91   287.50
   220.97   186.81   179.59   214.29   280.90   284.80   346.98   334.55   390.21   364.71
   413.47   377.17   419.71   378.73   418.50   373.47   405.11   352.67   371.68   312.75
   319.34   259.86   233.65   166.41   155.50   218.81   246.80   306.71   301.52   359.80
   343.02   395.83   366.36   411.96   373.73   414.54   372.15   407.20   358.24   381.96
   325.94   336.27   274.36   268.68   203.80   173.14   186.76   247.89   265.61   317.12
   309.06   364.97   344.77   394.24   361.89   404.35   364.97   402.12   356.93   384.41
   331.49   345.40   287.10   288.69   229.94   205.57   181.68   204.50   261.53   263.14
   320.23   310.76   363.82   340.16   385.06   350.49   388.99   348.31   379.14   330.75
   348.65   293.31   297.81   245.15   223.83   166.88   194.21   213.19   263.75   264.80
   319.74   307.02   354.84   327.53   366.84   331.22   364.46   322.05   344.13   293.30
   301.04   251.76   236.46   181.35   145.58   194.73   213.96   262.42   261.71   312.37
   295.09   335.78   306.15   339.91   303.96   329.48   285.07   297.03   252.01   238.87
   187.01   165.37   146.96   191.83   209.84   255.25   259.16   294.49   273.28   307.21
   277.36   304.51   267.02   281.94   243.13   233.65   186.49   169.74   141.25   181.34
   196.76   236.25   235.75   264.05   250.34   269.68   247.27   256.31   223.68   217.64
   176.06   162.65   126.93   164.08   175.66   204.49   200.91   222.17   207.26   218.29
   193.91   194.52   157.80   144.73   145.94   164.49   158.91   171.92   155.03   162.90
   267.45   254.04   279.73   259.37   268.98   240.85   241.00   262.46   320.61   318.09
   353.83   334.06   357.14   326.67   334.84   290.80   272.67   212.76   270.89   293.41
   359.73   367.86   416.02   396.83   424.81   395.48   422.68   383.79   387.73   326.55
   302.11   236.93   281.19   309.60   385.35   399.66   458.30   430.80   481.77   432.40
   477.14   433.79   473.49   422.51   418.83   347.62   318.31   245.20   271.22   307.43
   389.56   410.35   480.53   459.44   523.17   476.97   521.89   471.97   524.85   470.28
   501.70   425.12   426.74   350.45   319.56   240.15   295.11   380.38   401.30   476.90
   466.94   543.80   506.98   564.11   507.82   559.64   509.22   556.01   487.15   507.22
   421.21   419.52   344.31   314.85   270.28   358.40   388.31   461.30   454.15   541.58
   516.88   587.50   538.88   594.97   538.77   592.62   529.65   565.95   484.66   493.93
   409.22   412.87   328.59   292.90   329.74   366.17   449.53   438.44   522.58   508.73
   590.27   550.76   615.41   560.07   617.19   556.81   605.04   531.88   557.56   469.41
   482.16   414.77   393.19   300.79   278.94   327.65   424.77   426.79   507.19   490.58
   577.95   548.09   620.14   568.83   628.67   569.93   626.09   560.98   602.35   521.45
   538.99   456.62   474.86   391.45   350.53   251.79   270.01   375.26   413.60   496.83
   476.86   559.29   536.38   614.55   568.82   630.79   570.99   629.16   571.80   626.11
   556.22   590.36   505.76   526.31   444.83   445.27   345.37   290.27   303.26   358.28
   459.81   459.23   545.97   522.35   602.67   563.12   629.69   571.20   623.30   565.75
   629.34   571.00   620.46   545.95   575.86   493.02   511.35   425.24   386.44   278.81
   279.62   388.03   427.88   516.20   499.40   582.78   550.00   622.53   571.15   627.74
   562.90   620.15   569.75   629.80   564.91   607.00   528.43   552.78   463.32   462.40
   359.57   303.99   292.38   348.96   452.32   455.94   545.95   523.04   601.93   560.94
   626.55   568.17   620.32   563.21   626.78   569.14   619.62   546.70   578.35   494.15
   508.88   419.86   378.92   271.82   254.04   354.85   398.57   488.04   474.89   559.02
   532.50   607.92   561.68   623.02   564.56   622.71   566.00   620.75   552.94   589.82
   508.23   527.27   438.30   432.12   331.43   281.23   303.47   397.94   421.71   492.22
   478.19   563.96   534.54   605.31   555.39   614.53   557.63   613.69   550.80   592.85
   514.12   531.77   447.05   456.50   370.19   332.36   293.28   328.82   412.71   408.44
   492.73   483.65   564.82   528.73   592.04   538.88   595.03   538.19   586.16   515.44
   539.84   452.41   459.67   387.55   358.15   270.32   310.87   337.71   408.37   410.91
   499.12   482.51   553.24   508.84   561.81   509.63   563.46   504.14   538.13   458.90
   464.42   390.04   372.43   290.86   234.29   308.84   335.23   409.86   414.30   493.97
   466.16   522.83   471.75   521.57   474.93   518.24   451.92   467.72   393.68   371.99
   296.62   264.11   235.92   305.01   334.70   407.53   414.86   467.96   430.64   474.85
   430.27   478.09   425.48   449.59   388.44   370.59   296.30   270.18   228.02   292.12
   318.19   380.49   378.67   418.56   392.35   421.40   392.81   410.21   360.68   350.15
   283.39   260.41   206.46   266.21   285.46   330.11   322.99   353.62   330.72   349.72
   313.41   314.49   256.00   233.62   237.38   265.73   256.51   276.62   250.88   263.46
   358.96   342.48   372.65   348.10   361.02   327.38   323.66   355.40   430.16   427.81
   467.43   434.95   462.44   435.08   448.78   394.73   368.82   290.50   362.46   395.73
   481.09   493.58   549.23   514.10   498.11   466.56   544.76   511.04   518.28   441.86
   407.69   322.82   375.00   414.49   510.70   532.24   602.78   565.11   605.26   494.26
   539.72   551.59   614.22   560.74   556.25   466.65   426.51   333.13   361.95   410.08
   506.45   534.29   621.04   598.26   663.10   592.76   577.01   527.63   644.76   604.38
   646.47   558.49   555.08   461.57   425.90   325.69   395.75   494.78   490.60   574.58
   592.85   681.07   634.45   676.86   563.78   613.45   619.83   686.67   619.53   637.83
   515.49   512.16   453.31   420.10   365.22   474.08   500.69   524.25   518.25   659.98
   642.26   711.05   652.44   697.19   640.63   706.98   651.31   694.38   599.49   559.14
   471.71   530.23   439.11   392.66   440.89   486.45   570.48   493.91   575.54   615.77
   710.27   666.75   726.55   667.97   724.85   668.11   721.55   650.04   666.93   523.49
   538.19   530.76   518.87   406.54   374.59   441.57   558.41   544.68   561.20   540.18
   680.00   659.48   728.89   673.16   726.62   669.34   729.17   670.33   714.16   622.74
   587.43   511.36   598.64   519.24   469.39   342.39   366.39   501.56   548.15   627.32
   540.68   614.04   638.00   721.87   672.01   721.24   643.62   698.20   664.68   727.92
   664.02   692.42   562.70   589.77   569.40   585.67   465.92   391.01   408.09   483.32
   606.26   596.04   668.12   632.67   714.87   671.13   726.56   650.44   635.59   585.68
   705.30   669.85   727.84   657.75   688.06   611.69   654.59   565.53   517.15   378.77
   379.96   519.71   570.60   666.00   633.35   711.00   668.13   731.94   669.55   700.00
   573.91   623.06   645.61   726.27   674.93   726.05   653.99   691.23   606.30   611.42
   485.57   409.24   394.11   471.92   599.50   598.97   687.04   651.84   724.73   674.09
   727.24   650.59   637.30   587.38   706.30   671.38   732.64   668.10   710.40   630.34
   659.02   560.95   507.77   369.19   345.72   476.38   533.11   631.60   600.01   682.82
   653.60   725.71   670.93   720.43   650.44   706.37   665.05   729.42   670.03   712.85
   628.24   657.44   574.91   572.88   447.95   378.01   410.72   527.20   545.71   565.23
   548.03   681.66   655.50   722.13   665.45   719.65   663.14   723.55   667.10   715.78
   628.99   601.54   518.47   585.86   493.93   445.07   392.96   439.03   528.73   467.12
   553.79   596.93   692.68   650.61   708.48   646.53   703.39   653.67   709.93   640.23
   656.44   512.47   518.39   498.59   473.45   365.18   412.31   436.91   465.75   472.42
   618.55   611.33   683.72   624.49   643.28   591.23   681.49   631.37   671.51   573.97
   525.92   445.21   476.30   387.76   314.68   400.87   394.25   482.23   532.82   633.20
   598.88   644.67   533.37   583.07   592.48   656.67   585.38   592.14   463.46   432.29
   385.20   349.25   315.20   395.03   436.20   535.21   548.57   606.64   548.23   538.71
   493.29   601.34   557.80   589.26   511.48   477.19   383.36   354.63   306.76   390.20
   428.34   507.64   503.96   539.57   463.20   494.46   509.04   541.36   483.07   466.04
   378.34   344.30   280.75   359.36   387.17   442.35   430.21   457.96   430.70   462.06
   421.48   421.69   345.98   312.59   322.67   356.70   344.32   368.57   338.28   353.65
   432.20   425.36   458.38   437.24   441.53   405.77   385.70   433.12   515.51   527.11
   574.48   559.74   583.93   546.78   545.37   485.93   444.98   358.29   432.75   482.03
   573.79   600.90   661.93   650.79   683.23   654.02   677.46   629.82   622.07   541.22
   492.86   400.00   450.28   509.07   611.23   643.21   711.12   686.22   737.00   693.82
   734.84   692.56   726.34   676.48   663.78   574.70   520.12   415.59   436.72   509.63
   620.33   657.74   723.05   702.88   752.57   711.02   751.70   709.50   752.45   706.69
   741.13   672.87   676.01   582.61   523.90   406.55   492.88   611.96   652.27   722.27
   687.77   733.11   669.71   705.05   677.78   716.12   664.58   706.81   687.33   722.81
   672.22   672.11   576.76   514.02   452.18   579.60   640.01   715.53   701.99   735.95
   688.21   696.27   653.15   707.65   668.74   689.64   656.00   725.71   689.89   737.70
   668.16   665.91   549.97   475.56   532.04   606.10   712.03   697.18   752.93   692.54
   720.03   650.70   682.97   663.29   700.66   645.51   686.33   678.14   730.61   708.17
   737.04   677.97   633.88   503.24   448.19   542.61   675.64   687.80   746.83   706.11
   706.92   654.23   676.54   638.49   688.82   652.16   673.58   639.48   690.33   666.58
   745.41   703.20   732.75   642.69   566.28   421.39   447.95   600.36   669.84   747.37
   685.54   718.20   656.75   680.82   633.06   665.15   641.70   676.79   630.07   667.83
   643.65   693.78   678.52   725.50   700.31   701.28   570.59   468.72   487.15   588.33
   717.38   711.46   731.78   679.93   693.46   641.66   663.92   623.84   665.08   631.61
   657.94   628.90   677.62   655.62   719.47   689.60   758.16   683.78   616.65   462.70
   463.55   618.25   686.53   762.93   695.78   725.94   659.40   679.33   628.95   656.33
   628.82   662.05   622.40   664.00   643.31   697.54   685.92   738.47   715.85   720.20
   589.84   488.02   470.93   574.46   708.50   711.87   744.75   695.04   704.40   647.78
   667.98   626.32   667.91   634.25   661.17   633.25   685.21   666.68   736.90   702.47
   759.68   676.67   604.35   450.05   423.84   570.72   650.18   745.93   721.50   765.34
   677.01   694.86   639.75   670.25   646.64   682.83   635.41   676.77   658.44   717.95
   723.71   767.34   700.00   683.37   546.80   450.71   505.97   638.47   684.86   746.61
   716.60   736.00   679.97   685.86   643.49   697.51   660.32   680.76   650.17   721.79
   697.38   761.69   705.86   719.01   610.31   534.76   475.54   549.65   664.84   666.34
   735.18   687.68   723.36   654.06   688.09   667.86   706.75   651.59   694.04   685.76
   733.19   699.23   713.06   638.62   578.96   452.00   508.95   568.57   658.94   659.92
   712.95   681.02   702.57   662.83   716.93   678.02   703.10   665.51   726.06   678.03
   707.97   639.34   602.76   487.66   399.22   511.27   565.06   656.26   659.34   731.05
   700.35   748.37   707.35   749.43   707.02   745.60   693.01   708.02   638.66   600.42
   496.92   428.50   404.18   504.36   558.87   649.63   666.01   718.27   687.01   730.22
   689.43   730.98   678.38   699.83   629.15   593.93   493.34   437.60   388.77   480.40
   530.09   612.14   622.05   670.80   648.46   677.38   644.29   653.61   591.06   561.74
   469.55   420.37   349.94   436.33   478.22   538.32   540.81   578.15   554.17   568.13
   520.16   507.19   424.50   376.55   400.42   436.44   432.55   453.45   420.40   426.42
   467.94   477.26   502.25   493.50   483.96   457.38   414.44   480.88   557.67   589.42
   629.05   633.87   644.39   617.58   597.00   545.90   485.80   403.64   465.11   534.82
   620.09   669.62   720.88   734.41   759.49   744.78   745.85   707.88   678.30   607.19
   539.41   452.17   485.20   566.67   661.56   715.83   770.88   771.96   805.03   793.07
   814.32   786.31   788.25   757.14   724.28   646.99   571.48   471.43   472.58   570.66
   675.73   735.46   780.81   788.80   816.29   806.97   832.22   811.08   824.11   798.35
   803.87   760.90   743.38   660.26   576.86   460.55   554.33   669.80   736.56   789.91
   784.16   802.84   772.93   786.87   783.48   801.33   771.98   786.10   785.74   798.00
   767.55   746.62   655.22   563.17   508.21   633.53   724.47   790.42   799.88   811.18
   784.52   771.40   753.63   779.79   765.58   766.06   757.77   798.20   793.08   818.43
   766.74   735.78   621.41   517.78   577.77   682.57   784.12   797.80   833.30   794.00
   788.57   746.13   751.27   750.94   763.63   739.14   757.73   773.66   808.98   811.07
   818.97   769.67   694.21   566.25   483.67   607.02   736.79   782.02   828.23   808.09
   787.57   750.68   743.40   726.88   748.48   736.23   738.04   731.57   762.84   772.57
   827.87   806.12   801.22   723.41   616.71   473.07   499.56   650.51   750.45   813.47
   793.04   803.67   759.21   749.78   721.73   728.39   725.65   738.35   717.04   732.70
   737.61   772.45   785.39   812.25   794.19   763.33   638.68   507.96   526.08   656.22
   777.24   801.63   809.10   781.22   766.49   732.46   727.43   711.50   733.21   718.36
   722.90   716.39   744.02   753.69   796.09   792.85   820.38   763.93   667.64   516.43
   516.93   668.44   765.26   822.07   795.30   797.83   755.21   744.63   716.39   722.43
   717.31   732.48   710.93   727.52   733.22   767.92   783.67   811.18   803.75   778.73
   657.22   526.73   509.30   640.89   766.65   799.23   816.26   792.33   775.69   739.29
   732.69   715.51   737.11   722.23   727.17   721.74   751.40   763.16   807.56   800.56
   818.13   754.07   652.87   501.04   474.62   619.11   727.15   805.96   813.95   831.88
   776.38   764.06   731.17   736.33   733.39   746.09   725.03   743.06   752.18   790.91
   815.39   832.78   787.48   740.55   609.57   485.34   567.69   696.13   772.37   821.37
   813.71   809.82   773.38   756.28   736.95   761.00   748.29   749.11   744.79   788.26
   795.23   835.39   801.01   786.74   684.67   579.30   517.37   620.61   734.31   764.65
   815.87   790.27   795.12   754.83   763.05   762.86   776.78   750.80   768.42   781.57
   808.42   797.30   788.52   723.05   632.77   507.89   559.56   649.82   740.25   759.46
   791.29   779.88   781.12   768.04   797.11   780.62   782.70   768.10   796.98   777.28
   783.39   729.12   664.57   550.71   455.24   569.28   649.57   733.69   751.20   795.57
   791.58   818.28   806.28   827.00   801.39   809.38   780.54   771.37   723.98   666.82
   562.82   467.29   463.34   561.73   636.01   713.80   747.83   780.22   779.57   807.99
   786.99   798.11   764.09   761.48   705.26   650.81   556.50   477.15   443.62   530.01
   597.74   669.30   699.88   738.51   738.06   752.63   727.19   712.76   660.70   610.54
   525.35   456.51   396.47   478.16   538.40   589.85   611.00   637.96   627.55   622.36
   582.37   550.04   473.28   407.16   451.75   478.55   488.26   496.93   471.92   462.19
   457.36   483.95   493.50   502.26   477.29   467.98   403.59   485.75   545.86   596.97
   617.57   644.40   633.90   629.09   589.48   557.73   480.95   414.50   452.11   539.34
   607.13   678.24   707.85   745.83   744.79   759.52   734.46   720.95   669.71   620.18
   534.91   465.19   471.35   571.40   646.91   724.20   757.08   788.21   786.29   814.32
   793.11   805.08   772.04   770.98   715.95   661.67   566.78   485.30   460.48   576.77
   660.17   743.28   760.83   803.79   798.32   824.09   811.09   832.25   807.03   816.37
   788.91   780.92   735.59   675.86   570.79   472.68   563.07   655.12   746.50   767.45
   797.91   785.67   786.05   771.97   801.33   783.52   786.93   773.02   802.94   784.30
   790.05   736.71   669.94   554.45   517.68   621.31   735.65   766.62   818.31   793.00
   798.12   757.73   766.04   765.59   779.82   753.69   771.48   784.64   811.31   800.04
   790.58   724.63   633.66   508.33   566.15   694.08   769.54   818.83   810.96   808.88
   773.59   757.67   739.12   763.63   750.98   751.33   746.22   788.68   794.14   833.45
   797.97   784.29   682.73   577.89   472.98   616.60   723.29   801.08   806.00   827.74
   772.48   762.76   731.53   738.01   736.24   748.51   726.94   743.48   750.80   787.70
   808.26   828.40   782.20   736.95   607.16   483.78   507.86   638.56   763.20   794.06
   812.11   785.28   772.35   737.55   732.65   717.03   738.35   725.69   728.45   721.82
   749.88   759.35   803.82   793.21   813.64   750.62   650.66   499.68   516.33   667.51
   763.80   820.23   792.73   795.97   753.61   743.95   716.35   722.87   718.37   733.24
   711.56   727.51   732.57   766.62   781.38   809.26   801.81   777.41   656.37   526.20
   526.63   657.10   778.59   803.62   811.04   783.56   767.82   733.16   727.47   710.92
   732.48   717.35   722.48   716.48   744.73   755.35   797.98   795.47   822.24   765.43
   668.59   517.05   500.94   652.75   753.95   817.99   800.44   807.44   763.08   751.32
   721.71   727.14   722.25   737.14   715.57   732.77   739.41   775.82   792.49   816.43
   799.41   766.81   641.04   509.41   485.25   609.47   740.42   787.36   832.64   815.29
   790.81   752.12   743.01   725.02   746.09   733.43   736.38   731.27   764.16   776.52
   832.03   814.12   806.12   727.31   619.24   474.73   579.20   684.55   786.61   800.89
   835.27   795.15   788.18   744.75   749.08   748.30   761.02   737.01   756.36   773.49
   809.95   813.87   821.53   772.54   696.28   567.82   507.80   632.66   722.94   788.40
   797.20   808.32   781.51   768.37   750.79   776.79   762.90   763.10   754.92   795.23
   790.40   816.02   764.81   734.46   620.74   517.48   550.62   664.46   729.02   783.29
   777.20   796.91   768.07   782.68   780.64   797.14   768.11   781.19   779.99   791.41
   759.60   740.39   649.95   559.67   467.21   562.73   666.72   723.90   771.28   780.49
   809.34   801.38   827.00   806.33   818.33   791.67   795.67   751.32   733.81   649.69
   569.39   455.33   477.07   556.43   650.73   705.19   761.42   764.06   798.09   787.01
   808.01   779.63   780.29   747.92   713.90   636.12   561.83   463.43   456.45   525.29
   610.48   660.66   712.73   727.19   752.63   738.09   738.56   699.95   669.37   597.82
   530.09   443.70   407.11   473.25   550.01   582.35   622.35   627.56   637.98   611.04
   589.90   538.47   478.23   396.53   462.17   471.92   496.93   488.29   478.58   451.79
   405.77   441.54   437.26   458.42   425.41   432.25   358.27   444.96   485.92   545.37
   546.79   583.96   559.79   574.54   527.19   515.59   433.20   385.78   399.96   492.82
   541.20   622.05   629.83   677.47   654.06   683.28   650.86   662.02   601.00   573.89
   482.13   432.85   415.55   520.07   574.66   663.74   676.47   726.33   692.58   734.88
   693.89   737.09   686.32   711.24   643.34   611.36   509.19   450.39   406.51   523.84
   582.55   675.95   672.84   741.11   706.69   752.46   709.54   751.76   711.11   752.68
   703.01   723.19   657.88   620.47   509.76   436.83   513.95   576.70   672.04   672.17
   722.76   687.31   706.80   664.60   716.15   677.84   705.13   669.82   733.24   687.91
   722.43   652.43   612.11   493.00   475.50   549.90   665.83   668.09   737.63   689.85
   725.68   656.00   689.66   668.78   707.71   653.24   696.37   688.34   736.10   702.15
   715.70   640.17   579.74   452.30   503.17   633.80   677.89   736.96   708.11   730.56
   678.12   686.33   645.54   700.70   663.36   683.05   650.81   720.17   692.69   753.10
   697.35   712.21   606.25   532.17   421.34   566.20   642.61   732.66   703.13   745.34
   666.54   690.30   639.48   673.60   652.21   688.89   638.58   676.65   654.36   707.06
   706.28   747.01   687.97   675.81   542.75   448.30   468.65   570.52   701.19   700.23
   725.42   678.47   693.73   643.63   667.83   630.09   676.83   641.78   665.24   633.17
   680.95   656.90   718.37   685.72   747.55   670.01   600.51   448.07   462.64   616.57
   683.70   758.07   689.53   719.40   655.59   677.59   628.90   657.96   631.65   665.15
   623.93   664.03   641.79   693.61   680.10   731.96   711.64   717.56   588.49   487.27
   487.95   589.76   720.11   715.77   738.39   685.87   697.49   643.29   664.00   622.43
   662.09   628.89   656.41   629.07   679.46   659.55   726.11   695.96   763.12   686.71
   618.41   463.68   449.99   604.27   676.58   759.58   702.40   736.84   666.64   685.18
   633.25   661.18   634.29   667.97   626.42   668.09   647.92   704.55   695.21   744.93
   712.05   708.67   574.61   471.05   450.64   546.73   683.28   699.92   767.26   723.65
   717.90   658.43   676.77   635.44   682.87   646.71   670.34   639.87   694.99   677.16
   765.51   721.67   746.11   650.35   570.86   423.95   534.69   610.24   718.92   705.79
   761.63   697.35   721.76   650.18   680.78   660.37   697.58   643.58   685.96   680.10
   736.15   716.77   746.78   685.03   638.62   506.09   451.95   578.88   638.56   712.99
   699.18   733.15   685.75   694.04   651.62   706.80   667.93   688.18   654.17   723.49
   687.82   735.34   666.50   665.00   549.78   475.66   487.60   602.70   639.28   707.92
   678.00   726.04   665.51   703.12   678.07   717.00   662.92   702.68   681.14   713.09
   660.07   659.08   568.70   509.07   428.45   496.87   600.37   638.62   707.98   693.00
   745.60   707.05   749.47   707.42   748.46   700.46   731.17   659.47   656.40   565.18
   511.39   399.32   437.56   493.30   593.89   629.13   699.82   678.39   731.01   689.48
   730.29   687.10   718.37   666.12   649.75   558.98   504.47   404.27   420.33   469.52
   561.72   591.05   653.61   644.32   677.42   648.52   670.88   622.14   612.24   530.18
   480.49   388.85   376.52   424.49   507.19   520.17   568.15   554.21   578.20   540.87
   538.39   478.30   436.41   350.01   426.43   420.42   453.47   432.58   436.49   400.47
   327.40   361.05   348.13   372.69   342.52   359.02   290.50   368.82   394.73   448.80
   435.11   462.48   435.00   467.49   427.88   430.24   355.48   323.74   322.81   407.68
   441.86   518.28   511.07   544.79   466.61   498.17   514.17   549.33   493.68   481.19
   395.82   362.55   333.11   426.49   466.64   556.24   560.75   614.24   551.63   539.77
   494.32   605.35   565.22   602.90   532.36   510.82   414.59   375.10   325.67   425.87
   461.55   555.06   558.49   646.47   604.41   644.80   527.68   577.09   592.85   663.22
   598.39   621.18   534.42   506.58   410.19   362.04   420.07   453.28   512.14   515.48
   637.83   619.54   686.70   619.88   613.51   563.86   676.97   634.57   681.21   592.99
   574.71   490.73   494.91   395.86   392.63   439.08   530.19   471.69   559.12   599.49
   694.39   651.34   707.03   640.70   697.29   652.55   711.19   642.40   660.14   518.39
   524.39   500.83   474.21   365.32   406.51   518.83   530.72   538.16   523.47   666.93
   650.06   721.58   668.16   724.93   668.07   726.67   666.89   710.43   615.92   575.69
   494.04   570.63   486.59   441.01   342.36   469.35   519.20   598.59   511.34   587.41
   622.73   714.17   670.36   729.23   669.41   726.73   673.29   729.04   659.63   680.16
   540.33   561.35   544.83   558.57   441.70   374.69   390.97   465.88   585.62   569.36
   589.73   562.68   692.41   664.04   727.95   664.73   698.27   643.72   721.37   672.16
   722.03   638.16   614.19   540.83   627.49   548.31   501.70   366.49   378.74   517.10
   565.48   654.54   611.66   688.04   657.74   727.85   669.89   705.35   585.75   635.69
   650.57   726.71   671.29   715.04   632.83   668.30   596.20   606.43   483.46   408.20
   409.20   485.53   611.37   606.26   691.19   653.98   726.04   674.95   726.30   645.66
   623.13   574.00   700.12   669.70   732.11   668.30   711.19   633.52   666.18   570.76
   519.86   380.07   369.16   507.72   560.91   658.97   630.31   710.37   668.09   732.66
   671.42   706.35   587.45   637.39   650.71   727.39   674.25   724.91   652.01   687.22
   599.13   599.66   472.05   394.22   377.98   447.92   572.84   574.88   657.40   628.22
   712.84   670.05   729.46   665.11   706.45   650.54   720.55   671.07   725.87   653.77
   682.99   600.17   631.77   533.26   476.51   345.81   445.03   493.90   585.82   518.45
   601.52   628.99   715.80   667.14   723.61   663.22   719.75   665.57   722.28   655.65
   681.82   548.16   565.37   545.85   527.34   410.83   365.16   473.42   498.56   518.37
   512.46   656.44   640.25   709.97   653.73   703.47   646.62   708.60   650.74   692.83
   597.07   553.93   467.24   528.87   439.14   393.06   387.73   476.28   445.20   525.91
   573.98   671.52   631.41   681.54   591.30   643.37   624.60   683.85   611.46   618.69
   472.54   465.86   437.02   412.41   349.23   385.19   432.27   463.46   592.14   585.40
   656.70   592.53   583.13   533.45   644.78   598.99   633.33   532.94   482.34   394.35
   400.97   314.76   354.62   383.36   477.18   511.49   589.28   557.84   601.38   493.34
   538.78   548.32   606.75   548.68   535.32   436.30   395.12   315.27   344.29   378.34
   466.04   483.09   541.39   509.08   494.51   463.27   539.66   504.05   507.74   428.43
   390.28   306.83   312.59   345.99   421.71   421.50   462.10   430.75   458.02   430.27
   442.43   387.24   359.43   280.81   353.67   338.31   368.60   344.36   356.75   322.72
   240.87   269.00   259.40   279.77   254.08   267.50   212.76   272.68   290.82   334.87
   326.70   357.19   334.10   353.88   318.15   320.68   262.52   241.06   236.94   302.11
   326.57   387.75   383.82   422.72   395.52   424.87   396.90   416.10   367.94   359.81
   293.48   270.96   245.20   318.31   347.62   418.84   422.53   473.52   433.83   477.20
   432.46   481.86   430.88   458.40   399.76   385.45   309.68   281.26   240.15   319.56
   350.45   426.75   425.14   501.72   470.31   524.90   472.03   521.96   477.06   523.27
   459.54   480.64   410.45   389.66   307.51   271.30   314.84   344.31   419.52   421.22
   507.23   487.17   556.05   509.27   559.71   507.90   564.22   507.09   543.93   467.05
   477.02   401.41   380.48   295.19   292.89   328.58   412.86   409.22   493.94   484.68
   565.97   529.69   592.68   538.84   595.07   538.99   587.62   517.00   541.71   454.27
   461.42   388.41   358.50   270.35   300.77   393.17   414.76   482.15   469.41   557.57
   531.91   605.08   556.87   617.27   560.17   615.53   550.88   590.41   508.86   522.71
   438.56   449.65   366.27   329.83   251.78   350.51   391.44   474.85   456.61   539.00
   521.46   602.38   561.02   626.16   570.01   628.77   568.94   620.27   548.23   578.10
   490.71   507.33   426.91   424.88   327.74   279.02   290.25   345.35   445.26   444.82
   526.30   505.76   590.38   556.25   626.16   571.86   629.25   571.09   630.92   568.95
   614.71   536.52   559.44   477.00   496.97   413.71   375.37   270.08   278.79   386.42
   425.22   511.33   493.02   575.86   545.96   620.49   571.04   629.41   565.83   623.41
   571.32   629.84   563.27   602.83   522.49   546.12   459.36   459.94   358.38   303.34
   303.97   359.55   462.38   463.31   552.78   528.44   607.02   564.94   629.85   569.82
   620.24   563.00   627.87   571.28   622.69   550.14   582.94   499.54   516.34   428.00
   388.14   279.70   271.81   378.90   419.85   508.86   494.15   578.35   546.71   619.65
   569.19   626.85   563.29   620.43   568.29   626.69   561.08   602.09   523.18   546.10
   456.07   452.44   349.05   292.46   281.22   331.41   432.11   438.29   527.26   508.23
   589.84   552.97   620.80   566.06   622.79   564.65   623.15   561.80   608.07   532.63
   559.17   475.01   488.17   398.68   354.94   254.11   332.35   370.18   456.49   447.05
   531.77   514.14   592.88   550.84   613.76   557.71   614.64   555.50   605.44   534.67
   564.10   478.32   492.35   421.82   398.04   303.55   270.31   358.14   387.54   459.67
   452.42   539.86   515.48   586.21   538.25   595.11   538.97   592.16   528.84   564.95
   483.77   492.85   408.54   412.81   328.90   293.36   290.86   372.43   390.04   464.43
   458.92   538.17   504.19   563.52   509.70   561.90   508.94   553.36   482.62   499.23
   411.01   408.47   337.79   310.95   264.10   296.62   372.00   393.69   467.75   451.95
   518.28   474.99   521.64   471.83   522.92   466.26   494.08   414.40   409.96   335.31
   308.92   234.34   270.18   296.31   370.60   388.46   449.63   425.52   478.14   430.33
   474.93   430.72   468.05   414.95   407.62   334.78   305.08   235.97   260.42   283.40
   350.17   360.71   410.24   392.86   421.46   392.41   418.63   378.74   380.57   318.25
   292.19   228.07   233.63   256.01   314.52   313.44   349.76   330.77   353.68   323.04
   330.17   285.52   266.26   206.51   263.48   250.91   276.66   256.55   265.77   237.42
   147.99   166.49   160.70   173.88   156.99   165.30   130.05   167.46   178.60   207.27
   203.19   224.45   209.42   220.86   196.68   197.97   161.24   148.50   145.18   185.86
   200.82   240.08   238.71   266.70   252.53   272.08   249.86   259.73   227.54   222.41
   180.71   167.44   150.76   196.90   214.88   260.21   262.97   297.68   275.49   309.26
   279.25   307.11   270.11   286.39   248.17   239.61   191.73   174.46   147.99   198.66
   218.63   267.74   265.90   316.04   297.53   337.71   307.48   341.43   305.85   332.45
   288.72   302.21   257.48   244.52   191.14   168.48   195.77   215.46   267.03   267.93
   322.82   309.24   356.69   328.70   367.77   332.12   365.93   323.96   346.98   296.52
   305.11   255.32   239.46   183.18   181.46   204.36   261.53   263.35   320.67   311.32
   364.61   340.98   385.99   351.32   389.95   349.28   380.29   331.77   349.71   294.16
   298.55   245.59   224.06   166.93   185.56   246.00   263.24   314.15   306.59   363.08
   344.03   394.36   362.64   405.58   366.11   403.07   357.23   383.88   330.12   343.07
   284.83   286.54   228.51   204.52   154.42   216.93   244.12   302.52   296.96   354.91
   339.86   394.02   366.09   412.86   375.19   416.21   373.05   407.08   356.83   378.75
   321.87   331.53   270.95   266.07   202.29   172.13   178.57   212.75   278.27   281.38
   342.23   330.45   386.90   363.14   413.16   377.95   421.36   380.21   419.45   373.31
   403.58   349.93   367.40   308.81   315.82   257.70   232.21   165.63   170.72   238.61
   264.02   322.86   315.03   373.68   354.53   407.48   375.91   421.48   381.61   423.08
   380.35   417.05   367.88   393.56   337.51   350.58   288.77   286.67   220.52   186.54
   186.80   220.96   287.49   289.91   352.21   338.94   394.69   368.38   417.09   380.00
   422.42   381.05   421.19   376.11   408.30   355.84   375.63   316.84   324.53   265.11
   239.38   171.17   166.40   233.64   259.85   319.33   312.76   371.69   352.68   405.13
   373.50   418.55   378.79   419.78   377.25   413.57   364.80   390.31   334.64   347.07
   284.88   280.98   214.35   179.64   173.14   203.79   268.67   274.36   336.27   325.95
   381.97   358.26   407.24   372.19   414.61   373.80   412.04   366.44   395.93   343.11
   359.90   301.60   306.79   246.87   218.87   155.54   205.56   229.93   288.69   287.10
   345.41   331.50   384.43   356.96   402.17   365.02   404.42   361.96   394.33   344.85
   365.07   309.14   317.20   265.68   247.96   186.81   166.87   223.83   245.15   297.82
   293.32   348.67   330.77   379.18   348.35   389.05   350.56   385.14   340.24   363.90
   310.84   320.31   263.21   261.59   204.56   181.73   181.35   236.46   251.77   301.05
   293.32   344.15   322.08   364.51   331.27   366.90   327.60   354.92   307.09   319.82
   264.86   263.82   213.24   194.26   165.37   187.02   238.87   252.02   297.05   285.09
   329.51   304.00   339.96   306.20   335.85   295.16   312.44   261.77   262.49   214.01
   194.78   145.61   169.74   186.50   233.66   243.14   281.96   267.04   304.55   277.40
   307.26   273.33   294.55   259.22   255.30   209.89   191.87   146.99   162.66   176.07
   217.66   223.70   256.34   247.30   269.72   250.38   264.10   235.79   236.30   196.80
   181.38   141.28   144.74   157.81   194.54   193.93   218.32   207.29   222.21   200.94
   204.53   175.69   164.11   126.96   162.92   155.05   171.94   158.94   164.52   145.96
    52.42    59.40    57.15    62.13    55.77    58.90    45.96    59.53    63.29    73.97
    72.40    80.52    74.80    79.07    69.92    70.54    57.12    52.82    51.37    66.15
    71.23    85.70    85.07    95.82    90.64    98.07    89.40    93.00    80.91    79.31
    64.11    59.65    53.44    70.25    76.39    93.00    93.75   106.67    98.87   111.64
   100.58   110.50    96.56   102.57    88.37    85.63    68.18    62.26    52.51    71.03
    77.98    96.02    94.96   113.31   106.70   121.85   111.09   123.60   110.13   119.52
   103.29   108.25    92.00    87.67    68.09    60.17    70.00    76.96    96.14    96.14
   116.10   111.03   128.57   118.64   133.31   120.21   132.30   116.57   124.87   106.43
   109.78    91.57    85.99    65.21    64.76    72.85    94.14    94.78   115.87   112.21
   131.65   123.05   139.78   127.29   141.47   126.32   137.46   119.60   126.31   106.08
   107.74    88.04    80.29    59.28    65.89    88.19    94.48   113.62   110.90   131.52
   124.38   142.89   131.44   147.36   132.88   146.26   129.28   139.01   119.39   124.36
   102.80   103.34    81.56    73.02    54.64    77.41    87.09   108.85   107.21   128.75
   123.11   142.94   132.80   150.17   136.54   151.60   135.57   147.83   129.30   137.41
   116.58   119.97    97.24    95.40    71.86    61.27    63.50    75.50    99.66   100.83
   123.62   119.56   140.35   131.73   150.30   137.72   153.95   138.83   152.96   135.70
   146.56   126.78   133.14   111.34   113.50    91.87    82.83    58.61    60.37    85.03
    93.99   115.78   113.25   135.10   128.30   147.98   136.79   154.01   139.75   155.04
   138.90   151.88   133.47   142.61   121.83   126.31   103.27   102.54    78.21    66.31
    66.37    78.31   102.73   103.50   126.63   122.10   142.84   133.57   151.89   138.83
   154.92   139.65   153.98   136.86   148.19   128.61   135.54   113.66   116.19    94.28
    85.25    60.50    58.83    83.20    92.38   114.28   112.12   134.02   127.34   146.90
   135.74   152.77   138.57   153.67   137.61   150.43   132.12   141.12   120.43   124.69
   101.64   100.36    75.94    63.81    61.55    72.25    96.03    97.98   120.96   117.38
   138.07   129.58   147.83   135.36   151.22   136.22   149.98   132.88   143.38   123.81
   129.83   108.20   109.86    87.79    77.95    54.97    73.30    81.89   103.81   103.24
   124.79   119.62   139.05   129.13   145.95   132.54   147.00   131.21   142.82   124.53
   131.94   111.44   114.30    95.06    88.71    66.24    59.24    80.19    87.87   107.48
   105.79   125.93   119.22   137.02   125.94   141.07   126.94   139.42   122.75   131.37
   112.02   115.74    94.72    94.15    72.90    64.84    64.69    85.16    90.65   108.68
   105.51   123.97   115.91   131.70   119.75   132.84   118.16   127.94   110.37   115.25
    95.37    95.33    76.40    69.60    59.28    66.97    86.17    90.54   106.77   102.17
   118.52   109.41   122.94   110.51   121.12   105.90   112.20    93.81    94.64    76.82
    70.01    51.86    60.92    66.72    83.93    86.88   101.17    95.53   109.56    99.86
   110.86    98.08   105.61    92.58    91.56    75.01    68.87    52.40    58.24    62.73
    77.83    79.67    91.85    88.50    97.19    89.85    94.90    84.09    84.48    70.01
    64.83    50.25    51.65    56.02    69.41    68.98    78.17    74.04    79.71    71.61
    73.04    62.34    58.47    45.01    58.07    55.09    61.44    56.53    58.70    51.73
 Plane Powers in MW
    38.93   108.12   168.98   208.86   239.09   266.68   266.68   239.10   208.89   169.01
   108.13    38.94
 Irradiation-Region Powers in MW
   769.06  1292.34
