 3
1.832	2
2.936	2
2.143	2
                 1 1 1 1 1 1
           1 1 1 1 1 1 1 1 1 1 1 1
         1 1 1 1 1 1 1 1 1 1 1 1 1 1
       1 1 1 1 1 2 2 2 2 2 2 1 1 1 1 1 
     1 1 1 1 2 2 2 2 2 2 2 2 2 2 1 1 1 1
     1 1 1 2 2 2 2 2 2 2 2 2 2 2 2 1 1 1 
   1 1 1 2 2 2 2 3 3 3 3 3 3 2 2 2 2 1 1 1 
   1 1 1 2 2 2 3 3 3 3 3 3 3 3 3 2 2 1 1 1
 1 1 1 2 2 2 3 3 3 3 3 3 3 3 3 3 2 2 2 1 1 1
 1 1 1 2 2 2 3 3 3 3 3 3 3 3 3 3 2 2 2 1 1 1
 1 1 1 2 2 2 3 3 3 3 3 3 3 3 3 3 2 2 2 1 1 1
 1 1 1 2 2 2 3 3 3 3 3 3 3 3 3 3 2 2 2 1 1 1
 1 1 1 2 2 2 3 3 3 3 3 3 3 3 3 3 2 2 2 1 1 1
 1 1 1 2 2 2 3 3 3 3 3 3 3 3 3 3 2 2 2 1 1 1
   1 1 1 2 2 2 3 3 3 3 3 3 3 3 2 2 2 1 1 1 
   1 1 1 2 2 2 2 3 3 3 3 3 3 2 2 2 2 1 1 1 
     1 1 1 2 2 2 2 2 2 2 2 2 2 2 2 1 1 1 
     1 1 1 1 2 2 2 2 2 2 2 2 2 2 1 1 1 1 
       1 1 1 1 1 2 2 2 2 2 2 1 1 1 1 1 
         1 1 1 1 1 1 1 1 1 1 1 1 1 1 
           1 1 1 1 1 1 1 1 1 1 1 1
                 1 1 1 1 1 1
