 Dwell Times in FPD
    83.54    80.80    78.22    78.12    80.50    83.04    94.18    80.08    70.45    66.05
    63.38    62.37    62.28    63.12    65.61    69.81    79.18    92.95    84.50    72.56
    63.80    58.61    55.94    54.84    55.39    55.30    54.58    55.52    58.02    63.01
    71.53    83.18    81.50    69.16    60.51    55.43    52.71    84.38    84.18    85.81
    85.65    83.73    83.66    52.10    54.66    59.56    67.99    80.06    83.81    69.03
    60.15    54.98    85.08    82.21    80.86    80.60    82.08    81.91    80.12    80.06
    81.12    83.72    54.01    59.04    67.72    82.22    70.74    60.84    56.20    86.61
    82.89    80.00    78.90    78.08    78.43    78.25    77.55    78.00    78.74    81.31
    84.85    55.06    59.63    69.36    76.39    63.54    56.24    88.67    84.66    80.01
    76.24    53.54    52.28    51.33    51.21    51.89    52.85    74.79    78.07    82.63
    86.71    55.08    62.29    74.94    68.64    58.29    53.36    85.72    82.06    76.84
    52.29    50.68    49.34    48.22    48.11    48.97    49.98    51.11    53.73    79.76
    83.76    52.27    57.17    67.37    81.00    64.26    55.20    84.97    83.91    79.92
    53.90    50.78    48.92    47.63    46.67    46.56    47.30    48.33    49.88    52.68
    78.12    82.18    83.35    54.19    63.13    79.60    76.84    60.93    53.16    83.15
    83.14    79.07    52.77    49.72    47.96    46.87    46.30    46.21    46.60    47.48
    49.04    51.88    77.66    81.67    81.72    52.27    59.92    75.59    74.18    59.24
    52.01    81.55    80.36    76.54    51.90    49.15    47.59    46.82    47.07    46.99
    46.59    47.20    48.61    51.22    75.42    79.14    80.29    51.21    58.34    73.05
    74.10    59.13    51.84    81.03    79.46    75.74    51.64    49.10    47.67    47.03
    47.45    47.38    46.84    47.35    48.66    51.09    74.81    78.42    79.92    51.11
    58.30    73.04    76.63    60.64    52.71    81.73    79.73    76.02    52.06    49.60
    48.18    47.47    47.74    47.68    47.31    47.91    49.23    51.58    75.23    78.81
    80.73    52.04    59.85    75.62    80.81    63.99    54.74    83.54    80.55    76.94
    53.24    50.75    49.25    48.25    47.59    47.54    48.11    49.01    50.43    52.82
    76.24    79.73    82.63    54.11    63.22    79.82    68.63    58.19    53.09    84.89
    81.40    76.77    52.55    51.15    49.97    48.98    48.93    49.85    50.94    52.26
    76.25    80.74    84.12    52.57    57.58    67.87    76.92    64.06    56.81    89.81
    85.81    81.03    77.20    54.22    52.95    51.96    51.93    52.83    54.03    76.82
    80.54    85.19    89.08    56.31    63.45    76.14    72.15    62.49    58.54    90.13
    85.12    81.64    80.25    79.13    78.83    78.78    78.98    79.99    81.29    84.67
    89.56    58.12    61.99    71.52    86.35    71.81    64.00    58.31    88.19    84.43
    82.62    82.07    83.37    83.32    81.93    82.39    84.10    87.77    57.98    63.58
    71.29    85.66    85.02    72.61    63.34    57.48    54.28    86.51    86.06    87.64
    87.59    85.93    86.29    54.10    57.24    63.02    72.18    84.46    88.24    75.56
    66.09    60.42    57.46    56.22    56.75    56.73    56.14    57.34    60.23    65.83
    75.21    87.77    97.82    82.85    72.63    67.91    65.07    64.01    63.99    64.99
    67.78    72.42    82.56    97.41    85.94    83.03    80.37    80.34    82.94    85.79
 Channel Powers in MW
   3.522   3.641   3.761   3.766   3.654   3.543   3.124   3.674   4.176   4.454
   4.642   4.717   4.724   4.661   4.484   4.214   3.715   3.165   3.482   4.055
   4.611   5.019   5.259   5.365   5.311   5.320   5.390   5.299   5.070   4.669
   4.113   3.537   3.609   4.254   4.861   5.307   5.582   5.435   5.448   5.345
   5.354   5.477   5.482   5.646   5.382   4.939   4.327   3.675   3.510   4.262
   4.891   5.351   5.391   5.579   5.672   5.690   5.588   5.599   5.725   5.728
   5.654   5.478   5.447   4.983   4.344   3.578   4.159   4.835   5.235   5.296
   5.533   5.733   5.813   5.874   5.848   5.861   5.914   5.880   5.825   5.641
   5.405   5.343   4.933   4.241   3.851   4.630   5.231   5.173   5.417   5.732
   6.016   6.385   6.539   6.659   6.675   6.587   6.468   6.132   5.874   5.551
   5.289   5.341   4.723   3.926   4.286   5.047   5.513   5.350   5.589   5.969
   6.537   6.745   6.928   7.088   7.105   6.980   6.838   6.688   6.362   5.750
   5.475   5.628   5.146   4.367   3.632   4.578   5.329   5.397   5.466   5.738
   6.341   6.731   6.987   7.177   7.324   7.341   7.226   7.072   6.853   6.488
   5.871   5.581   5.503   5.428   4.660   3.696   3.828   4.829   5.534   5.515
   5.516   5.800   6.478   6.875   7.128   7.292   7.382   7.397   7.335   7.199
   6.970   6.588   5.906   5.616   5.612   5.629   4.910   3.892   3.966   4.966
   5.656   5.624   5.707   5.992   6.586   6.954   7.183   7.301   7.262   7.275
   7.337   7.241   7.031   6.674   6.081   5.795   5.712   5.744   5.043   4.027
   3.970   4.975   5.675   5.660   5.772   6.056   6.619   6.962   7.171   7.268
   7.204   7.214   7.298   7.219   7.025   6.691   6.130   5.849   5.739   5.756
   5.046   4.028   3.839   4.851   5.582   5.612   5.752   6.033   6.566   6.891
   7.095   7.200   7.160   7.169   7.225   7.134   6.943   6.627   6.096   5.819
   5.681   5.653   4.915   3.890   3.640   4.597   5.374   5.490   5.694   5.961
   6.420   6.735   6.941   7.084   7.182   7.189   7.104   6.974   6.778   6.471
   6.015   5.752   5.550   5.436   4.653   3.686   4.287   5.056   5.541   5.403
   5.634   5.974   6.504   6.683   6.841   6.979   6.985   6.857   6.710   6.540
   6.015   5.680   5.452   5.597   5.109   4.334   3.825   4.592   5.178   5.107
   5.345   5.660   5.941   6.304   6.456   6.578   6.583   6.470   6.327   5.970
   5.694   5.383   5.148   5.225   4.636   3.864   4.077   4.707   5.025   5.089
   5.388   5.617   5.715   5.796   5.818   5.822   5.807   5.733   5.642   5.417
   5.121   5.062   4.746   4.113   3.407   4.097   4.597   5.045   5.200   5.432
   5.551   5.588   5.501   5.504   5.598   5.567   5.453   5.225   5.074   4.627
   4.127   3.434   3.460   4.052   4.644   5.118   5.420   5.302   5.329   5.233
   5.236   5.337   5.315   5.438   5.140   4.668   4.076   3.483   3.334   3.893
   4.452   4.869   5.119   5.233   5.184   5.186   5.240   5.131   4.884   4.469
   3.911   3.352   3.007   3.551   4.051   4.332   4.521   4.596   4.598   4.526
   4.340   4.062   3.563   3.020   3.423   3.543   3.660   3.662   3.547   3.429
 Bundle Powers in kW
    63.30    58.85    66.80    60.39    63.97    55.40    56.97    60.10    75.17    72.89
    83.83    77.91    85.54    75.72    79.02    66.60    63.94    48.46    64.34    67.36
    83.92    83.11    96.44    90.91   101.53    92.47    99.86    87.74    90.62    74.32
    70.55    53.90    67.14    71.52    90.33    90.08   104.44    89.93   111.03    93.69
   112.79    92.85   109.36    95.45    96.89    78.79    74.47    55.99    64.65    71.35
    92.36    93.63   109.90    95.66   119.27   102.13   124.46   103.89   123.40   100.25
   115.14    89.36    98.59    80.02    75.47    55.19    68.06    90.56    93.07   111.44
    98.69   125.26   109.44   136.16   115.33   139.00   114.23   133.25   105.31   117.70
    90.15    98.81    79.53    74.93    61.78    84.57    89.48   109.25    98.34   127.09
   113.42   144.85   134.16   154.57   137.46   152.94   131.08   139.53   107.09   117.70
    89.40    98.25    76.20    69.84    77.36    83.33   104.90    95.04   124.73   113.22
   147.48   139.68   164.52   148.83   168.53   147.12   160.51   134.21   139.42   105.67
   116.33    96.57    93.68    69.53    65.44    74.40    98.39    89.94   119.73   109.49
   144.72   139.61   167.62   154.43   177.80   157.88   175.62   150.41   160.60   131.35
   134.38   101.31   112.03    90.07    83.00    57.89    61.36    87.30    92.90   113.75
   103.18   137.25   134.34   164.46   154.35   180.71   163.00   184.31   160.90   175.71
   147.31   153.28   115.54   125.89    94.62   104.06    79.09    68.59    70.77    80.80
   105.41    95.34   126.87   116.53   154.68   148.73   177.54   162.79   186.83   165.68
   184.28   158.02   169.03   138.44   141.51   106.36   117.33    96.02    90.51    63.82
    63.32    89.85    95.39   116.67   105.84   140.89   137.86   168.34   157.42   183.68
   165.27   186.59   162.83   177.87   149.26   155.51   117.34   127.90    96.17   106.37
    81.53    71.42    68.10    78.59   103.54    94.28   125.53   115.19   152.69   146.58
   174.69   159.91   183.24   162.26   180.22   154.32   164.89   135.08   138.38   104.20
   114.96    93.86    88.18    61.96    57.44    82.42    89.54   111.52   100.92   133.82
   130.65   159.50   149.22   174.13   156.59   176.54   153.64   167.19   139.67   145.26
   110.21   120.75    90.78    99.31    75.07    66.02    68.83    92.78    95.70   115.34
   104.75   138.33   132.86   158.82   145.57   166.83   147.50   163.30   138.93   147.01
   113.13   124.91    95.33   105.34    83.73    77.78    68.78    75.02    96.66    87.96
   115.86   105.47   137.52   129.28   150.98   135.83   152.91   132.84   143.57   112.52
   126.19    97.73   108.68    89.13    84.39    61.75    73.22    77.61    96.36    88.03
   115.15   103.25   130.94   112.46   137.06   113.83   134.45   108.05   123.59    97.30
   109.80    91.75    89.41    67.36    53.56    73.07    77.49    95.56    86.90   112.35
    98.14   121.13   102.16   122.51   100.53   117.29    93.91   107.67    91.58    90.31
    69.87    63.48    53.93    71.74    76.06    93.83    92.81   106.71    90.86   110.61
    91.96   108.95    88.13   102.13    87.88    87.93    69.57    65.35    51.80    67.95
    71.84    87.92    85.42    97.50    90.46    99.41    88.99    94.28    81.07    81.66
    65.40    62.39    46.65    61.75    64.55    76.83    73.82    83.54    76.15    81.91
    71.14    73.23    58.42    55.25    53.83    62.31    58.91    65.20    57.44    61.72
   177.45   165.29   186.75   169.44   179.12   156.01   159.96   169.25   210.68   204.55
   233.87   217.64   238.18   212.00   221.12   187.45   179.62   136.84   180.35   189.38
   235.00   233.11   268.93   253.37   281.30   256.91   277.52   245.48   253.49   209.00
   197.97   152.00   187.86   200.60   252.38   252.22   291.06   250.80   308.76   259.31
   312.53   257.89   305.43   266.88   270.62   221.09   208.50   157.63   180.78   199.78
   257.24   261.20   306.97   266.45   331.66   282.53   343.51   286.44   341.81   278.46
   321.21   249.45   274.47   223.85   210.85   155.24   190.70   251.87   258.74   309.84
   273.99   347.77   302.87   375.94   317.32   382.73   315.13   369.11   292.08   327.26
   250.51   274.09   222.19   209.36   173.55   235.70   248.95   302.92   271.79   351.58
   313.38   399.44   369.35   424.64   377.79   420.86   361.58   385.82   296.00   325.78
   247.75   272.63   213.32   195.50   216.38   232.91   290.42   262.53   343.90   311.87
   406.01   384.37   451.80   408.43   462.25   404.24   441.46   369.64   383.92   291.15
   321.80   268.32   260.99   195.35   183.62   208.95   274.02   249.91   330.72   301.17
   397.72   383.70   459.92   423.28   486.44   432.19   481.13   412.98   441.24   361.18
   370.05   279.70   311.66   251.81   232.34   163.23   172.97   244.40   259.81   316.60
   285.07   378.03   369.17   451.22   422.91   493.72   444.75   502.62   439.87   481.26
   404.48   421.20   318.09   348.21   263.25   290.11   222.32   192.67   198.80   227.19
   294.11   265.64   351.67   321.37   425.26   408.16   485.61   444.05   507.95   450.76
   502.46   432.54   463.75   380.89   390.71   294.67   327.27   268.94   253.66   180.07
   178.64   251.84   267.32   325.79   293.70   389.53   379.54   461.90   430.75   500.46
   449.24   506.88   443.97   486.58   409.92   428.15   324.30   355.38   268.48   297.16
   229.47   200.77   191.38   221.16   289.24   263.22   348.92   318.50   420.59   402.78
   478.25   436.53   498.58   441.80   491.81   422.83   453.04   372.42   383.13   289.52
   321.38   263.25   247.29   174.87   162.07   231.01   250.92   311.44   280.05   370.22
   360.16   438.58   409.52   476.41   427.82   482.11   420.66   458.78   384.46   400.57
   304.80   335.60   253.42   277.39   211.24   185.49   193.54   258.83   266.47   319.88
   289.26   381.84   365.97   436.61   399.63   457.13   404.39   448.22   382.32   405.10
   312.25   345.46   264.23   292.43   234.49   217.86   192.46   209.87   268.06   243.57
   320.34   291.25   379.95   356.42   415.34   373.31   420.09   365.74   395.88   310.85
   349.00   269.99   301.24   247.97   235.22   173.51   204.05   216.01   266.13   243.57
   319.19   285.89   362.42   310.27   377.66   313.44   371.34   298.92   342.73   269.46
   304.15   254.03   247.89   188.36   149.98   203.01   215.23   264.46   241.57   312.68
   272.30   335.47   281.85   338.36   278.14   325.91   261.06   299.61   254.07   249.97
   194.63   176.85   150.89   199.53   212.18   261.05   258.85   297.66   252.30   306.53
   254.58   302.94   245.56   284.03   245.14   244.37   193.94   181.86   145.25   189.79
   201.33   245.42   238.73   270.83   251.30   275.40   247.93   262.65   226.98   227.99
   183.09   174.01   131.23   173.02   181.37   214.78   206.56   232.54   212.66   228.43
   199.49   204.95   164.13   154.62   151.46   174.36   165.23   182.24   161.26   172.91
   285.33   265.95   298.66   271.93   287.63   252.43   257.83   273.76   338.90   328.69
   372.12   344.95   376.44   338.56   354.71   303.22   290.63   222.64   289.66   305.34
   377.20   374.07   427.22   399.13   435.52   399.09   435.97   391.33   406.02   337.49
   319.80   246.79   300.57   321.55   402.42   402.62   461.27   396.16   477.58   397.37
   475.22   401.73   478.98   424.42   431.84   355.25   335.07   255.11   288.97   319.06
   406.27   412.18   481.06   419.19   513.50   435.12   516.18   434.28   522.16   434.57
   502.01   394.98   433.88   356.58   337.27   250.66   305.21   396.91   402.92   477.17
   426.32   535.76   468.00   569.15   479.38   572.01   481.93   564.66   454.09   506.23
   390.30   427.39   352.94   334.72   279.29   374.32   390.46   461.77   414.98   535.41
   482.52   608.74   562.99   639.55   572.60   637.24   554.08   588.02   455.31   494.63
   381.90   427.21   340.86   313.63   346.57   370.64   451.66   400.24   515.63   475.35
   616.40   585.95   681.26   618.25   694.91   613.86   668.32   564.54   582.00   441.10
   487.07   419.03   413.98   314.71   295.66   336.26   433.97   390.12   498.22   454.04
   599.30   582.92   692.14   638.93   726.36   650.10   721.01   626.13   666.04   547.70
   552.86   425.38   482.51   400.53   372.80   264.63   280.27   392.06   413.44   490.75
   434.97   565.37   559.12   678.52   637.83   733.99   661.77   742.26   659.16   720.70
   612.92   634.43   481.32   526.51   411.85   460.15   358.45   311.22   321.02   366.45
   467.28   417.70   537.82   491.02   642.12   617.78   724.32   660.54   740.26   662.40
   741.91   650.47   697.29   579.30   591.14   455.29   510.41   429.31   407.78   292.33
   289.95   404.95   427.31   509.73   456.56   592.51   578.73   694.69   647.16   737.16
   657.64   736.06   659.37   725.93   621.59   649.31   499.12   547.89   424.35   473.56
   370.82   324.63   309.32   357.28   460.94   416.27   538.56   490.85   638.63   611.65
   714.96   650.63   728.13   650.57   727.75   637.47   683.85   569.85   585.27   451.62
   504.52   421.66   398.14   283.97   262.95   371.48   401.23   487.55   434.94   563.81
   550.70   663.20   620.05   710.82   639.17   715.11   632.81   690.38   586.39   610.16
   469.44   517.85   400.96   442.43   341.28   299.40   312.08   411.57   418.37   488.12
   441.25   578.04   558.83   659.98   605.56   685.27   610.63   674.91   582.91   616.44
   478.61   523.15   407.15   458.10   374.77   349.86   308.32   334.81   419.03   374.12
   484.33   446.63   577.60   545.53   628.66   566.39   633.47   557.79   603.36   478.51
   531.08   411.53   458.42   388.66   373.56   279.31   324.21   339.59   408.17   373.80
   489.33   442.60   553.49   475.16   567.27   475.93   563.29   461.73   526.48   416.28
   461.92   389.73   387.19   300.05   239.84   319.71   334.68   408.92   378.07   485.89
   424.10   512.69   428.50   509.91   428.85   504.01   408.88   464.60   392.75   385.83
   306.46   280.41   240.74   314.99   335.69   412.59   409.58   465.66   392.86   466.45
   390.53   468.61   387.29   448.26   387.96   384.12   305.82   287.30   233.00   303.48
   322.92   391.53   379.78   425.09   390.33   426.40   390.40   416.66   363.09   363.82
   292.53   276.51   212.06   278.64   292.52   343.94   329.57   367.34   336.95   363.26
   320.17   328.95   264.46   247.78   244.72   279.74   265.02   291.32   259.33   277.78
   378.07   355.17   392.95   361.62   381.31   340.08   341.42   366.83   448.43   437.26
   484.62   444.33   480.62   445.91   468.72   407.41   388.37   301.62   381.71   406.92
   496.65   495.62   554.69   509.62   501.72   463.98   551.83   513.60   534.01   451.70
   426.41   333.71   394.60   424.95   523.96   528.05   595.13   511.22   581.03   445.31
   520.66   501.12   601.66   553.65   564.01   471.82   443.79   344.08   379.83   420.19
   518.56   527.22   601.69   535.39   628.34   528.77   550.42   474.33   618.13   546.35
   625.21   510.60   555.38   464.96   444.35   337.35   404.56   507.42   484.33   556.00
   529.98   647.03   573.13   657.91   520.84   604.96   573.57   670.84   564.68   615.38
   470.02   514.11   460.10   441.18   373.56   487.52   496.13   509.52   463.52   629.34
   587.53   718.25   667.57   732.10   667.47   741.03   665.43   694.70   551.40   542.66
   433.90   540.26   450.78   415.17   456.89   486.36   562.64   442.67   549.04   564.09
   723.89   695.75   786.71   724.49   798.67   722.96   777.91   675.29   678.91   482.45
   527.58   527.73   537.75   421.12   391.80   448.17   561.01   489.83   533.25   490.07
   688.25   688.10   796.14   743.66   822.96   751.24   822.65   734.96   771.54   640.70
   582.94   466.58   589.44   523.94   492.24   356.73   376.56   516.12   539.84   599.46
   482.31   599.52   651.30   779.22   740.88   822.98   734.48   808.35   754.41   820.93
   718.62   726.71   525.17   569.54   517.76   594.72   478.31   414.09   426.15   488.41
   604.59   531.75   633.69   581.66   742.25   722.46   818.51   740.39   741.04   675.43
   815.94   750.81   800.18   683.32   680.62   552.58   631.86   562.60   537.86   393.57
   389.96   533.78   560.66   634.72   565.51   694.49   686.73   797.44   745.44   805.80
   659.99   725.98   735.61   820.34   729.17   757.34   604.52   660.38   545.28   615.21
   495.29   431.63   411.19   477.16   599.03   535.96   651.64   597.11   747.32   719.69
   811.12   732.14   733.05   667.18   803.78   739.17   790.38   681.23   692.47   563.93
   632.40   555.39   525.99   382.23   354.18   490.76   528.03   609.17   536.54   661.20
   658.46   770.19   725.57   803.36   723.05   793.89   730.60   793.55   696.76   719.00
   568.22   623.97   517.59   577.10   456.49   397.48   417.37   535.34   531.15   541.26
   493.30   670.43   667.61   765.95   710.54   783.64   712.33   777.58   692.14   726.24
   574.00   572.04   463.67   577.27   494.15   462.29   407.03   441.34   526.97   420.19
   524.92   537.28   679.15   653.84   731.57   664.75   730.17   662.92   712.13   582.32
   622.84   456.04   501.90   492.82   486.50   373.72   423.74   433.96   457.25   421.00
   583.87   546.74   656.23   569.16   625.25   539.81   655.79   565.65   633.30   509.33
   505.51   437.35   486.84   395.56   319.04   409.32   388.86   471.54   476.88   600.30
   531.95   608.06   472.85   549.31   522.90   616.26   519.16   568.74   453.40   440.38
   393.07   365.39   318.67   402.46   431.89   531.54   531.23   583.39   489.94   511.86
   438.65   570.44   499.22   576.04   502.84   485.81   390.64   371.32   310.54   399.72
   429.21   513.06   497.46   537.45   453.63   491.18   498.34   540.53   480.03   476.60
   385.83   360.07   285.64   370.97   392.16   453.80   433.63   468.64   433.82   472.88
   425.72   434.85   353.60   326.86   329.34   370.51   352.20   383.10   346.22   367.96
   448.27   436.84   475.84   449.65   459.46   417.94   399.98   442.35   528.69   532.76
   585.16   564.27   595.51   553.53   560.29   496.68   462.31   369.49   447.17   489.42
   581.60   595.74   655.70   635.08   672.39   638.89   671.29   623.45   629.31   547.54
   508.73   410.76   464.40   514.27   613.74   628.03   686.98   611.82   679.45   613.66
   677.68   617.43   683.60   656.13   660.63   575.00   534.02   426.32   449.54   514.29
   619.88   635.96   672.95   617.80   683.49   620.11   682.60   622.15   688.14   624.81
   688.04   606.70   664.00   580.22   538.87   417.91   497.12   612.85   629.36   668.58
   602.15   666.77   590.92   653.89   609.43   670.23   598.77   658.60   612.12   669.26
   604.15   660.60   578.12   531.50   457.44   584.01   621.76   663.03   613.77   670.07
   615.48   681.65   650.93   719.09   677.02   699.71   650.53   692.53   619.53   684.47
   604.17   663.83   557.60   495.06   541.73   597.09   684.60   611.51   682.87   618.20
   711.34   662.42   720.46   703.72   751.55   682.72   717.81   684.97   717.59   636.38
   689.03   660.31   643.70   515.76   461.26   544.11   664.46   608.05   676.00   622.75
   689.52   665.42   719.71   692.51   763.05   718.99   742.49   685.59   723.56   663.69
   700.84   626.83   691.41   638.19   583.79   435.34   455.84   606.59   648.82   684.36
   596.96   664.59   649.00   714.33   683.91   743.68   721.35   768.25   703.64   735.19
   680.48   702.75   616.07   668.15   625.58   697.21   579.22   489.28   500.64   587.24
   699.75   623.01   662.28   608.65   695.44   675.14   730.50   699.53   760.81   718.40
   746.74   692.05   725.86   661.58   678.62   608.97   702.50   669.92   630.64   476.68
   471.04   623.34   663.32   696.70   606.19   675.28   657.37   719.93   686.65   740.71
   713.08   756.89   699.02   733.56   680.63   704.89   619.21   675.38   633.28   710.31
   595.26   507.40   483.52   573.58   692.14   625.01   673.88   619.55   700.47   674.61
   726.06   693.15   752.92   710.11   737.79   684.16   720.29   660.86   686.17   615.16
   700.96   660.46   615.90   462.06   429.95   577.04   632.97   688.77   629.15   702.59
   658.31   713.13   675.10   729.45   706.16   750.98   685.85   718.02   668.87   700.63
   639.12   697.75   621.26   675.55   551.54   467.07   507.86   633.94   651.76   679.91
   626.09   684.78   669.96   703.41   670.76   739.17   694.15   713.07   658.67   710.83
   621.33   690.72   619.33   692.44   602.80   546.67   483.84   544.50   646.38   587.40
   662.76   601.20   673.18   636.16   686.78   667.25   710.31   643.79   675.01   610.17
   665.04   609.49   659.59   619.96   583.83   458.08   513.49   555.99   630.71   578.19
   642.94   593.16   641.34   587.42   661.49   602.33   645.51   582.40   655.79   589.99
   651.70   614.42   602.23   491.30   400.58   512.72   548.89   628.12   580.61   663.33
   607.24   672.30   611.04   671.59   609.73   670.54   603.85   653.84   613.35   596.68
   499.52   440.04   404.65   505.11   545.98   631.57   632.26   662.42   601.81   662.64
   601.36   665.55   598.26   669.50   608.97   591.90   495.26   449.18   389.91   484.33
   524.54   606.23   603.93   652.81   623.32   656.93   620.61   639.91   579.88   564.11
   472.85   431.38   352.88   443.52   478.96   542.45   537.90   580.01   550.45   570.93
   519.38   514.46   429.27   387.09   404.77   446.18   437.67   463.66   425.87   436.75
   479.94   488.01   515.81   505.36   498.47   469.64   424.19   488.37   565.19   592.56
   633.19   635.24   649.35   621.69   606.39   555.73   500.12   415.75   473.63   538.97
   620.17   659.60   704.94   711.22   737.51   721.21   728.68   695.23   677.54   611.68
   552.09   464.08   492.83   567.34   653.80   692.48   733.97   686.94   721.04   697.41
   730.56   697.51   719.31   727.24   712.12   645.12   582.16   483.43   479.53   570.80
   663.77   702.25   703.90   690.09   718.97   699.45   734.21   705.05   729.72   701.02
   723.47   685.31   722.56   655.49   588.46   472.84   555.21   660.09   701.64   708.52
   681.93   707.27   678.30   706.53   698.36   727.04   689.95   707.68   694.94   717.25
   688.89   726.17   654.17   576.66   511.52   629.64   696.82   711.36   693.60   715.72
   698.34   742.75   741.01   777.72   763.82   761.81   739.57   736.22   708.10   739.72
   691.38   724.40   626.87   533.31   581.07   667.75   742.70   695.31   734.71   705.22
   766.38   751.12   779.35   787.32   805.07   771.58   777.72   770.25   780.33   723.85
   744.88   742.15   695.60   577.73   491.91   605.12   714.59   689.30   728.90   707.14
   755.01   754.13   778.47   780.10   816.85   803.36   800.47   774.96   784.75   758.39
   755.65   712.80   733.05   712.49   628.31   487.22   505.92   648.74   720.47   721.95
   684.64   720.70   739.48   772.67   771.46   802.58   808.52   826.79   793.01   793.96
   769.86   768.13   707.06   726.10   706.40   748.18   644.94   524.79   534.27   650.74
   746.51   698.26   708.03   693.32   753.96   760.49   787.94   790.39   828.21   810.23
   809.25   780.58   783.39   750.13   726.41   695.35   736.81   742.39   674.68   530.17
   522.65   664.84   732.16   726.06   686.85   716.02   741.03   774.14   773.39   803.51
   806.40   827.11   791.58   792.27   766.84   762.74   702.90   718.34   708.53   757.56
   659.97   542.00   516.67   635.50   736.94   697.44   712.85   699.41   755.08   758.27
   782.52   783.40   819.74   801.49   800.33   772.42   777.13   747.07   728.12   697.20
   732.49   730.70   657.75   512.66   479.17   617.42   700.76   719.42   702.97   736.31
   740.99   766.64   760.57   787.42   792.33   808.59   774.82   776.79   755.73   759.84
   716.58   735.29   698.04   723.10   612.13   497.72   566.15   680.42   725.87   724.68
   702.52   725.50   747.16   758.76   756.96   792.11   777.31   771.90   746.58   764.39
   705.83   737.05   699.43   747.51   672.50   585.73   519.65   610.28   703.13   670.07
   713.44   683.56   712.15   720.54   745.08   750.49   765.97   731.94   735.24   692.57
   711.35   690.05   709.61   695.91   630.25   512.70   557.65   631.24   699.31   662.02
   690.46   672.55   687.21   674.13   711.40   687.48   695.45   668.60   697.67   672.38
   700.79   692.58   654.33   551.57   455.09   564.73   627.08   693.48   659.04   698.17
   680.39   710.59   689.83   719.35   686.64   705.91   677.21   690.99   687.26   652.65
   561.32   473.56   462.56   556.81   617.72   684.06   701.69   696.53   678.68   712.56
   682.11   705.69   672.49   718.17   676.70   639.00   554.09   482.80   443.66   528.71
   587.83   653.33   673.23   707.79   702.69   719.74   694.85   688.74   644.07   605.16
   525.32   461.98   398.54   480.73   536.24   586.86   603.68   631.86   619.29   617.75
   578.24   551.32   475.98   413.25   454.71   483.73   491.57   502.37   475.76   467.97
   467.53   497.07   505.45   516.84   490.45   483.20   411.04   495.00   551.57   602.87
   620.06   648.99   637.02   636.31   597.40   570.84   494.66   430.17   457.63   544.74
   605.08   671.24   691.05   725.94   721.17   739.30   715.62   710.94   667.50   628.62
   547.72   481.65   475.67   572.81   636.05   702.78   719.99   713.46   695.14   729.66
   699.98   725.30   694.38   743.43   703.71   665.09   578.27   502.31   464.63   577.83
   644.48   710.35   675.73   714.02   695.48   725.68   705.05   736.16   705.26   726.79
   701.38   716.17   716.63   677.24   583.01   489.36   565.78   642.22   711.99   676.36
   703.44   685.34   699.65   686.74   725.78   701.59   711.98   688.36   719.81   697.97
   724.36   718.08   674.46   567.47   523.39   615.41   709.93   677.59   721.80   692.41
   721.63   731.15   756.61   763.56   780.48   748.65   754.27   715.71   735.69   714.04
   728.60   713.27   643.18   522.55   567.70   682.49   727.97   727.67   705.29   730.24
   753.76   766.84   767.21   803.76   791.21   786.58   765.00   787.65   766.44   758.24
   714.55   759.58   682.42   592.79   479.32   617.45   700.25   718.90   699.20   738.04
   742.00   770.26   766.68   795.32   803.19   819.64   787.81   789.95   771.83   775.69
   727.19   745.74   704.84   728.90   617.15   501.08   516.42   634.89   735.78   695.07
   712.95   695.31   754.87   760.12   786.09   789.71   825.80   811.90   808.41   781.76
   785.42   755.27   735.40   699.28   735.54   734.24   660.38   515.12   522.54   664.55
   731.61   725.36   685.54   715.50   740.92   774.77   775.28   805.70   810.32   830.35
   796.03   795.58   771.19   765.58   705.74   719.87   710.76   759.02   661.89   543.05
   534.47   651.18   747.18   699.54   708.78   695.04   754.45   760.81   787.19   789.51
   826.52   808.91   807.52   780.24   782.16   750.91   725.70   697.45   736.72   743.62
   674.95   530.88   506.27   649.41   721.98   723.56   689.85   720.45   740.89   771.46
   768.99   797.99   801.67   821.25   787.31   787.62   765.38   762.86   708.12   721.64
   707.15   747.00   644.64   523.97   491.77   605.25   714.99   691.02   727.88   710.68
   753.98   751.60   773.35   773.47   808.21   794.11   790.18   765.28   772.17   747.96
   743.55   711.15   727.73   709.68   625.29   485.62   579.47   665.92   740.36   693.68
   731.16   701.57   760.34   744.20   770.29   777.47   793.15   759.69   762.32   752.23
   730.91   709.10   731.64   733.79   688.02   572.97   507.88   624.41   690.14   703.92
   685.59   707.06   689.76   732.81   730.99   765.70   751.73   747.00   723.83   715.91
   688.49   718.91   676.25   709.83   616.69   525.19   547.08   649.21   687.90   696.36
   669.17   694.73   667.00   694.27   687.61   712.02   676.00   689.58   676.07   694.46
   666.90   704.81   636.88   562.81   469.89   557.49   648.52   683.63   687.72   675.03
   704.04   685.96   719.09   690.72   711.94   682.80   701.04   662.75   697.81   631.68
   569.16   459.09   479.67   551.04   635.84   674.08   715.89   671.22   704.74   682.19
   713.05   680.14   698.41   704.50   687.28   621.32   560.37   465.99   459.57   523.09
   602.93   642.38   687.38   694.24   719.62   703.35   708.95   675.07   655.55   590.46
   531.38   446.34   411.57   474.50   549.92   577.33   617.15   619.31   632.28   604.69
   588.21   538.00   482.58   400.47   467.22   475.43   502.30   491.97   484.39   455.76
   416.95   459.18   450.66   477.85   439.98   452.37   366.25   458.78   494.14   558.37
   553.27   596.52   567.08   589.43   538.37   535.30   449.13   406.67   406.17   503.43
   543.11   625.16   621.22   670.37   640.25   675.63   640.51   662.99   604.39   591.11
   498.64   455.95   420.68   527.10   568.66   654.05   651.49   679.95   616.79   678.52
   617.33   685.29   619.99   697.81   639.96   626.13   525.57   474.61   411.83   530.83
   572.34   655.16   600.25   681.47   621.72   686.33   623.70   686.30   626.90   693.03
   629.68   686.88   650.89   634.33   526.68   459.99   523.08   569.39   650.15   595.50
   659.43   606.14   653.60   597.89   671.14   613.98   660.99   601.56   681.05   618.36
   685.90   646.00   628.00   509.37   487.23   549.02   652.87   594.41   671.45   609.38
   682.62   645.94   697.72   678.99   724.14   659.73   694.96   633.21   692.00   634.15
   681.38   638.16   598.14   468.35   508.11   633.49   649.86   676.17   623.85   685.66
   674.84   711.46   681.54   753.09   709.50   729.76   677.21   734.76   680.63   708.15
   630.37   702.14   611.63   553.93   429.23   575.16   628.92   680.28   617.15   688.07
   653.25   714.38   681.30   740.72   721.21   768.30   701.54   733.11   683.58   711.65
   642.59   693.73   623.17   679.34   556.05   470.83   482.51   571.45   687.41   617.19
   658.26   608.16   693.86   674.78   730.85   703.08   769.83   726.49   751.47   695.15
   728.58   664.89   680.20   611.10   698.83   662.52   618.71   464.95   470.69   622.47
   661.62   693.32   601.98   670.60   655.67   720.50   689.51   745.78   720.36   764.95
   706.35   739.74   686.38   708.09   620.92   674.84   635.29   712.82   598.31   509.75
   501.24   588.38   701.97   626.48   667.99   613.80   699.25   677.14   730.90   698.92
   758.22   716.93   746.28   694.33   729.15   667.53   685.82   616.59   708.20   674.78
   633.86   479.17   457.01   609.11   653.66   693.67   609.79   680.39   656.83   716.78
   682.61   737.32   711.68   755.96   698.00   732.39   682.22   709.09   628.28   683.34
   634.61   702.66   582.64   491.06   462.16   546.12   668.99   615.89   691.84   634.90
   696.57   666.47   716.28   685.92   752.06   709.00   733.40   680.46   719.56   665.53
   710.59   637.30   697.72   641.86   585.19   436.29   541.55   597.65   686.75   615.00
   686.21   618.48   708.26   657.60   712.81   695.37   741.39   674.19   707.86   675.43
   690.84   632.70   687.31   659.67   641.83   514.58   454.28   579.12   615.50   655.09
   606.24   661.92   608.48   673.75   643.83   711.09   669.24   689.52   639.87   677.58
   606.19   668.58   593.40   653.28   550.81   489.56   487.81   598.17   610.88   648.28
   587.80   653.80   581.62   645.17   603.09   662.84   589.67   644.28   596.85   647.32
   582.95   636.29   561.50   518.80   437.07   496.58   593.48   610.69   651.40   602.46
   669.43   609.66   671.98   612.37   674.24   609.93   666.67   584.34   632.57   553.36
   517.22   404.46   446.68   492.98   589.51   607.14   667.97   597.60   665.22   601.88
   663.66   603.58   664.78   635.29   635.05   549.56   508.75   407.97   429.50   471.22
   562.51   578.80   639.15   620.52   657.31   624.36   654.39   606.04   608.76   527.26
   487.14   392.54   385.83   428.25   513.54   518.93   570.79   550.85   580.82   539.18
   544.09   480.87   445.55   354.83   436.35   425.86   463.92   438.31   447.10   405.97
   339.95   381.91   363.13   395.50   358.47   382.43   299.69   386.42   406.22   468.23
   446.61   482.53   447.51   489.36   442.85   455.17   373.28   348.00   330.86   423.23
   449.20   531.97   512.94   552.40   465.94   505.51   515.24   562.36   504.01   506.11
   415.56   390.20   340.47   439.49   468.02   560.26   551.30   600.22   501.70   522.68
   449.16   587.82   519.34   606.26   539.45   536.04   435.33   404.32   333.37   439.22
   460.19   550.17   506.95   621.63   545.22   618.36   476.65   555.26   536.09   639.16
   547.13   616.12   541.03   532.18   431.35   389.65   435.63   454.65   508.16   465.31
   609.56   561.49   668.55   574.32   607.70   526.29   667.39   584.95   663.19   545.81
   572.42   498.49   521.42   415.46   409.83   445.18   533.44   428.76   535.75   545.78
   689.06   663.66   741.63   671.39   739.59   678.54   734.41   606.11   652.78   480.69
   525.43   510.47   500.57   383.22   415.93   530.98   521.26   520.60   476.12   663.22
   669.93   775.17   724.16   802.99   732.40   799.36   712.85   750.21   626.44   572.56
   457.63   578.61   499.24   468.21   352.47   486.26   517.78   582.14   461.37   576.00
   634.75   766.32   733.48   823.63   755.68   831.07   755.28   813.03   708.46   712.51
   507.15   548.80   502.98   574.83   458.82   400.69   409.28   472.94   588.00   512.28
   563.44   520.71   721.18   715.51   819.30   755.88   812.39   741.57   833.97   754.56
   796.69   668.49   615.10   494.58   613.43   552.19   527.41   384.68   389.33   532.07
   556.86   625.39   547.83   675.11   679.56   797.05   750.17   817.06   678.80   747.11
   749.35   830.73   735.81   757.23   594.25   646.93   543.02   616.97   498.36   434.61
   427.18   490.44   609.29   540.54   654.94   600.76   753.50   727.23   819.53   736.94
   728.85   665.01   813.80   755.09   809.22   698.37   706.58   576.00   646.29   571.14
   543.62   397.21   378.62   521.10   550.59   627.10   560.07   688.26   678.54   788.32
   738.94   804.84   669.80   737.55   738.60   819.68   728.88   757.72   606.32   661.87
   544.87   609.02   485.30   418.17   393.90   452.64   572.41   513.87   619.84   565.44
   716.29   695.47   793.13   731.77   796.40   727.06   809.12   732.32   778.32   666.50
   669.75   544.17   617.98   536.09   498.34   359.79   458.59   490.54   573.35   461.04
   569.31   572.27   724.85   692.05   778.48   714.55   787.19   715.14   771.86   673.85
   677.24   499.04   547.92   538.23   542.68   423.33   371.02   483.18   489.84   499.17
   454.25   620.92   581.47   711.84   663.74   731.96   667.54   735.50   658.36   684.41
   542.21   530.12   424.93   533.24   446.91   412.31   393.14   484.11   435.31   503.56
   508.06   632.22   565.52   656.22   541.05   627.36   571.96   659.99   550.61   588.42
   424.80   461.78   438.68   428.57   363.32   391.12   438.50   451.93   567.29   518.46
   615.91   523.29   550.20   474.36   610.51   534.78   603.91   480.29   475.26   392.35
   413.30   322.40   369.63   389.20   484.35   501.79   575.27   499.06   570.65   439.36
   513.19   491.81   586.02   534.19   534.90   435.01   405.68   321.52   358.84   384.83
   475.68   479.51   540.33   498.60   491.84   454.75   539.23   499.57   515.61   431.71
   402.34   312.84   326.07   353.02   434.41   425.63   473.11   434.41   469.65   434.96
   455.52   393.97   372.93   287.38   367.89   346.42   383.58   352.94   371.54   330.51
   252.77   288.62   273.52   301.13   268.84   289.13   221.66   289.79   302.91   355.07
   339.72   378.69   348.00   376.44   333.43   344.64   279.05   263.32   245.21   318.18
   336.36   405.41   391.64   437.42   401.60   439.62   404.20   433.95   381.07   385.17
   312.40   296.74   253.02   332.71   353.26   430.14   423.64   479.12   403.10   478.28
   401.46   484.13   403.14   470.89   412.13   412.64   330.07   308.66   248.29   334.32
   353.89   431.17   393.27   500.77   434.79   523.88   437.40   521.83   441.86   523.52
   429.23   493.92   423.96   417.99   328.20   297.08   331.42   349.74   423.93   387.71
   503.58   453.02   564.73   483.80   576.20   485.17   578.63   478.51   550.60   440.10
   492.78   415.74   408.86   314.03   310.36   337.50   423.22   378.74   490.89   452.86
   586.18   554.40   639.64   577.20   647.47   573.19   623.76   498.81   557.18   431.36
   477.73   402.68   385.18   287.01   311.50   409.90   415.18   482.83   437.76   577.93
   562.86   668.51   616.43   700.34   626.08   693.56   601.31   640.43   530.37   539.23
   414.81   465.64   381.17   355.80   261.95   369.10   396.75   478.11   422.07   549.02
   545.10   664.39   626.70   723.79   655.18   734.92   649.84   708.07   601.10   621.82
   470.66   514.16   401.36   445.50   344.76   302.84   308.18   355.08   455.99   408.47
   522.62   478.64   631.85   612.01   721.27   661.80   747.50   669.05   744.92   650.39
   694.87   574.72   581.31   446.83   503.20   423.51   401.23   286.66   289.63   404.12
   425.71   506.39   452.38   588.05   577.48   696.33   651.24   744.52   666.79   747.38
   669.23   736.11   629.90   656.08   502.33   550.07   427.12   477.53   374.35   327.80
   321.77   367.72   469.83   421.38   544.58   496.95   647.42   621.06   726.63   661.64
   740.28   663.31   745.37   656.17   705.83   589.16   603.73   465.55   519.75   435.76
   412.90   295.63   281.63   395.00   418.60   501.17   449.23   582.84   568.49   683.25
   638.19   729.88   653.98   733.49   656.97   723.31   620.03   648.25   498.88   547.68
   423.60   469.14   363.71   314.89   297.07   338.79   439.44   398.58   515.25   467.78
   608.78   586.05   690.99   634.57   718.32   643.34   716.70   626.36   670.89   557.91
   571.72   441.49   495.13   407.70   377.58   267.33   347.47   372.46   455.59   405.35
   521.38   477.70   616.03   583.45   676.49   613.12   689.10   610.00   665.71   564.52
   584.53   446.74   494.59   424.26   417.58   316.79   277.56   371.43   386.73   456.52
   410.31   530.06   478.26   603.77   558.99   635.66   569.23   632.62   549.72   582.65
   451.09   489.60   378.59   424.36   339.28   312.57   298.50   385.43   388.30   460.62
   415.58   526.13   462.02   564.25   477.41   569.69   477.83   557.17   446.06   493.59
   377.46   412.53   343.51   328.16   279.08   305.22   384.55   391.79   463.84   408.64
   504.19   429.52   511.23   430.15   515.17   426.63   489.20   381.03   412.49   337.90
   323.04   242.52   286.24   304.92   383.27   387.42   448.00   387.43   469.19   391.45
   467.99   394.59   468.10   412.12   415.48   338.33   317.72   243.03   275.78   291.96
   363.36   362.92   416.80   390.87   427.29   391.51   426.76   381.60   393.72   324.99
   305.65   234.85   247.35   264.18   328.83   320.29   363.67   337.61   368.36   330.76
   345.45   294.02   280.27   213.46   277.89   259.62   291.86   265.71   280.67   245.72
   156.40   179.95   170.62   188.49   167.24   179.99   136.42   179.35   187.51   221.63
   212.98   239.88   219.78   236.83   207.70   214.48   172.70   163.55   151.25   197.27
   208.59   253.47   246.01   278.81   258.84   284.26   256.84   273.45   237.72   240.24
   193.98   184.98   156.59   207.37   220.21   270.00   266.80   306.06   259.14   315.01
   262.27   313.39   255.48   297.48   258.50   259.13   206.17   193.17   154.01   209.37
   222.56   273.28   248.83   321.08   279.06   343.54   288.89   347.73   287.19   338.58
   273.15   315.69   269.05   265.04   205.77   186.09   207.64   220.57   272.43   249.40
   326.40   291.98   369.94   316.82   386.15   321.49   382.69   309.98   357.97   283.25
   320.57   267.38   259.83   196.45   193.77   211.56   270.62   246.27   324.32   295.26
   385.73   362.46   423.20   381.28   430.43   376.38   409.80   324.34   366.58   282.97
   313.96   257.09   242.85   178.54   193.65   258.86   266.37   319.87   289.89   384.06
   369.58   442.57   406.50   466.51   413.98   460.45   394.78   422.45   348.83   360.30
   272.51   299.83   239.80   222.39   161.77   230.35   249.81   309.45   278.12   368.53
   360.39   441.24   414.02   483.74   436.01   492.70   430.80   470.97   395.99   413.23
   312.57   341.83   257.42   281.62   214.43   188.25   191.00   220.49   287.90   261.49
   346.32   316.90   420.37   404.52   482.43   442.12   506.73   449.97   501.47   431.49
   462.53   379.78   389.19   293.17   325.04   266.39   250.34   177.05   178.58   251.67
   266.99   325.20   293.20   389.33   380.21   463.81   433.54   504.82   454.13   513.24
   450.12   493.86   416.40   434.90   329.04   360.08   271.86   300.81   232.26   203.15
   199.19   227.77   295.14   266.90   353.72   323.26   427.47   409.99   487.61   445.88
   510.24   453.39   506.35   436.95   469.63   386.61   397.25   299.70   332.49   272.80
   256.97   182.25   173.57   245.57   261.58   319.61   288.27   381.99   371.88   453.12
   423.65   493.69   444.42   502.58   440.99   484.12   408.48   427.21   323.89   355.09
   268.01   294.57   225.27   194.95   184.19   209.86   275.75   252.13   334.26   303.97
   400.03   384.52   459.58   422.11   484.62   430.84   480.64   413.87   443.93   365.05
   375.66   284.41   316.48   255.10   234.92   164.85   216.53   233.21   291.06   263.26
   344.59   311.87   405.15   382.91   449.58   406.26   459.97   402.74   440.65   369.86
   386.36   293.00   324.30   270.35   262.74   196.54   172.53   234.03   246.91   300.22
   269.37   348.58   310.87   396.42   366.72   421.80   375.35   418.18   359.32   383.49
   294.30   324.00   246.58   271.59   212.76   195.20   187.50   246.92   253.26   303.49
   269.16   342.71   299.26   372.21   314.57   379.48   312.14   365.02   288.25   322.15
   246.06   269.08   218.59   206.62   176.11   193.94   249.28   253.57   299.28   261.03
   326.22   278.71   339.42   283.06   337.26   274.04   314.97   243.57   266.88   217.39
   205.21   151.71   181.27   193.46   243.94   244.90   283.99   245.76   303.48   255.29
   307.69   253.50   299.36   260.55   262.99   213.93   201.34   152.38   173.62   182.81
   227.80   226.97   262.85   248.33   276.09   252.16   271.99   239.96   246.88   202.69
   191.22   146.46   154.41   164.02   204.95   199.64   228.78   213.15   233.27   207.37
   215.80   182.36   174.09   132.15   173.04   161.50   182.64   165.72   175.00   152.13
    55.56    64.30    60.84    67.44    59.57    64.23    48.34    63.87    66.65    79.24
    76.11    86.19    78.72    84.92    74.05    76.55    61.36    58.27    53.67    70.34
    74.22    90.67    87.98   100.38    93.21   102.64    92.20    98.10    84.79    85.83
    69.03    66.02    55.66    74.12    78.53    96.73    95.49   109.66    93.35   113.75
    94.80   112.75    91.65   106.79    92.37    92.79    73.55    69.07    54.80    74.98
    79.62    98.23    89.21   115.19   100.54   124.11   104.82   126.05   103.86   121.82
    98.11   113.09    96.50    95.21    73.53    66.58    74.37    79.01    98.28    89.83
   117.51   105.36   133.66   114.92   140.32   116.90   138.66   112.06   129.01   102.09
   115.37    96.23    93.47    70.15    69.26    75.63    97.59    88.93   117.30   106.93
   139.63   131.50   153.89   138.80   156.75   136.77   148.67   117.45   132.60   102.44
   113.30    92.45    87.18    63.59    68.96    92.97    95.94   115.75   105.32   139.44
   134.32   161.03   148.04   170.16   150.92   167.73   143.52   153.52   126.73   130.77
    98.70   108.35    85.84    79.54    57.41    82.34    89.41   111.33   100.82   133.96
   131.19   160.73   150.90   176.67   159.35   180.15   157.23   171.70   144.13   150.43
   113.68   123.81    92.69   101.16    76.39    67.12    68.03    78.48   103.33    94.05
   125.30   115.18   153.09   147.43   176.23   161.80   185.89   164.97   183.60   157.52
   168.63   138.25   141.36   106.14   116.83    95.29    89.45    62.83    63.32    89.84
    95.38   116.66   105.89   141.11   138.28   169.15   158.46   185.23   166.96   188.83
   165.06   180.60   151.78   158.23   119.35   129.95    97.60   107.85    82.62    72.34
    70.89    80.96   105.69    95.66   127.37   117.02   155.34   149.36   178.32   163.59
   187.89   166.83   185.89   159.72   171.19   140.46   143.73   108.03   119.10    97.37
    91.69    64.62    61.53    87.60    93.31   114.38   103.80   138.04   134.95   164.98
   154.67   180.98   163.26   184.76   161.58   176.87   148.69   155.13   117.17   127.79
    96.02   105.47    80.07    69.38    65.58    74.61    98.75    90.35   120.32   109.95
   145.12   139.74   167.53   154.21   177.51   157.73   175.72   150.84   161.47   132.45
   135.82   102.51   113.36    91.05    83.83    58.44    77.33    83.30   104.88    95.01
   124.64   113.02   147.07   139.19   163.85   148.21   167.90   146.73   160.32   134.30
   140.00   106.13   116.95    97.11    94.20    69.92    61.42    83.99    88.78   108.34
    97.52   126.07   112.56   143.80   133.23   153.56   136.61   152.04   130.36   138.83
   106.60   117.21    89.06    97.95    76.06    69.77    67.07    89.08    91.49   109.59
    97.21   123.62   108.20   134.80   114.26   137.75   113.16   131.91   104.13   116.24
    88.94    97.44    78.55    74.15    63.23    69.64    90.08    91.42   107.57    93.92
   117.43   100.75   122.92   102.62   121.80    98.78   113.20    87.64    96.45    78.28
    73.88    54.18    65.16    69.41    87.79    87.81   102.13    88.22   109.17    92.23
   111.05    91.31   107.33    93.43    94.54    76.70    72.40    54.47    62.26    65.31
    81.60    81.08    94.36    89.15    99.67    90.78    97.93    85.87    88.46    72.33
    68.47    52.24    55.18    58.39    73.24    71.21    82.04    76.34    83.81    74.12
    77.20    64.91    62.14    46.98    61.77    57.53    65.35    59.09    62.54    54.07
 Plane Powers in MW
    40.68   112.63   173.89   210.22   233.76   257.00   257.30   234.57   211.45   175.23
   113.62    41.05
 Irradiation-Region Powers in MW
   778.00   669.42   613.98
