     1  'SIGNATURE   '       3      12
L_FLUX      
     1  'FLUXDIRECT  '       0      -1
     2  'FLUX  1     '       2      64
  3.65986794E-01  3.64885181E-01  3.64176869E-01  3.55178684E-01  3.45848560E-01
  3.45392346E-01  3.41408014E-01  3.60173166E-01  3.62270236E-01  3.60559046E-01
  3.52257669E-01  3.38906527E-01  3.37145358E-01  3.35104525E-01  3.35744947E-01
  3.40547532E-01  3.19852889E-01  3.26167166E-01  3.60991627E-01  3.58138353E-01
  3.52171451E-01  3.38074684E-01  3.21749985E-01  3.16960514E-01  3.24982792E-01
  3.20417911E-01  3.05445641E-01  2.94931054E-01  2.98469841E-01  3.22347790E-01
  3.19209874E-01  3.11212718E-01  2.93998957E-01  2.75685817E-01  2.68931866E-01
  2.95552343E-01  2.82749087E-01  2.64187008E-01  2.35165060E-01  2.07979456E-01
  1.83922455E-01  1.67030290E-01  1.55160621E-01  1.49990097E-01  1.45302206E-01
  1.39205143E-01  1.36024117E-01  1.30462170E-01  1.18339323E-01  1.02414660E-01
  9.01383087E-02  8.02855566E-02  7.22173825E-02  6.54149950E-02  6.00471385E-02
  5.55410236E-02  5.17406538E-02  4.87189479E-02  4.62768674E-02  4.43347991E-02
  4.28443402E-02  4.18780409E-02  4.13343571E-02  3.88196893E-02
     2  'FLUX  2     '       2      64
  1.59916246E+00  1.59527051E+00  1.59114075E+00  1.55293465E+00  1.51230192E+00
  1.51017904E+00  1.49249339E+00  1.57431185E+00  1.58148515E+00  1.57318485E+00
  1.53734851E+00  1.48092568E+00  1.47303200E+00  1.46667302E+00  1.46819568E+00
  1.48426878E+00  1.39868665E+00  1.42230427E+00  1.56541824E+00  1.55363071E+00
  1.52862287E+00  1.47009313E+00  1.40251315E+00  1.38246465E+00  1.41773283E+00
  1.40003610E+00  1.33917153E+00  1.29067922E+00  1.29791081E+00  1.39152431E+00
  1.37791741E+00  1.34385347E+00  1.27105868E+00  1.19392347E+00  1.16547954E+00
  1.28311431E+00  1.22934842E+00  1.14687169E+00  1.01805997E+00  8.97783995E-01
  7.94234276E-01  7.21037745E-01  6.68638110E-01  6.46838844E-01  6.27362788E-01
  6.02181375E-01  5.89595437E-01  5.66932321E-01  5.12146711E-01  4.39677030E-01
  3.83671701E-01  3.38728935E-01  3.01965088E-01  2.71067888E-01  2.46509895E-01
  2.25906074E-01  2.08550647E-01  1.94644600E-01  1.83350131E-01  1.74310461E-01
  1.67308182E-01  1.62595108E-01  1.59768626E-01  1.48075134E-01
     2  'FLUX  3     '       2      64
  3.38964009E+00  3.37977719E+00  3.36741233E+00  3.29084659E+00  3.20846343E+00
  3.20411158E+00  3.16513276E+00  3.32751036E+00  3.33873534E+00  3.32035851E+00
  3.24773479E+00  3.13723707E+00  3.12118268E+00  3.11378717E+00  3.11368585E+00
  3.13765073E+00  2.96621060E+00  3.00415730E+00  3.27641416E+00  3.25313520E+00
  3.20329213E+00  3.08819723E+00  2.95779681E+00  2.91783404E+00  2.99380922E+00
  2.95779657E+00  2.83660865E+00  2.73022962E+00  2.73022127E+00  2.89347982E+00
  2.86650085E+00  2.79920888E+00  2.65663433E+00  2.50768685E+00  2.45221448E+00
  2.69331479E+00  2.58308077E+00  2.41351771E+00  2.15095282E+00  1.90635276E+00
  1.70012510E+00  1.54980290E+00  1.43681514E+00  1.39101636E+00  1.35086262E+00
  1.30061412E+00  1.27710795E+00  1.23339689E+00  1.11133027E+00  9.50413346E-01
  8.26001823E-01  7.26092458E-01  6.44337058E-01  5.75732827E-01  5.20866930E-01
  4.74823982E-01  4.36047852E-01  4.04782295E-01  3.79276782E-01  3.58750343E-01
  3.42714995E-01  3.31599355E-01  3.24577600E-01  2.98257411E-01
     2  'FLUX  4     '       2      64
  3.65876365E+00  3.65518332E+00  3.64003992E+00  3.56403399E+00  3.47987533E+00
  3.47527575E+00  3.42869639E+00  3.59887910E+00  3.60740113E+00  3.58778667E+00
  3.51340628E+00  3.40437055E+00  3.38666630E+00  3.37625551E+00  3.37254882E+00
  3.38973331E+00  3.21333194E+00  3.24800444E+00  3.52553415E+00  3.50241137E+00
  3.45159960E+00  3.33541203E+00  3.20648646E+00  3.16520548E+00  3.23988867E+00
  3.20660686E+00  3.08364892E+00  2.96518707E+00  2.95155311E+00  3.11382699E+00
  3.08540535E+00  3.01517081E+00  2.86740971E+00  2.71514916E+00  2.65737557E+00
  2.91048265E+00  2.79941130E+00  2.61388326E+00  2.32790565E+00  2.06820321E+00
  1.86187112E+00  1.69686782E+00  1.56201994E+00  1.50978303E+00  1.46667671E+00
  1.41431880E+00  1.39149594E+00  1.34788990E+00  1.19703519E+00  1.00847697E+00
  8.65644395E-01  7.52203226E-01  6.60169303E-01  5.83618045E-01  5.22465885E-01
  4.71414268E-01  4.28636134E-01  3.94105911E-01  3.65935445E-01  3.43230873E-01
  3.25423688E-01  3.12824816E-01  3.04601461E-01  2.76284099E-01
     2  'FLUX  5     '       2      64
  3.55645847E+00  3.55539536E+00  3.53640366E+00  3.46796632E+00  3.39058447E+00
  3.38590598E+00  3.33928394E+00  3.48982239E+00  3.48900843E+00  3.46526742E+00
  3.39651537E+00  3.30281210E+00  3.28638077E+00  3.29647660E+00  3.28486681E+00
  3.27485538E+00  3.12766957E+00  3.13703871E+00  3.33935356E+00  3.31942105E+00
  3.27518940E+00  3.17892075E+00  3.07514524E+00  3.04029322E+00  3.12616229E+00
  3.09488153E+00  2.98986793E+00  2.86300302E+00  2.81208754E+00  2.88457561E+00
  2.85875392E+00  2.79834223E+00  2.67499685E+00  2.55062175E+00  2.50372314E+00
  2.75853038E+00  2.65223765E+00  2.46906853E+00  2.19571567E+00  1.95148456E+00
  1.76974952E+00  1.61623573E+00  1.48698199E+00  1.44185448E+00  1.40655506E+00
  1.36569500E+00  1.35010862E+00  1.31550658E+00  1.15907907E+00  9.63720441E-01
  8.15934896E-01  6.99124455E-01  6.04952812E-01  5.27478039E-01  4.65393931E-01
  4.13952917E-01  3.71203780E-01  3.36563617E-01  3.08277577E-01  2.85393953E-01
  2.67266184E-01  2.53836900E-01  2.44319096E-01  2.18472674E-01
     2  'FLUX  6     '       2      64
  4.04537582E+00  4.03878403E+00  4.01390505E+00  3.94687057E+00  3.87019801E+00
  3.86462688E+00  3.82063198E+00  3.93415523E+00  3.92890143E+00  3.90291119E+00
  3.83639669E+00  3.75011420E+00  3.73605514E+00  3.77929735E+00  3.75540757E+00
  3.72892308E+00  3.58503270E+00  3.56703973E+00  3.67793632E+00  3.65931249E+00
  3.61884260E+00  3.53343201E+00  3.44491673E+00  3.41260242E+00  3.54113150E+00
  3.49138021E+00  3.37531781E+00  3.23525143E+00  3.15567589E+00  3.10812426E+00
  3.08641982E+00  3.03610229E+00  2.93611026E+00  2.83768678E+00  2.79885578E+00
  3.07978964E+00  2.95275021E+00  2.76319027E+00  2.50504065E+00  2.27380538E+00
  2.08890963E+00  1.90551531E+00  1.75386274E+00  1.70840895E+00  1.67466772E+00
  1.63754833E+00  1.62580502E+00  1.58965528E+00  1.41642833E+00  1.20192754E+00
  1.03337240E+00  8.96458805E-01  7.83667862E-01  6.89335883E-01  6.12365901E-01
  5.47814906E-01  4.93621111E-01  4.49172288E-01  4.12521839E-01  3.82586151E-01
  3.58612269E-01  3.40474516E-01  3.27166915E-01  2.93826848E-01
     2  'FLUX  7     '       2      64
  2.98364425E+00  2.98101020E+00  2.96992445E+00  2.94011211E+00  2.90771508E+00
  2.90502596E+00  2.88817835E+00  2.90599370E+00  2.90294576E+00  2.88957191E+00
  2.85896587E+00  2.82001090E+00  2.81629014E+00  2.86884260E+00  2.84805679E+00
  2.82049727E+00  2.74797678E+00  2.72272778E+00  2.70081234E+00  2.69202757E+00
  2.67252374E+00  2.63373065E+00  2.59527850E+00  2.58024955E+00  2.69656420E+00
  2.65226912E+00  2.57492471E+00  2.48298216E+00  2.41340780E+00  2.28143501E+00
  2.26916432E+00  2.24298692E+00  2.19317317E+00  2.14472151E+00  2.12602305E+00
  2.35253882E+00  2.25439048E+00  2.11274838E+00  1.93563271E+00  1.77280343E+00
  1.64114034E+00  1.51774156E+00  1.42097270E+00  1.39504075E+00  1.37659204E+00
  1.35713780E+00  1.35230100E+00  1.33082831E+00  1.21311009E+00  1.05043769E+00
  9.14983749E-01  8.01422775E-01  7.05802321E-01  6.24734402E-01  5.57369590E-01
  5.00363469E-01  4.52194959E-01  4.12246168E-01  3.79043639E-01  3.51697028E-01
  3.29551071E-01  3.12296540E-01  2.98971474E-01  2.70981193E-01
     2  'FLUX  8     '       2      64
  3.31661510E+00  3.31321049E+00  3.30285335E+00  3.27587438E+00  3.24692321E+00
  3.24442649E+00  3.23402119E+00  3.21906734E+00  3.21604991E+00  3.20358992E+00
  3.17661285E+00  3.14182734E+00  3.14113379E+00  3.21596932E+00  3.18891907E+00
  3.15459776E+00  3.08526015E+00  3.04835868E+00  2.96133208E+00  2.95382094E+00
  2.93755245E+00  2.90612721E+00  2.87596440E+00  2.86348748E+00  3.01180720E+00
  2.95348787E+00  2.86671233E+00  2.77077031E+00  2.68919849E+00  2.48178649E+00
  2.47209239E+00  2.45219731E+00  2.41556931E+00  2.38045526E+00  2.36687565E+00
  2.61787748E+00  2.50507355E+00  2.35602689E+00  2.18606091E+00  2.02838206E+00
  1.89399970E+00  1.76652086E+00  1.67032945E+00  1.64607537E+00  1.62924886E+00
  1.61186469E+00  1.60839736E+00  1.58814442E+00  1.47942877E+00  1.31618142E+00
  1.17095828E+00  1.04386854E+00  9.33249831E-01  8.36903393E-01  7.54927933E-01
  6.84196770E-01  6.23408198E-01  5.72211921E-01  5.29086471E-01  4.93136048E-01
  4.63695019E-01  4.40511107E-01  4.22467858E-01  3.84624988E-01
     2  'FLUX  9     '       2      64
  2.61969066E+00  2.61792636E+00  2.61468744E+00  2.60488105E+00  2.59554052E+00
  2.59466505E+00  2.59727407E+00  2.54668832E+00  2.54653883E+00  2.54190803E+00
  2.53202343E+00  2.51809120E+00  2.52159643E+00  2.58863807E+00  2.56682920E+00
  2.54130197E+00  2.50325274E+00  2.47233367E+00  2.35214472E+00  2.34916854E+00
  2.34260941E+00  2.33072090E+00  2.32065797E+00  2.31554389E+00  2.44074345E+00
  2.39109612E+00  2.32607293E+00  2.26234913E+00  2.20156980E+00  2.00216198E+00
  1.99739003E+00  1.98851979E+00  1.97340190E+00  1.95906770E+00  1.95355320E+00
  2.14863610E+00  2.06148005E+00  1.95053661E+00  1.83552170E+00  1.72732961E+00
  1.62902391E+00  1.53578818E+00  1.46891463E+00  1.45317757E+00  1.44248199E+00
  1.43191338E+00  1.43047309E+00  1.41750169E+00  1.35098779E+00  1.23675299E+00
  1.12601221E+00  1.02395928E+00  9.31635082E-01  8.48683238E-01  7.76245177E-01
  7.12371349E-01  6.56423390E-01  6.08531892E-01  5.67618072E-01  5.33088803E-01
  5.04505932E-01  4.81817722E-01  4.64063525E-01  4.25797254E-01
     2  'FLUX 10     '       2      64
  2.14327693E+00  2.14198589E+00  2.14190102E+00  2.14019895E+00  2.13986158E+00
  2.13978815E+00  2.14710784E+00  2.08841562E+00  2.08943486E+00  2.08856797E+00
  2.08681583E+00  2.08301568E+00  2.08774877E+00  2.14324951E+00  2.12641716E+00
  2.10755825E+00  2.08664012E+00  2.06177974E+00  1.94303846E+00  1.94230115E+00
  1.94044554E+00  1.93779528E+00  1.93696332E+00  1.93542135E+00  2.03607345E+00
  1.99591672E+00  1.94744909E+00  1.90416050E+00  1.85907590E+00  1.68774605E+00
  1.68554497E+00  1.68214142E+00  1.67734182E+00  1.67291319E+00  1.67130733E+00
  1.82002628E+00  1.75382519E+00  1.67163265E+00  1.59245348E+00  1.51708281E+00
  1.44531095E+00  1.37829733E+00  1.33255327E+00  1.32249963E+00  1.31601131E+00
  1.30977213E+00  1.30964541E+00  1.30154669E+00  1.26108694E+00  1.18008935E+00
  1.09505093E+00  1.01290452E+00  9.35940921E-01  8.64833593E-01  8.01228940E-01
  7.44035006E-01  6.93077207E-01  6.48795903E-01  6.10474706E-01  5.77763259E-01
  5.50406933E-01  5.28487265E-01  5.11167943E-01  4.73558635E-01
     2  'FLUX 11     '       2      64
  1.78344154E+00  1.78241086E+00  1.78335536E+00  1.78462803E+00  1.78733003E+00
  1.78755760E+00  1.79529154E+00  1.74291027E+00  1.74418342E+00  1.74476445E+00
  1.74605775E+00  1.74629366E+00  1.75069964E+00  1.79362857E+00  1.78114486E+00
  1.76753664E+00  1.75559819E+00  1.73668349E+00  1.63664532E+00  1.63680482E+00
  1.63684833E+00  1.63773179E+00  1.64015567E+00  1.64006591E+00  1.71697903E+00
  1.68616462E+00  1.65060389E+00  1.62090373E+00  1.58827162E+00  1.45323706E+00
  1.45228326E+00  1.45130014E+00  1.45078599E+00  1.45042598E+00  1.45041966E+00
  1.56019866E+00  1.51142669E+00  1.45170307E+00  1.39716148E+00  1.34500659E+00
  1.29355359E+00  1.24601161E+00  1.21499074E+00  1.20866442E+00  1.20479107E+00
  1.20133388E+00  1.20177996E+00  1.19686174E+00  1.17304349E+00  1.11667514E+00
  1.05286586E+00  9.88455236E-01  9.26103413E-01  8.66971970E-01  8.12878668E-01
  7.63335526E-01  7.18481183E-01  6.78951502E-01  6.44326627E-01  6.14454687E-01
  5.89234650E-01  5.68854332E-01  5.52608609E-01  5.16971827E-01
     2  'FLUX 12     '       2      64
  1.50229812E+00  1.50134671E+00  1.50287724E+00  1.50605488E+00  1.51065969E+00
  1.51106083E+00  1.51845062E+00  1.47370470E+00  1.47505248E+00  1.47653222E+00
  1.47975087E+00  1.48266673E+00  1.48656023E+00  1.51827359E+00  1.50953150E+00
  1.50031757E+00  1.49501145E+00  1.48102629E+00  1.40013540E+00  1.40085232E+00
  1.40209842E+00  1.40520203E+00  1.40957463E+00  1.41039824E+00  1.46643341E+00
  1.44379342E+00  1.41928291E+00  1.40035868E+00  1.37773728E+00  1.27505481E+00
  1.27492714E+00  1.27548921E+00  1.27762139E+00  1.27978873E+00  1.28073859E+00
  1.35817099E+00  1.32368124E+00  1.28258872E+00  1.24722993E+00  1.21260726E+00
  1.17685831E+00  1.14482117E+00  1.12498629E+00  1.12132907E+00  1.11928976E+00
  1.11766124E+00  1.11840916E+00  1.11583102E+00  1.10278487E+00  1.06383801E+00
  1.01622307E+00  9.66053307E-01  9.15943265E-01  8.67239714E-01  8.21715593E-01
  7.79296041E-01  7.40315974E-01  7.05497444E-01  6.74648046E-01  6.47761941E-01
  6.24851465E-01  6.06158018E-01  5.91085494E-01  5.58141947E-01
     2  'FLUX 13     '       2      64
  1.27195024E+00  1.27125776E+00  1.27286589E+00  1.27670550E+00  1.28175068E+00
  1.28222525E+00  1.28838229E+00  1.25310946E+00  1.25433397E+00  1.25614190E+00
  1.25999701E+00  1.26406515E+00  1.26720619E+00  1.28896892E+00  1.28323948E+00
  1.27745152E+00  1.27611291E+00  1.26646364E+00  1.20559525E+00  1.20651853E+00
  1.20823908E+00  1.21211720E+00  1.21703279E+00  1.21825230E+00  1.25640821E+00
  1.24082589E+00  1.22498345E+00  1.21390474E+00  1.19929409E+00  1.12602723E+00
  1.12636042E+00  1.12766445E+00  1.13093257E+00  1.13421035E+00  1.13555801E+00
  1.18660569E+00  1.16375601E+00  1.13725448E+00  1.11612129E+00  1.09512842E+00
  1.07178855E+00  1.05011892E+00  1.03707933E+00  1.03505015E+00  1.03414309E+00
  1.03368402E+00  1.03458583E+00  1.03335261E+00  1.02648365E+00  1.00047696E+00
  9.66142774E-01  9.28403080E-01  8.89536321E-01  8.50844562E-01  8.13918233E-01
  7.78931916E-01  7.46315956E-01  7.16804624E-01  6.90369427E-01  6.67106390E-01
  6.47108972E-01  6.30650640E-01  6.17250621E-01  5.87921441E-01
     2  'FLUX 14     '       2      64
  1.09364343E+00  1.09281337E+00  1.09436989E+00  1.09795213E+00  1.10261011E+00
  1.10299134E+00  1.10823095E+00  1.08155739E+00  1.08259416E+00  1.08427811E+00
  1.08796573E+00  1.09187675E+00  1.09430778E+00  1.10921752E+00  1.10571742E+00
  1.10233903E+00  1.10348094E+00  1.09695852E+00  1.05219114E+00  1.05311155E+00
  1.05487180E+00  1.05870652E+00  1.06317580E+00  1.06442356E+00  1.09006500E+00
  1.07960284E+00  1.06994021E+00  1.06415212E+00  1.05501997E+00  1.00318527E+00
  1.00366056E+00  1.00514483E+00  1.00853348E+00  1.01181412E+00  1.01318228E+00
  1.04690123E+00  1.03195941E+00  1.01535380E+00  1.00324106E+00  9.89840567E-01
  9.74214017E-01  9.63116467E-01  9.58225906E-01  9.57768500E-01  9.57799315E-01
  9.58117306E-01  9.58941936E-01  9.59048748E-01  9.59114254E-01  9.43644643E-01
  9.19915795E-01  8.92268240E-01  8.62732828E-01  8.32542241E-01  8.03084195E-01
  7.74692953E-01  7.47841537E-01  7.23231316E-01  7.00945914E-01  6.81147337E-01
  6.63980067E-01  6.49723291E-01  6.37997448E-01  6.12447500E-01
     2  'FLUX 15     '       2      64
  9.70405638E-01  9.69741821E-01  9.71102417E-01  9.74498093E-01  9.78702009E-01
  9.79132712E-01  9.83354926E-01  9.62853909E-01  9.63736773E-01  9.65391219E-01
  9.68892574E-01  9.72770333E-01  9.74690259E-01  9.84431267E-01  9.82404828E-01
  9.80640531E-01  9.82812226E-01  9.78623927E-01  9.45849061E-01  9.46748257E-01
  9.48475063E-01  9.52116847E-01  9.56259966E-01  9.57563639E-01  9.74155128E-01
  9.67322707E-01  9.61650014E-01  9.59198773E-01  9.53979790E-01  9.18018281E-01
  9.18643296E-01  9.20249224E-01  9.23679888E-01  9.27021146E-01  9.28438127E-01
  9.49242890E-01  9.39972818E-01  9.30258930E-01  9.24481630E-01  9.17570174E-01
  9.07753050E-01  9.00597095E-01  8.98179054E-01  8.98333728E-01  8.98755491E-01
  8.99417222E-01  9.00153697E-01  9.00556266E-01  9.02962744E-01  8.94007027E-01
  8.77798021E-01  8.57768953E-01  8.35589707E-01  8.12331140E-01  7.89152145E-01
  7.66447127E-01  7.44678736E-01  7.24484861E-01  7.06012368E-01  6.89454854E-01
  6.74982131E-01  6.62866831E-01  6.52816415E-01  6.30945265E-01
     2  'FLUX 16     '       2      64
  7.99724877E-01  7.99211919E-01  8.00304532E-01  8.03126514E-01  8.06583583E-01
  8.06919754E-01  8.09929609E-01  7.95833528E-01  7.96501458E-01  7.97869861E-01
  8.00780654E-01  8.04113507E-01  8.05457294E-01  8.10932755E-01  8.10010016E-01
  8.09361696E-01  8.11941504E-01  8.09538543E-01  7.88065672E-01  7.88820624E-01
  7.90295601E-01  7.93371856E-01  7.96805263E-01  7.97904253E-01  8.06992829E-01
  8.03178430E-01  8.00673187E-01  8.00463796E-01  7.98053384E-01  7.75929928E-01
  7.76526034E-01  7.77974725E-01  7.80975699E-01  7.83917487E-01  7.85119951E-01
  7.95748055E-01  7.90963948E-01  7.86550760E-01  7.85113394E-01  7.82504320E-01
  7.77592778E-01  7.74667442E-01  7.74414182E-01  7.74893105E-01  7.75430977E-01
  7.76193202E-01  7.76823401E-01  7.77549386E-01  7.80586481E-01  7.75970340E-01
  7.65794694E-01  7.52469122E-01  7.37207055E-01  7.20823526E-01  7.04180479E-01
  6.87638342E-01  6.71584010E-01  6.56529725E-01  6.42633736E-01  6.30079329E-01
  6.19027197E-01  6.09709263E-01  6.01921499E-01  5.85000992E-01
     2  'FLUX 17     '       2      64
  7.16817021E-01  7.15953529E-01  7.17042744E-01  7.19698727E-01  7.22786963E-01
  7.23173797E-01  7.26530612E-01  7.15065181E-01  7.15695381E-01  7.17020392E-01
  7.19841599E-01  7.22842813E-01  7.24049687E-01  7.27836967E-01  7.27777362E-01
  7.28060663E-01  7.31945753E-01  7.30585694E-01  7.13868141E-01  7.14646101E-01
  7.16161311E-01  7.19230711E-01  7.22288013E-01  7.23538101E-01  7.28966594E-01
  7.26773262E-01  7.26611793E-01  7.28600144E-01  7.28113890E-01  7.12468207E-01
  7.13114977E-01  7.14624822E-01  7.17626095E-01  7.20338464E-01  7.21650958E-01
  7.27293372E-01  7.25004017E-01  7.24061728E-01  7.25804687E-01  7.25096166E-01
  7.20874727E-01  7.21726000E-01  7.26067543E-01  7.27503002E-01  7.28516400E-01
  7.29528785E-01  7.29795992E-01  7.30910242E-01  7.39856362E-01  7.41242409E-01
  7.36390531E-01  7.28066325E-01  7.17514336E-01  7.05552936E-01  6.92942619E-01
  6.80096388E-01  6.67394578E-01  6.55299783E-01  6.44000411E-01  6.33688569E-01
  6.24531090E-01  6.16744161E-01  6.10177100E-01  5.95947027E-01
     2  'FLUX 18     '       2      64
  6.89440787E-01  6.89207196E-01  6.90155149E-01  6.92938030E-01  6.96310639E-01
  6.96537077E-01  6.98333979E-01  6.89608335E-01  6.90110564E-01  6.91408038E-01
  6.94222808E-01  6.97789490E-01  6.98606551E-01  6.99416697E-01  6.99613750E-01
  7.00219870E-01  7.03730464E-01  7.03100741E-01  6.92043066E-01  6.92766190E-01
  6.94231868E-01  6.97264731E-01  7.00681746E-01  7.01676130E-01  7.02594757E-01
  7.01980531E-01  7.02972472E-01  7.05476582E-01  7.06154108E-01  6.97866797E-01
  6.98554039E-01  7.00115621E-01  7.03254640E-01  7.06461728E-01  7.07565486E-01
  7.06562459E-01  7.06783831E-01  7.08349586E-01  7.12268054E-01  7.15197206E-01
  7.16594517E-01  7.18063891E-01  7.19498456E-01  7.20223069E-01  7.20972955E-01
  7.22009599E-01  7.22805858E-01  7.24090219E-01  7.26315677E-01  7.25548923E-01
  7.21254468E-01  7.14551926E-01  7.06154108E-01  6.96605146E-01  6.86463416E-01
  6.76052034E-01  6.65680587E-01  6.55733049E-01  6.46379530E-01  6.37793362E-01
  6.30127132E-01  6.23573065E-01  6.18016481E-01  6.05985641E-01
     2  'FLUX 19     '       2      64
  6.39587641E-01  6.39185131E-01  6.40147984E-01  6.43018425E-01  6.46369457E-01
  6.46578074E-01  6.48610115E-01  6.40972674E-01  6.41449392E-01  6.42783165E-01
  6.45715714E-01  6.49360001E-01  6.50088310E-01  6.49938047E-01  6.50548875E-01
  6.51705861E-01  6.56186283E-01  6.56051993E-01  6.47185802E-01  6.47962928E-01
  6.49550974E-01  6.52788937E-01  6.56233191E-01  6.57329381E-01  6.56074464E-01
  6.56398296E-01  6.58785701E-01  6.62699044E-01  6.64534628E-01  6.59674048E-01
  6.60441756E-01  6.62157834E-01  6.65553212E-01  6.68881893E-01  6.70079529E-01
  6.65854394E-01  6.67634547E-01  6.71362460E-01  6.77516758E-01  6.81942582E-01
  6.83619618E-01  6.86415732E-01  6.89846337E-01  6.91171110E-01  6.92248940E-01
  6.93561792E-01  6.94242597E-01  6.95531845E-01  7.00478971E-01  7.02984989E-01
  7.01692581E-01  6.97930276E-01  6.92413449E-01  6.85668051E-01  6.78171933E-01
  6.70256674E-01  6.62209094E-01  6.54364228E-01  6.46895647E-01  6.39969945E-01
  6.33732319E-01  6.28355324E-01  6.23757839E-01  6.13824725E-01
     2  'FLUX 20     '       2      64
  1.15618098E+00  1.15537012E+00  1.15737808E+00  1.16339636E+00  1.17027438E+00
  1.17074955E+00  1.17475986E+00  1.16252899E+00  1.16343629E+00  1.16620421E+00
  1.17233646E+00  1.17999148E+00  1.18126321E+00  1.17784619E+00  1.18015301E+00
  1.18361712E+00  1.19446242E+00  1.19565320E+00  1.18437970E+00  1.18602991E+00
  1.18943560E+00  1.19633043E+00  1.20346022E+00  1.20590734E+00  1.19721866E+00
  1.20035768E+00  1.20854890E+00  1.21950114E+00  1.22600436E+00  1.22618330E+00
  1.22790635E+00  1.23168564E+00  1.23905075E+00  1.24618983E+00  1.24884856E+00
  1.23104489E+00  1.23882425E+00  1.25183010E+00  1.26962197E+00  1.28340542E+00
  1.29099190E+00  1.30058038E+00  1.31033027E+00  1.31356585E+00  1.31603241E+00
  1.31882715E+00  1.31996417E+00  1.32269549E+00  1.33577263E+00  1.34650052E+00
  1.35035217E+00  1.34963822E+00  1.34556639E+00  1.33903635E+00  1.33075309E+00
  1.32135487E+00  1.31132853E+00  1.30119753E+00  1.29129577E+00  1.28192174E+00
  1.27333295E+00  1.26580942E+00  1.25927222E+00  1.24522090E+00
     2  'FLUX 21     '       2      64
  1.04326880E+00  1.04185653E+00  1.04368019E+00  1.04900360E+00  1.05486345E+00
  1.05537403E+00  1.05940819E+00  1.05138242E+00  1.05220366E+00  1.05475879E+00
  1.06034827E+00  1.06698072E+00  1.06797528E+00  1.06254232E+00  1.06589544E+00
  1.07039082E+00  1.08188939E+00  1.08424151E+00  1.08001077E+00  1.08157825E+00
  1.08480811E+00  1.09119034E+00  1.09727645E+00  1.09970021E+00  1.08684075E+00
  1.09182048E+00  1.10246384E+00  1.11540222E+00  1.12391913E+00  1.13260770E+00
  1.13429809E+00  1.13791704E+00  1.14475167E+00  1.15104723E+00  1.15362394E+00
  1.13041937E+00  1.14085507E+00  1.15770268E+00  1.17843282E+00  1.19335866E+00
  1.20064425E+00  1.21455860E+00  1.23001969E+00  1.23445487E+00  1.23738480E+00
  1.24025762E+00  1.24073184E+00  1.24348152E+00  1.26367676E+00  1.28183866E+00
  1.29264832E+00  1.29884541E+00  1.30163646E+00  1.30187738E+00  1.30008256E+00
  1.29689538E+00  1.29273689E+00  1.28799343E+00  1.28298879E+00  1.27798593E+00
  1.27320659E+00  1.26886225E+00  1.26495218E+00  1.25666976E+00
     2  'FLUX 22     '       2      64
  6.98291421E-01  6.97391391E-01  6.99069440E-01  7.04789817E-01  7.11193383E-01
  7.11618125E-01  7.14628935E-01  7.06627727E-01  7.07370937E-01  7.10042953E-01
  7.15919256E-01  7.23512113E-01  7.24364281E-01  7.17601001E-01  7.20738053E-01
  7.25167871E-01  7.36191332E-01  7.38511503E-01  7.35453486E-01  7.37052619E-01
  7.40413666E-01  7.47150779E-01  7.54121304E-01  7.56455958E-01  7.41561353E-01
  7.47101367E-01  7.57893503E-01  7.70765126E-01  7.79600024E-01  7.90934086E-01
  7.92808175E-01  7.96789706E-01  8.04423511E-01  8.11904907E-01  8.14527094E-01
  7.86648929E-01  7.98472941E-01  8.16843987E-01  8.39551687E-01  8.58551323E-01
  8.71529758E-01  8.83455873E-01  8.93195868E-01  8.96194279E-01  8.98470283E-01
  9.01029050E-01  9.01950777E-01  9.04510558E-01  9.15952742E-01  9.29977119E-01
  9.40151334E-01  9.47428644E-01  9.52408135E-01  9.55586255E-01  9.57205176E-01
  9.57711458E-01  9.57369745E-01  9.56392288E-01  9.55005705E-01  9.53382671E-01
  9.51666594E-01  9.49977875E-01  9.48351264E-01  9.45008874E-01
     2  'FLUX 23     '       2      64
  4.60083574E-01  4.59688067E-01  4.60647464E-01  4.63898331E-01  4.67474550E-01
  4.67715681E-01  4.69264448E-01  4.66153145E-01  4.66541886E-01  4.68046933E-01
  4.71362174E-01  4.75670069E-01  4.76040900E-01  4.71047074E-01  4.73150522E-01
  4.76008534E-01  4.82732862E-01  4.84591097E-01  4.85484749E-01  4.86395270E-01
  4.88314211E-01  4.92135644E-01  4.96027499E-01  4.97381270E-01  4.86856103E-01
  4.90823925E-01  4.97950077E-01  5.06123841E-01  5.12031436E-01  5.22049069E-01
  5.23134649E-01  5.25416970E-01  5.29756904E-01  5.33984959E-01  5.35494268E-01
  5.16816795E-01  5.24836302E-01  5.36799133E-01  5.51144302E-01  5.63376009E-01
  5.72063148E-01  5.79833567E-01  5.85955739E-01  5.87800205E-01  5.89188516E-01
  5.90745270E-01  5.91271937E-01  5.92830956E-01  5.99955082E-01  6.09183192E-01
  6.16303742E-01  6.21755660E-01  6.25841260E-01  6.28828645E-01  6.30823374E-01
  6.32093370E-01  6.32788002E-01  6.33015394E-01  6.32913232E-01  6.32582903E-01
  6.32107556E-01  6.31551445E-01  6.30948782E-01  6.29765749E-01
     2  'FLUX 24     '       2      64
  4.62898403E-01  4.61425364E-01  4.63066369E-01  4.69183415E-01  4.76048470E-01
  4.76504505E-01  4.79680717E-01  4.70730454E-01  4.71522361E-01  4.74463642E-01
  4.80895013E-01  4.89246875E-01  4.90164608E-01  4.82788980E-01  4.86323178E-01
  4.91307408E-01  5.03043175E-01  5.05264401E-01  5.01856387E-01  5.03624380E-01
  5.07382870E-01  5.14906228E-01  5.22703648E-01  5.25246263E-01  5.08564472E-01
  5.14751613E-01  5.26810646E-01  5.41029453E-01  5.50798714E-01  5.63385904E-01
  5.65596044E-01  5.70268035E-01  5.79190493E-01  5.87952554E-01  5.90948999E-01
  5.58523536E-01  5.71971297E-01  5.93493700E-01  6.19894326E-01  6.41782463E-01
  6.56434953E-01  6.69575751E-01  6.79980755E-01  6.83107495E-01  6.85459852E-01
  6.88108325E-01  6.89002395E-01  6.91669047E-01  7.03640938E-01  7.18775153E-01
  7.30505884E-01  7.39724457E-01  7.46948600E-01  7.52598047E-01  7.56806016E-01
  7.59964406E-01  7.62271643E-01  7.63847411E-01  7.64877081E-01  7.65487552E-01
  7.65779436E-01  7.65818417E-01  7.65665174E-01  7.65536726E-01
     2  'FLUX 25     '       2      64
  3.93083900E-01  3.91660094E-01  3.93471956E-01  4.00299162E-01  4.07994956E-01
  4.08515751E-01  4.12108332E-01  4.02476519E-01  4.03247923E-01  4.06402409E-01
  4.13533598E-01  4.22912002E-01  4.23965484E-01  4.15756226E-01  4.19611067E-01
  4.24909145E-01  4.38594460E-01  4.41082954E-01  4.37133372E-01  4.39104795E-01
  4.43333745E-01  4.51907039E-01  4.60859030E-01  4.63843554E-01  4.44828242E-01
  4.51849908E-01  4.65722859E-01  4.82044220E-01  4.93119031E-01  5.07261693E-01
  5.09804070E-01  5.15216708E-01  5.25649548E-01  5.35975516E-01  5.39597690E-01
  5.02034545E-01  5.17645657E-01  5.42526782E-01  5.73435724E-01  5.99445164E-01
  6.17466152E-01  6.33608222E-01  6.46260560E-01  6.50028467E-01  6.52864575E-01
  6.56037509E-01  6.57081425E-01  6.60304964E-01  6.74851835E-01  6.93447411E-01
  7.08103180E-01  7.19867885E-01  7.29346693E-01  7.37023175E-01  7.43024647E-01
  7.47802556E-01  7.51571238E-01  7.54438818E-01  7.56610274E-01  7.58217394E-01
  7.59362578E-01  7.60100663E-01  7.60512710E-01  7.61655986E-01
     2  'FLUX 26     '       2      64
  4.66749877E-01  4.66915518E-01  4.67373788E-01  4.68940377E-01  4.70451653E-01
  4.70565408E-01  4.70649928E-01  4.74528760E-01  4.74605352E-01  4.75331038E-01
  4.76889700E-01  4.79023337E-01  4.78754818E-01  4.71808463E-01  4.74115461E-01
  4.76945907E-01  4.81770784E-01  4.84810352E-01  4.95442897E-01  4.95897889E-01
  4.96870756E-01  4.98692751E-01  5.00341475E-01  5.01080334E-01  4.88015264E-01
  4.93134290E-01  5.00283360E-01  5.07538676E-01  5.13972878E-01  5.32896757E-01
  5.33532143E-01  5.34745753E-01  5.36895335E-01  5.38911462E-01  5.39695799E-01
  5.19453466E-01  5.28480113E-01  5.40270567E-01  5.52905738E-01  5.64376652E-01
  5.73498785E-01  5.81521451E-01  5.87612271E-01  5.89327455E-01  5.90565741E-01
  5.91899157E-01  5.92243314E-01  5.93548596E-01  6.00179315E-01  6.10501051E-01
  6.19657993E-01  6.27561569E-01  6.34298384E-01  6.40017569E-01  6.44702733E-01
  6.48589730E-01  6.51784599E-01  6.54329717E-01  6.56350374E-01  6.57927334E-01
  6.59125090E-01  6.59975588E-01  6.60546839E-01  6.61924422E-01
     2  'FLUX 27     '       2      64
  5.55008709E-01  5.52361190E-01  5.55177033E-01  5.66511095E-01  5.79364836E-01
  5.80241024E-01  5.86168587E-01  5.70194304E-01  5.71337163E-01  5.76496840E-01
  5.88405848E-01  6.04286551E-01  6.06068015E-01  5.92328727E-01  5.98793209E-01
  6.07515097E-01  6.30711377E-01  6.34570301E-01  6.27782464E-01  6.31089807E-01
  6.38267934E-01  6.52954876E-01  6.68425262E-01  6.73557103E-01  6.40894353E-01
  6.52926207E-01  6.76832557E-01  7.04718590E-01  7.23490655E-01  7.47484386E-01
  7.51967430E-01  7.61536062E-01  7.80075133E-01  7.98570812E-01  8.05045485E-01
  7.38706708E-01  7.66005754E-01  8.10015321E-01  8.64827216E-01  9.11159873E-01
  9.43721473E-01  9.72787738E-01  9.95354831E-01  1.00201595E+00  1.00695026E+00
  1.01246583E+00  1.01421285E+00  1.01980543E+00  1.04532492E+00  1.07893622E+00
  1.10633588E+00  1.12909913E+00  1.14814174E+00  1.16421151E+00  1.17741001E+00
  1.18847942E+00  1.19773483E+00  1.20528150E+00  1.21144652E+00  1.21642447E+00
  1.22035944E+00  1.22329986E+00  1.22541702E+00  1.23047161E+00
     2  'FLUX 28     '       2      64
  1.75858662E-01  1.75962701E-01  1.76122248E-01  1.76641062E-01  1.77059904E-01
  1.77095532E-01  1.76972210E-01  1.79667681E-01  1.79687098E-01  1.79952636E-01
  1.80467218E-01  1.81152999E-01  1.80939957E-01  1.77422121E-01  1.78551525E-01
  1.79932907E-01  1.81916937E-01  1.83508664E-01  1.89877376E-01  1.90039232E-01
  1.90382063E-01  1.90958083E-01  1.91375151E-01  1.91623613E-01  1.85131460E-01
  1.87691197E-01  1.91058025E-01  1.94353521E-01  1.97484091E-01  2.07833707E-01
  2.08068267E-01  2.08477601E-01  2.09123090E-01  2.09655657E-01  2.09882945E-01
  2.00158030E-01  2.04540104E-01  2.10064024E-01  2.15682670E-01  2.20816880E-01
  2.24927604E-01  2.28585929E-01  2.31366575E-01  2.32129112E-01  2.32663274E-01
  2.33227864E-01  2.33334973E-01  2.33864799E-01  2.36814409E-01  2.41715744E-01
  2.46258363E-01  2.50313044E-01  2.53883243E-01  2.57016182E-01  2.59681165E-01
  2.61978447E-01  2.63946652E-01  2.65589952E-01  2.66960680E-01  2.68089741E-01
  2.69000351E-01  2.69698530E-01  2.70220995E-01  2.71426111E-01
     2  'FLUX 29     '       2      64
  2.31752858E-01  2.31859565E-01  2.31960103E-01  2.32432872E-01  2.32837588E-01
  2.32870519E-01  2.32647523E-01  2.35537395E-01  2.35508859E-01  2.35721290E-01
  2.36185908E-01  2.36898646E-01  2.36673027E-01  2.33079702E-01  2.34201148E-01
  2.35526890E-01  2.37469584E-01  2.39034906E-01  2.45567337E-01  2.45707437E-01
  2.46018291E-01  2.46588260E-01  2.47079626E-01  2.47333989E-01  2.40695506E-01
  2.43312165E-01  2.46727347E-01  2.50016063E-01  2.53129512E-01  2.63441086E-01
  2.63687968E-01  2.64130741E-01  2.64895618E-01  2.65634358E-01  2.65920132E-01
  2.55806774E-01  2.60290205E-01  2.66038656E-01  2.71990240E-01  2.77531683E-01
  2.82157302E-01  2.86110520E-01  2.89004028E-01  2.89790601E-01  2.90343434E-01
  2.90928513E-01  2.91039646E-01  2.91605473E-01  2.94595897E-01  2.99795717E-01
  3.04746866E-01  3.09253693E-01  3.13287586E-01  3.16877753E-01  3.19973320E-01
  3.22672874E-01  3.25010508E-01  3.26982915E-01  3.28644067E-01  3.30024898E-01
  3.31148922E-01  3.32020074E-01  3.32681268E-01  3.34191412E-01
     2  'FLUX 30     '       2      64
  2.25730419E-01  2.25821391E-01  2.25829601E-01  2.25988880E-01  2.26053998E-01
  2.26063386E-01  2.25744098E-01  2.28628203E-01  2.28574872E-01  2.28650212E-01
  2.28804439E-01  2.29092240E-01  2.28854030E-01  2.25987226E-01  2.26851508E-01
  2.27852002E-01  2.29063809E-01  2.30336294E-01  2.36227319E-01  2.36282721E-01
  2.36412287E-01  2.36618251E-01  2.36733913E-01  2.36852422E-01  2.31662944E-01
  2.33727291E-01  2.36267522E-01  2.38606706E-01  2.40970224E-01  2.49506563E-01
  2.49644309E-01  2.49861464E-01  2.50197023E-01  2.50506103E-01  2.50636041E-01
  2.43004322E-01  2.46408716E-01  2.50664115E-01  2.54888862E-01  2.58854330E-01
  2.62189388E-01  2.65051454E-01  2.67148882E-01  2.67706543E-01  2.68084556E-01
  2.68472433E-01  2.68519133E-01  2.68878907E-01  2.71003336E-01  2.74963409E-01
  2.78881818E-01  2.82534689E-01  2.85864264E-01  2.88871288E-01  2.91499168E-01
  2.93816209E-01  2.95842499E-01  2.97568411E-01  2.99034268E-01  3.00262511E-01
  3.01269948E-01  3.02057981E-01  3.02663177E-01  3.04033160E-01
     2  'FLUX 31     '       2      64
  3.77840161E-01  3.77956420E-01  3.77971083E-01  3.78217071E-01  3.78347278E-01
  3.78362417E-01  3.77940178E-01  3.81780297E-01  3.81706446E-01  3.81817371E-01
  3.82057607E-01  3.82499129E-01  3.82184029E-01  3.78283650E-01  3.79462063E-01
  3.80820245E-01  3.82513285E-01  3.84239823E-01  3.92153412E-01  3.92236859E-01
  3.92431885E-01  3.92758936E-01  3.92975867E-01  3.93153548E-01  3.86054963E-01
  3.88882786E-01  3.92382652E-01  3.95612478E-01  3.98844689E-01  4.10334587E-01
  4.10534710E-01  4.10860181E-01  4.11382169E-01  4.11877453E-01  4.12077874E-01
  4.01625335E-01  4.06288385E-01  4.12141353E-01  4.17984933E-01  4.23458040E-01
  4.28052366E-01  4.31971639E-01  4.34824795E-01  4.35569614E-01  4.36074555E-01
  4.36580718E-01  4.36632365E-01  4.37102139E-01  4.39952821E-01  4.45453256E-01
  4.51015383E-01  4.56285834E-01  4.61156905E-01  4.65609580E-01  4.69546765E-01
  4.73053336E-01  4.76148456E-01  4.78809178E-01  4.81087834E-01  4.83012140E-01
  4.84603018E-01  4.85858560E-01  4.86833543E-01  4.89023328E-01
     2  'FLUX 32     '       2      64
  1.65536925E-01  1.65571362E-01  1.65609002E-01  1.65787920E-01  1.65936172E-01
  1.65949151E-01  1.65859684E-01  1.67119771E-01  1.67104378E-01  1.67183623E-01
  1.67361259E-01  1.67633578E-01  1.67535722E-01  1.66037738E-01  1.66511029E-01
  1.67064011E-01  1.67866081E-01  1.68535098E-01  1.71331510E-01  1.71386614E-01
  1.71509549E-01  1.71734512E-01  1.71918839E-01  1.72023803E-01  1.69240877E-01
  1.70350865E-01  1.71789289E-01  1.73165321E-01  1.74471870E-01  1.78759724E-01
  1.78858906E-01  1.79035649E-01  1.79339230E-01  1.79627702E-01  1.79743111E-01
  1.75590262E-01  1.77452773E-01  1.79829225E-01  1.82268113E-01  1.84504479E-01
  1.86317608E-01  1.87920585E-01  1.89130038E-01  1.89447045E-01  1.89660177E-01
  1.89873740E-01  1.89893067E-01  1.90084085E-01  1.91326842E-01  1.93611726E-01
  1.95902392E-01  1.98076084E-01  2.00092748E-01  2.01944664E-01  2.03590855E-01
  2.05064341E-01  2.06371352E-01  2.07500637E-01  2.08472341E-01  2.09296778E-01
  2.09981501E-01  2.10524723E-01  2.10949183E-01  2.11898699E-01
     2  'FLUX 33     '       2      64
  1.40757680E-01  1.40773371E-01  1.40861899E-01  1.41195133E-01  1.41542241E-01
  1.41567484E-01  1.41611472E-01  1.42147496E-01  1.42158031E-01  1.42301157E-01
  1.42633691E-01  1.43105015E-01  1.43075079E-01  1.41843826E-01  1.42259538E-01
  1.42759815E-01  1.43708378E-01  1.44236192E-01  1.45941705E-01  1.46035373E-01
  1.46239281E-01  1.46644875E-01  1.47044703E-01  1.47206590E-01  1.44818828E-01
  1.45758122E-01  1.47109270E-01  1.48491070E-01  1.49668857E-01  1.52860492E-01
  1.52995393E-01  1.53264046E-01  1.53764948E-01  1.54261813E-01  1.54447258E-01
  1.50671989E-01  1.52348131E-01  1.54592261E-01  1.57058105E-01  1.59276783E-01
  1.61028162E-01  1.62566915E-01  1.63723335E-01  1.64034232E-01  1.64249450E-01
  1.64471433E-01  1.64505258E-01  1.64715484E-01  1.65934697E-01  1.68034360E-01
  1.70079604E-01  1.71996251E-01  1.73762575E-01  1.75378948E-01  1.76812962E-01
  1.78095847E-01  1.79233953E-01  1.80217877E-01  1.81065381E-01  1.81785271E-01
  1.82383999E-01  1.82859704E-01  1.83231950E-01  1.84064627E-01
     2  'FLUX 34     '       2      64
  2.79653128E-02  2.79672928E-02  2.79807262E-02  2.80284286E-02  2.80729569E-02
  2.80765556E-02  2.80795377E-02  2.82315463E-02  2.82325950E-02  2.82542277E-02
  2.83021312E-02  2.83676311E-02  2.83571072E-02  2.81182900E-02  2.81988643E-02
  2.82957032E-02  2.84583829E-02  2.85651535E-02  2.89561246E-02  2.89704520E-02
  2.90015470E-02  2.90599819E-02  2.91107949E-02  2.91354470E-02  2.86784116E-02
  2.88600456E-02  2.91116107E-02  2.93626003E-02  2.95859333E-02  3.02479044E-02
  3.02690454E-02  3.03093810E-02  3.03808916E-02  3.04474365E-02  3.04738488E-02
  2.97748409E-02  3.00885253E-02  3.05001345E-02  3.09358537E-02  3.13250013E-02
  3.16261239E-02  3.19012925E-02  3.21150050E-02  3.21720243E-02  3.22102979E-02
  3.22486311E-02  3.22518982E-02  3.22860293E-02  3.25135440E-02  3.29062045E-02
  3.32917608E-02  3.36552411E-02  3.39917429E-02  3.43008041E-02  3.45759094E-02
  3.48226652E-02  3.50420959E-02  3.52322236E-02  3.53963077E-02  3.55359353E-02
  3.56522687E-02  3.57448868E-02  3.58175412E-02  3.59797068E-02
     2  'FLUX 35     '       2      64
  2.74509843E-02  2.74525676E-02  2.74691731E-02  2.75296196E-02  2.75909137E-02
  2.75954846E-02  2.76045818E-02  2.77148820E-02  2.77171638E-02  2.77437102E-02
  2.78042275E-02  2.78882459E-02  2.78817266E-02  2.76480410E-02  2.77278125E-02
  2.78243255E-02  2.80022565E-02  2.81035565E-02  2.84390524E-02  2.84563750E-02
  2.84939613E-02  2.85674464E-02  2.86373813E-02  2.86668949E-02  2.82140449E-02
  2.83926036E-02  2.86488011E-02  2.89098527E-02  2.91335564E-02  2.97497232E-02
  2.97744013E-02  2.98231374E-02  2.99127754E-02  2.99998075E-02  3.00327856E-02
  2.93229390E-02  2.96390206E-02  3.00616585E-02  3.05216182E-02  3.09319571E-02
  3.12501900E-02  3.15355472E-02  3.17540057E-02  3.18128318E-02  3.18529531E-02
  3.18938605E-02  3.18988152E-02  3.19370180E-02  3.21683586E-02  3.25646438E-02
  3.29511166E-02  3.33140604E-02  3.36492732E-02  3.39566953E-02  3.42300497E-02
  3.44750956E-02  3.46929282E-02  3.48816365E-02  3.50444764E-02  3.51830497E-02
  3.52984965E-02  3.53904143E-02  3.54624949E-02  3.56235690E-02
     2  'FLUX 36     '       2      64
  2.81011872E-02  2.81026606E-02  2.81215347E-02  2.81902552E-02  2.82618199E-02
  2.82670334E-02  2.82800458E-02  2.83717290E-02  2.83747725E-02  2.84046493E-02
  2.84733716E-02  2.85690483E-02  2.85644438E-02  2.83272937E-02  2.84089148E-02
  2.85080168E-02  2.86991689E-02  2.88007427E-02  2.91165095E-02  2.91358866E-02
  2.91779209E-02  2.92611849E-02  2.93426942E-02  2.93756127E-02  2.89128814E-02
  2.90947519E-02  2.93604266E-02  2.96341833E-02  2.98644882E-02  3.04736160E-02
  3.05007678E-02  3.05551235E-02  3.06563973E-02  3.07559948E-02  3.07932589E-02
  3.00595760E-02  3.03854290E-02  3.08248196E-02  3.13093737E-02  3.17411683E-02
  3.20758112E-02  3.23741846E-02  3.26017402E-02  3.26628089E-02  3.27050947E-02
  3.27484235E-02  3.27542573E-02  3.27947922E-02  3.30370776E-02  3.34479772E-02
  3.38468291E-02  3.42205688E-02  3.45653482E-02  3.48813236E-02  3.51621918E-02
  3.54139358E-02  3.56377177E-02  3.58315893E-02  3.59989181E-02  3.61413397E-02
  3.62600163E-02  3.63545269E-02  3.64286527E-02  3.65943126E-02
     2  'FLUX 37     '       2      64
  2.90901754E-02  2.90923733E-02  2.91100405E-02  2.91732512E-02  2.92373188E-02
  2.92421058E-02  2.92520002E-02  2.93654054E-02  2.93679722E-02  2.93958168E-02
  2.94590164E-02  2.95464694E-02  2.95397993E-02  2.92973313E-02  2.93801092E-02
  2.94803921E-02  2.96654757E-02  2.97712479E-02  3.01182251E-02  3.01363226E-02
  3.01755052E-02  3.02519482E-02  3.03246100E-02  3.03553399E-02  2.98860893E-02
  3.00712995E-02  3.03366762E-02  3.06076426E-02  3.08400318E-02  3.14781033E-02
  3.15036662E-02  3.15541327E-02  3.16468552E-02  3.17367613E-02  3.17708850E-02
  3.10369637E-02  3.13644409E-02  3.18009816E-02  3.22761945E-02  3.27007212E-02
  3.30306850E-02  3.33255790E-02  3.35505195E-02  3.36107463E-02  3.36519480E-02
  3.36940028E-02  3.36992592E-02  3.37384157E-02  3.39758620E-02  3.43861245E-02
  3.47876288E-02  3.51654179E-02  3.55148911E-02  3.58357951E-02  3.61215211E-02
  3.63779515E-02  3.66061442E-02  3.68040204E-02  3.69749554E-02  3.71205397E-02
  3.72419506E-02  3.73387076E-02  3.74146923E-02  3.75842452E-02
     2  'FLUX 38     '       2      64
  2.86591779E-02  2.86616385E-02  2.86804866E-02  2.87482850E-02  2.88188569E-02
  2.88239960E-02  2.88363062E-02  2.89291330E-02  2.89321952E-02  2.89617106E-02
  2.90293861E-02  2.91236471E-02  2.91188918E-02  2.88829021E-02  2.89637428E-02
  2.90619396E-02  2.92503480E-02  2.93521527E-02  2.96681095E-02  2.96871718E-02
  2.97284573E-02  2.98101436E-02  2.98901275E-02  2.99224965E-02  2.94638686E-02
  2.96443552E-02  2.99065430E-02  3.01768631E-02  3.04052476E-02  3.10103577E-02
  3.10369562E-02  3.10901199E-02  3.11891139E-02  3.12865600E-02  3.13230120E-02
  3.05990484E-02  3.09213214E-02  3.13536748E-02  3.18300612E-02  3.22558656E-02
  3.25874276E-02  3.28805484E-02  3.31018381E-02  3.31616551E-02  3.32022980E-02
  3.32442671E-02  3.32499556E-02  3.32894586E-02  3.35246287E-02  3.39299217E-02
  3.43257673E-02  3.46978977E-02  3.50419953E-02  3.53579149E-02  3.56392190E-02
  3.58917117E-02  3.61164398E-02  3.63113657E-02  3.64798009E-02  3.66232954E-02
  3.67430076E-02  3.68384570E-02  3.69134508E-02  3.70806083E-02
     2  'FLUX 39     '       2      64
  2.86447331E-02  2.86480784E-02  2.86628865E-02  2.87152380E-02  2.87664272E-02
  2.87703611E-02  2.87748538E-02  2.89059952E-02  2.89076921E-02  2.89310999E-02
  2.89833155E-02  2.90555861E-02  2.90468987E-02  2.88144443E-02  2.88925637E-02
  2.89868340E-02  2.91508194E-02  2.92540994E-02  2.96136402E-02  2.96288431E-02
  2.96617281E-02  2.97246892E-02  2.97824405E-02  2.98083462E-02  2.93642338E-02
  2.95403320E-02  2.97859535E-02  3.00336815E-02  3.02517191E-02  3.08775157E-02
  3.08993869E-02  3.09416577E-02  3.10180020E-02  3.10910158E-02  3.11191101E-02
  3.04368250E-02  3.07428427E-02  3.11444961E-02  3.15747447E-02  3.19612846E-02
  3.22639793E-02  3.25328037E-02  3.27360220E-02  3.27901840E-02  3.28268409E-02
  3.28639522E-02  3.28680463E-02  3.29026692E-02  3.31145972E-02  3.34940590E-02
  3.38707864E-02  3.42278033E-02  3.45596224E-02  3.48653719E-02  3.51384245E-02
  3.53840068E-02  3.56029719E-02  3.57931778E-02  3.59577350E-02  3.60980816E-02
  3.62152755E-02  3.63088362E-02  3.63824815E-02  3.65462191E-02
     2  'FLUX 40     '       2      64
  2.94489935E-02  2.94524636E-02  2.94683594E-02  2.95251478E-02  2.95821149E-02
  2.95863952E-02  2.95923837E-02  2.97142137E-02  2.97161955E-02  2.97412705E-02
  2.97978502E-02  2.98767164E-02  2.98689920E-02  2.96339281E-02  2.97130793E-02
  2.98086517E-02  2.99795661E-02  3.00830752E-02  3.04329786E-02  3.04491986E-02
  3.04843225E-02  3.05524524E-02  3.06167044E-02  3.06444205E-02  3.01943514E-02
  3.03724781E-02  3.06232646E-02  3.08776423E-02  3.10991239E-02  3.17204893E-02
  3.17436084E-02  3.17887701E-02  3.18713151E-02  3.19513865E-02  3.19818482E-02
  3.12872119E-02  3.15983556E-02  3.20087075E-02  3.24518159E-02  3.28491442E-02
  3.31593566E-02  3.34343314E-02  3.36422175E-02  3.36973220E-02  3.37349325E-02
  3.37729268E-02  3.37766744E-02  3.38119678E-02  3.40312421E-02  3.44200432E-02
  3.48051563E-02  3.51699553E-02  3.55090313E-02  3.58215459E-02  3.61007415E-02
  3.63519602E-02  3.65760140E-02  3.67707424E-02  3.69392745E-02  3.70830782E-02
  3.72031964E-02  3.72991376E-02  3.73746864E-02  3.75426412E-02
     2  'FLUX 41     '       2      64
  2.80601084E-02  2.80641634E-02  2.80760769E-02  2.81184446E-02  2.81581655E-02
  2.81613097E-02  2.81605255E-02  2.83049196E-02  2.83057392E-02  2.83249654E-02
  2.83670612E-02  2.84257121E-02  2.84153894E-02  2.81944908E-02  2.82674879E-02
  2.83551142E-02  2.84984261E-02  2.85976063E-02  2.89626904E-02  2.89751720E-02
  2.90021300E-02  2.90526785E-02  2.90972106E-02  2.91185714E-02  2.87020747E-02
  2.88678296E-02  2.90931240E-02  2.93170325E-02  2.95191426E-02  3.01240459E-02
  3.01424153E-02  3.01770568E-02  3.02383732E-02  3.02962568E-02  3.03188451E-02
  2.96908543E-02  2.99737360E-02  3.03398296E-02  3.07252295E-02  3.10726613E-02
  3.13457735E-02  3.15877050E-02  3.17700692E-02  3.18177678E-02  3.18500474E-02
  3.18822414E-02  3.18846814E-02  3.19145545E-02  3.21024582E-02  3.24500613E-02
  3.28002088E-02  3.31345536E-02  3.34468968E-02  3.37357670E-02  3.39945778E-02
  3.42279375E-02  3.44364196E-02  3.46178710E-02  3.47751006E-02  3.49093936E-02
  3.50216925E-02  3.51114795E-02  3.51822823E-02  3.53394300E-02
     2  'FLUX 42     '       2      64
  5.39056286E-02  5.39134778E-02  5.39289489E-02  5.39799258E-02  5.40175736E-02
  5.40212505E-02  5.40071204E-02  5.43571487E-02  5.43563738E-02  5.43814749E-02
  5.44322021E-02  5.45004159E-02  5.44731617E-02  5.40591925E-02  5.41943349E-02
  5.43553755E-02  5.45846410E-02  5.47772013E-02  5.55589832E-02  5.55756278E-02
  5.56113012E-02  5.56719266E-02  5.57125993E-02  5.57412058E-02  5.49735278E-02
  5.52821420E-02  5.56829721E-02  5.60696758E-02  5.64370565E-02  5.76339476E-02
  5.76598532E-02  5.77049740E-02  5.77776283E-02  5.78387007E-02  5.78655675E-02
  5.67484871E-02  5.72576486E-02  5.78991808E-02  5.85466176E-02  5.91297373E-02
  5.95847107E-02  6.00014366E-02  6.03232048E-02  6.04075827E-02  6.04619756E-02
  6.05147183E-02  6.05152026E-02  6.05610795E-02  6.08917288E-02  6.15154542E-02
  6.21522479E-02  6.27650395E-02  6.33405894E-02  6.38749748E-02  6.43553212E-02
  6.47894666E-02  6.51780888E-02  6.55169562E-02  6.58110157E-02  6.60624877E-02
  6.62730187E-02  6.64415658E-02  6.65746778E-02  6.68699294E-02
     2  'FLUX 43     '       2      64
  8.38430449E-02  8.38496462E-02  8.39117616E-02  8.41300786E-02  8.43653977E-02
  8.43820423E-02  8.44355673E-02  8.45789760E-02  8.45917091E-02  8.46856907E-02
  8.49031508E-02  8.52050036E-02  8.52026194E-02  8.45757872E-02  8.47946629E-02
  8.50625783E-02  8.56174305E-02  8.58840719E-02  8.65978673E-02  8.66579041E-02
  8.67872536E-02  8.70474204E-02  8.73104632E-02  8.74112323E-02  8.61811191E-02
  8.66634399E-02  8.73869956E-02  8.81484672E-02  8.87708515E-02  9.02861431E-02
  9.03663635E-02  9.05299708E-02  9.08397213E-02  9.11486596E-02  9.12627354E-02
  8.92985761E-02  9.01731774E-02  9.13598612E-02  9.26953256E-02  9.38806608E-02
  9.47937518E-02  9.56011638E-02  9.62111726E-02  9.63750854E-02  9.64883044E-02
  9.66048092E-02  9.66198891E-02  9.67304856E-02  9.73819643E-02  9.84957814E-02
  9.95837003E-02  1.00609213E-01  1.01560615E-01  1.02437250E-01  1.03220761E-01
  1.03926495E-01  1.04556769E-01  1.05105326E-01  1.05580829E-01  1.05987176E-01
  1.06327139E-01  1.06599048E-01  1.06813431E-01  1.07290886E-01
     2  'FLUX 44     '       2      64
  1.08077720E-01  1.08086161E-01  1.08159728E-01  1.08409077E-01  1.08671360E-01
  1.08690299E-01  1.08751871E-01  1.08983032E-01  1.08998291E-01  1.09107755E-01
  1.09356679E-01  1.09696679E-01  1.09688304E-01  1.08917616E-01  1.09187014E-01
  1.09517351E-01  1.10176139E-01  1.10512108E-01  1.11457020E-01  1.11527011E-01
  1.11677296E-01  1.11974619E-01  1.12266175E-01  1.12382703E-01  1.10878646E-01
  1.11471280E-01  1.12347692E-01  1.13265865E-01  1.14027590E-01  1.15935922E-01
  1.16029225E-01  1.16217516E-01  1.16569109E-01  1.16913557E-01  1.17042728E-01
  1.14672571E-01  1.15733996E-01  1.17160395E-01  1.18748985E-01  1.20158553E-01
  1.21240377E-01  1.22198664E-01  1.22919686E-01  1.23113573E-01  1.23244643E-01
  1.23379856E-01  1.23395011E-01  1.23522207E-01  1.24289230E-01  1.25632375E-01
  1.26959056E-01  1.28217444E-01  1.29390284E-01  1.30474776E-01  1.31447271E-01
  1.32325500E-01  1.33111671E-01  1.33797437E-01  1.34393036E-01  1.34902939E-01
  1.35330290E-01  1.35672867E-01  1.35943681E-01  1.36544615E-01
     2  'FLUX 45     '       2      64
  2.92257398E-01  2.92272449E-01  2.92454749E-01  2.93063760E-01  2.93704897E-01
  2.93751538E-01  2.93915242E-01  2.94429928E-01  2.94469178E-01  2.94737309E-01
  2.95347184E-01  2.96174377E-01  2.96158433E-01  2.94320762E-01  2.94969946E-01
  2.95766950E-01  2.97373891E-01  2.98176885E-01  3.00365478E-01  3.00537527E-01
  3.00906569E-01  3.01636279E-01  3.02348942E-01  3.02635223E-01  2.99050450E-01
  3.00464958E-01  3.02572548E-01  3.04790437E-01  3.06615412E-01  3.11061025E-01
  3.11288565E-01  3.11749101E-01  3.12609464E-01  3.13449442E-01  3.13766718E-01
  3.08154762E-01  3.10676813E-01  3.14076573E-01  3.17877620E-01  3.21213037E-01
  3.23709995E-01  3.25953752E-01  3.27660620E-01  3.28120112E-01  3.28423172E-01
  3.28731149E-01  3.28753531E-01  3.29041660E-01  3.30858201E-01  3.34097892E-01
  3.37337941E-01  3.40437919E-01  3.43347788E-01  3.46054673E-01  3.48496050E-01
  3.50711286E-01  3.52703005E-01  3.54447752E-01  3.55968654E-01  3.57275367E-01
  3.58374357E-01  3.59258562E-01  3.59960705E-01  3.61512870E-01
     2  'FLUX 46     '       2      64
  3.21716934E-01  3.21708679E-01  3.21842194E-01  3.22293192E-01  3.22763771E-01
  3.22798550E-01  3.22929442E-01  3.23368222E-01  3.23391229E-01  3.23589385E-01
  3.24050725E-01  3.24670553E-01  3.24654400E-01  3.23246956E-01  3.23756456E-01
  3.24369431E-01  3.25636357E-01  3.26244831E-01  3.27852130E-01  3.27986807E-01
  3.28277349E-01  3.28852445E-01  3.29402834E-01  3.29632938E-01  3.26910913E-01
  3.27992648E-01  3.29630375E-01  3.31355095E-01  3.32739860E-01  3.35776836E-01
  3.35962385E-01  3.36339653E-01  3.37046772E-01  3.37733328E-01  3.38001907E-01
  3.33889842E-01  3.35756987E-01  3.38319033E-01  3.41226161E-01  3.43649805E-01
  3.45242172E-01  3.46768856E-01  3.47977608E-01  3.48298639E-01  3.48492801E-01
  3.48654151E-01  3.48620445E-01  3.48769367E-01  3.50067586E-01  3.52646470E-01
  3.55380505E-01  3.58086675E-01  3.60688686E-01  3.63153517E-01  3.65412146E-01
  3.67486835E-01  3.69371384E-01  3.71038198E-01  3.72503042E-01  3.73770684E-01
  3.74843955E-01  3.75714242E-01  3.76411796E-01  3.77938360E-01
     2  'FLUX 47     '       2      64
  3.73695433E-01  3.73631477E-01  3.73713344E-01  3.73974353E-01  3.74271929E-01
  3.74293298E-01  3.74452174E-01  3.74239951E-01  3.74249965E-01  3.74357969E-01
  3.74645948E-01  3.75013739E-01  3.75043482E-01  3.74643207E-01  3.74853432E-01
  3.75078142E-01  3.75805140E-01  3.75946015E-01  3.75564158E-01  3.75652134E-01
  3.75840366E-01  3.76236707E-01  3.76621783E-01  3.76787812E-01  3.76117289E-01
  3.76406908E-01  3.77028704E-01  3.77761543E-01  3.78141910E-01  3.77098918E-01
  3.77218217E-01  3.77477735E-01  3.77999902E-01  3.78521591E-01  3.78750622E-01
  3.78378361E-01  3.78644496E-01  3.79198670E-01  3.80087167E-01  3.80303025E-01
  3.79512668E-01  3.79101932E-01  3.78857672E-01  3.78822982E-01  3.78662080E-01
  3.78495634E-01  3.78262848E-01  3.78080159E-01  3.77847999E-01  3.78595263E-01
  3.79970700E-01  3.81629556E-01  3.83411586E-01  3.85224879E-01  3.86979491E-01
  3.88653666E-01  3.90220523E-01  3.91641706E-01  3.92915964E-01  3.94037396E-01
  3.95001262E-01  3.95795584E-01  3.96444529E-01  3.97838265E-01
     2  'FLUX 48     '       2      64
  2.79822856E-01  2.79744625E-01  2.79733837E-01  2.79613107E-01  2.79497027E-01
  2.79489428E-01  2.79564440E-01  2.79215246E-01  2.79207200E-01  2.79151618E-01
  2.79057324E-01  2.78877914E-01  2.78899848E-01  2.79525071E-01  2.79397100E-01
  2.79194981E-01  2.79002666E-01  2.78732479E-01  2.77128428E-01  2.77110308E-01
  2.77059972E-01  2.76975453E-01  2.76853681E-01  2.76847810E-01  2.78402507E-01
  2.77848452E-01  2.77186930E-01  2.76570797E-01  2.75820404E-01  2.71427512E-01
  2.71383524E-01  2.71306396E-01  2.71199018E-01  2.71091938E-01  2.71112859E-01
  2.75048345E-01  2.73507893E-01  2.71545500E-01  2.69588530E-01  2.66988426E-01
  2.63553858E-01  2.60942459E-01  2.59073764E-01  2.58510798E-01  2.58064240E-01
  2.57539630E-01  2.57178932E-01  2.56645590E-01  2.54568964E-01  2.52788305E-01
  2.52011389E-01  2.51797497E-01  2.51935661E-01  2.52293408E-01  2.52786845E-01
  2.53349990E-01  2.53941178E-01  2.54524529E-01  2.55079567E-01  2.55591005E-01
  2.56047368E-01  2.56437987E-01  2.56770939E-01  2.57459909E-01
     2  'FLUX 49     '       2      64
  2.25640923E-01  2.25570694E-01  2.25576103E-01  2.25454822E-01  2.25359559E-01
  2.25351781E-01  2.25460976E-01  2.24761292E-01  2.24769816E-01  2.24714607E-01
  2.24612355E-01  2.24409938E-01  2.24458516E-01  2.25392967E-01  2.25173980E-01
  2.24873140E-01  2.24529639E-01  2.24140629E-01  2.21818179E-01  2.21791416E-01
  2.21713170E-01  2.21580401E-01  2.21422344E-01  2.21397728E-01  2.23654345E-01
  2.22831681E-01  2.21806973E-01  2.20860988E-01  2.19792023E-01  2.14058116E-01
  2.13972867E-01  2.13816524E-01  2.13572755E-01  2.13338420E-01  2.13318706E-01
  2.18723074E-01  2.16593206E-01  2.13795304E-01  2.10938379E-01  2.07396328E-01
  2.03012988E-01  1.99616879E-01  1.97135150E-01  1.96495563E-01  1.95892051E-01
  1.95231259E-01  1.94862187E-01  1.94200143E-01  1.91506892E-01  1.88768193E-01
  1.87122405E-01  1.86126545E-01  1.85562029E-01  1.85287088E-01  1.85224384E-01
  1.85292393E-01  1.85445234E-01  1.85649216E-01  1.85876667E-01  1.86108679E-01
  1.86331555E-01  1.86535105E-01  1.86720207E-01  1.87084466E-01
     2  'FLUX 50     '       2      64
  1.88274488E-01  1.88219085E-01  1.88242093E-01  1.88152611E-01  1.88098893E-01
  1.88093096E-01  1.88214064E-01  1.87418833E-01  1.87438875E-01  1.87399492E-01
  1.87322438E-01  1.87150776E-01  1.87206775E-01  1.88149497E-01  1.87927127E-01
  1.87633470E-01  1.87289804E-01  1.86909318E-01  1.84496909E-01  1.84473231E-01
  1.84396997E-01  1.84267923E-01  1.84119478E-01  1.84094831E-01  1.86415076E-01
  1.85568303E-01  1.84500724E-01  1.83527395E-01  1.82440013E-01  1.76588699E-01
  1.76491350E-01  1.76310182E-01  1.76020905E-01  1.75743997E-01  1.75708011E-01
  1.81349531E-01  1.79140180E-01  1.76185906E-01  1.73137769E-01  1.69411704E-01
  1.64869115E-01  1.61316425E-01  1.58703044E-01  1.58022270E-01  1.57401890E-01
  1.56727001E-01  1.56346738E-01  1.55689746E-01  1.52852654E-01  1.49824172E-01
  1.47876546E-01  1.46586120E-01  1.45741448E-01  1.45203426E-01  1.44900978E-01
  1.44750029E-01  1.44704804E-01  1.44734144E-01  1.44808426E-01  1.44908145E-01
  1.45019084E-01  1.45131797E-01  1.45243853E-01  1.45450667E-01
     2  'FLUX 51     '       2      64
  2.31680930E-01  2.31622905E-01  2.31671795E-01  2.31578320E-01  2.31538281E-01
  2.31531903E-01  2.31696993E-01  2.30606928E-01  2.30644897E-01  2.30607107E-01
  2.30523884E-01  2.30315417E-01  2.30390817E-01  2.31614888E-01  2.31329858E-01
  2.30960488E-01  2.30509430E-01  2.30032042E-01  2.26802632E-01  2.26773664E-01
  2.26670921E-01  2.26493761E-01  2.26289898E-01  2.26255879E-01  2.29380459E-01
  2.28245243E-01  2.26792827E-01  2.25476071E-01  2.24017486E-01  2.16051355E-01
  2.15906039E-01  2.15630442E-01  2.15180248E-01  2.14747652E-01  2.14679763E-01
  2.22541049E-01  2.19490051E-01  2.15341702E-01  2.11013600E-01  2.05746010E-01
  1.99355066E-01  1.94311664E-01  1.90591246E-01  1.89516604E-01  1.88692912E-01
  1.87774435E-01  1.87231496E-01  1.86328799E-01  1.82235152E-01  1.77783981E-01
  1.74842894E-01  1.72827482E-01  1.71446025E-01  1.70505941E-01  1.69911921E-01
  1.69544607E-01  1.69340298E-01  1.69256940E-01  1.69251889E-01  1.69297338E-01
  1.69372991E-01  1.69466048E-01  1.69570670E-01  1.69748425E-01
     2  'FLUX 52     '       2      64
  4.64461297E-01  4.64372218E-01  4.64558959E-01  4.64533031E-01  4.64643657E-01
  4.64642286E-01  4.65057701E-01  4.62644219E-01  4.62765574E-01  4.62770820E-01
  4.62753117E-01  4.62501168E-01  4.62669373E-01  4.64963585E-01  4.64477509E-01
  4.63868439E-01  4.63190943E-01  4.62355614E-01  4.55614418E-01  4.55589354E-01
  4.55432236E-01  4.55169529E-01  4.54842597E-01  4.54817504E-01  4.61095244E-01
  4.58842576E-01  4.55971897E-01  4.53451872E-01  4.50575411E-01  4.33627009E-01
  4.33311880E-01  4.32708710E-01  4.31719422E-01  4.30763215E-01  4.30618584E-01
  4.47574317E-01  4.41117465E-01  4.32176411E-01  4.22774225E-01  4.11150753E-01
  3.96842182E-01  3.85482311E-01  3.76965225E-01  3.74632150E-01  3.72723430E-01
  3.70633066E-01  3.69563699E-01  3.67483526E-01  3.58117044E-01  3.47836107E-01
  3.40955704E-01  3.36169809E-01  3.32826406E-01  3.30494076E-01  3.28962237E-01
  3.27960372E-01  3.27344656E-01  3.27021718E-01  3.26893538E-01  3.26896489E-01
  3.26983988E-01  3.27126741E-01  3.27308476E-01  3.27594340E-01
     2  'FLUX 53     '       2      64
  6.79320574E-01  6.79257929E-01  6.79739177E-01  6.80195928E-01  6.80897057E-01
  6.80929005E-01  6.81709826E-01  6.78184867E-01  6.78451419E-01  6.78700328E-01
  6.79148555E-01  6.79369152E-01  6.79621518E-01  6.81842685E-01  6.81554139E-01
  6.81241632E-01  6.81254506E-01  6.80615127E-01  6.71662450E-01  6.71745896E-01
  6.71743989E-01  6.71790242E-01  6.71713710E-01  6.71849668E-01  6.79267824E-01
  6.76699519E-01  6.73537850E-01  6.71045482E-01  6.67812943E-01  6.44291222E-01
  6.43891215E-01  6.43121302E-01  6.41879201E-01  6.40666723E-01  6.40550494E-01
  6.64143384E-01  6.55503631E-01  6.43212318E-01  6.30216360E-01  6.13370478E-01
  5.91724753E-01  5.74408233E-01  5.61239421E-01  5.57656646E-01  5.54723740E-01
  5.51382303E-01  5.49905062E-01  5.46746731E-01  5.32050848E-01  5.16149640E-01
  5.05652666E-01  4.98453945E-01  4.93515968E-01  4.90157038E-01  4.88035589E-01
  4.86730963E-01  4.86015320E-01  4.85736817E-01  4.85742688E-01  4.85931635E-01
  4.86229122E-01  4.86586004E-01  4.86978203E-01  4.87652838E-01
     2  'FLUX 54     '       2      64
  1.46766543E+00  1.46772230E+00  1.46956360E+00  1.47279727E+00  1.47669244E+00
  1.47692716E+00  1.47943521E+00  1.47239602E+00  1.47326016E+00  1.47486198E+00
  1.47805083E+00  1.48140121E+00  1.48197889E+00  1.48108315E+00  1.48250175E+00
  1.48457873E+00  1.48981869E+00  1.49115801E+00  1.47780001E+00  1.47858071E+00
  1.47983301E+00  1.48234975E+00  1.48450971E+00  1.48573351E+00  1.49093091E+00
  1.48964357E+00  1.48915493E+00  1.49081481E+00  1.48972476E+00  1.45231831E+00
  1.45208979E+00  1.45169234E+00  1.45133936E+00  1.45092583E+00  1.45151937E+00
  1.48666978E+00  1.47541225E+00  1.45837855E+00  1.44079125E+00  1.41318595E+00
  1.37222123E+00  1.33967125E+00  1.31489372E+00  1.30744946E+00  1.30225325E+00
  1.29587388E+00  1.29281926E+00  1.28701472E+00  1.25884974E+00  1.23022509E+00
  1.21287882E+00  1.20222783E+00  1.19605184E+00  1.19291961E+00  1.19203687E+00
  1.19257855E+00  1.19406617E+00  1.19614422E+00  1.19851685E+00  1.20097625E+00
  1.20336521E+00  1.20556188E+00  1.20755208E+00  1.21139419E+00
     2  'FLUX 55     '       2      64
  2.55345964E+00  2.55409980E+00  2.55965590E+00  2.57255960E+00  2.58707738E+00
  2.58803916E+00  2.59516478E+00  2.58361053E+00  2.58588982E+00  2.59205675E+00
  2.60491729E+00  2.62044477E+00  2.62173772E+00  2.60246825E+00  2.61115265E+00
  2.62325048E+00  2.64947200E+00  2.65995526E+00  2.65517879E+00  2.65854716E+00
  2.66512704E+00  2.67810488E+00  2.69044924E+00  2.69576669E+00  2.66815829E+00
  2.68001986E+00  2.70073605E+00  2.72772479E+00  2.74598050E+00  2.73179960E+00
  2.73405075E+00  2.73877549E+00  2.74822688E+00  2.75725317E+00  2.76172829E+00
  2.75798965E+00  2.76680636E+00  2.77579641E+00  2.78929710E+00  2.78231859E+00
  2.74492288E+00  2.71653843E+00  2.69415450E+00  2.68770671E+00  2.68239880E+00
  2.67656922E+00  2.67289448E+00  2.66752672E+00  2.64293575E+00  2.62783098E+00
  2.62745833E+00  2.63491654E+00  2.64701629E+00  2.66182303E+00  2.67792749E+00
  2.69448590E+00  2.71086407E+00  2.72642899E+00  2.74090958E+00  2.75405812E+00
  2.76567292E+00  2.77552247E+00  2.78377175E+00  2.80029607E+00
     2  'FLUX 56     '       2      64
  4.33905792E+00  4.34131145E+00  4.35571575E+00  4.39403105E+00  4.43593216E+00
  4.43882704E+00  4.45714617E+00  4.44094419E+00  4.44628191E+00  4.46439838E+00
  4.50305843E+00  4.55199766E+00  4.55483866E+00  4.47990465E+00  4.50912380E+00
  4.54960489E+00  4.63472939E+00  4.67160749E+00  4.71066475E+00  4.72113228E+00
  4.74310255E+00  4.78628540E+00  4.82847977E+00  4.84521866E+00  4.70643234E+00
  4.76150751E+00  4.85050440E+00  4.95659828E+00  5.03853273E+00  5.15207481E+00
  5.16328573E+00  5.18652630E+00  5.23086071E+00  5.27364159E+00  5.29066229E+00
  5.10367680E+00  5.19505119E+00  5.31768560E+00  5.46547604E+00  5.57427692E+00
  5.61515331E+00  5.65560532E+00  5.68843842E+00  5.69720364E+00  5.70196104E+00
  5.70694065E+00  5.70502234E+00  5.71000004E+00  5.75473261E+00  5.84826231E+00
  5.94793797E+00  6.04692650E+00  6.14252615E+00  6.23353529E+00  6.31776762E+00
  6.39583111E+00  6.46740866E+00  6.53152990E+00  6.58858538E+00  6.63859129E+00
  6.68149614E+00  6.71693039E+00  6.74579811E+00  6.80343533E+00
     2  'FLUX 57     '       2      64
  3.04873252E+00  3.05128026E+00  3.06449890E+00  3.10186768E+00  3.14213371E+00
  3.14496088E+00  3.16177011E+00  3.15393996E+00  3.15858912E+00  3.17630792E+00
  3.21437001E+00  3.26344514E+00  3.26577854E+00  3.18450189E+00  3.21458983E+00
  3.25651979E+00  3.34302497E+00  3.38203001E+00  3.44350266E+00  3.45399499E+00
  3.47677803E+00  3.52142549E+00  3.56547022E+00  3.58235359E+00  3.42088056E+00
  3.48370814E+00  3.58310962E+00  3.69939804E+00  3.79299521E+00  3.97369361E+00
  3.98705053E+00  4.01467943E+00  4.06681204E+00  4.11728859E+00  4.13602591E+00
  3.87087917E+00  3.99057794E+00  4.15579176E+00  4.35277510E+00  4.52179575E+00
  4.63236713E+00  4.72772598E+00  4.80379486E+00  4.82448101E+00  4.83837223E+00
  4.85260534E+00  4.85398579E+00  4.86737728E+00  4.96772003E+00  5.13051510E+00
  5.28269005E+00  5.42302084E+00  5.55168819E+00  5.66948652E+00  5.77512789E+00
  5.87066317E+00  5.95650291E+00  6.03211355E+00  6.09847403E+00  6.15596867E+00
  6.20482540E+00  6.24485207E+00  6.27720070E+00  6.34069014E+00
     2  'FLUX 58     '       2      64
  2.30531120E+00  2.30793357E+00  2.31956005E+00  2.35343933E+00  2.38964701E+00
  2.39220500E+00  2.40686798E+00  2.40348053E+00  2.40748382E+00  2.42364311E+00
  2.45835447E+00  2.50353360E+00  2.50542688E+00  2.42767596E+00  2.45568156E+00
  2.49497318E+00  2.57481837E+00  2.61180758E+00  2.67853808E+00  2.68820453E+00
  2.70957351E+00  2.75134921E+00  2.79281497E+00  2.80837345E+00  2.64943337E+00
  2.71073842E+00  2.80662727E+00  2.91822839E+00  3.00992060E+00  3.20704913E+00
  3.22044897E+00  3.24814916E+00  3.30021739E+00  3.35080814E+00  3.36889720E+00
  3.08772755E+00  3.21114063E+00  3.38314509E+00  3.58808470E+00  3.77347541E+00
  3.90989399E+00  4.02200270E+00  4.10942602E+00  4.13323784E+00  4.14970350E+00
  4.16671753E+00  4.16959286E+00  4.18598080E+00  4.30018473E+00  4.48194027E+00
  4.64786291E+00  4.79815769E+00  4.93398714E+00  5.05684900E+00  5.16591406E+00
  5.26370239E+00  5.35091019E+00  5.42724943E+00  5.49389458E+00  5.55137873E+00
  5.60004139E+00  5.63980341E+00  5.67186260E+00  5.73385143E+00
     2  'FLUX 59     '       2      64
  1.70644891E+00  1.70887470E+00  1.71846867E+00  1.74683702E+00  1.77700746E+00
  1.77914381E+00  1.79120803E+00  1.78993833E+00  1.79322314E+00  1.80684590E+00
  1.83605397E+00  1.87425125E+00  1.87574995E+00  1.80871868E+00  1.83247650E+00
  1.86607182E+00  1.93358350E+00  1.96544778E+00  2.02641487E+00  2.03460884E+00
  2.05293441E+00  2.08869624E+00  2.12432623E+00  2.13750672E+00  1.99814546E+00
  2.05162406E+00  2.13474822E+00  2.23152733E+00  2.31205297E+00  2.49410987E+00
  2.50610137E+00  2.53089046E+00  2.57740307E+00  2.62269211E+00  2.63850546E+00
  2.38115072E+00  2.49241519E+00  2.64843297E+00  2.83475423E+00  3.00803661E+00
  3.14203644E+00  3.24918342E+00  3.33179760E+00  3.35432744E+00  3.37000895E+00
  3.38637638E+00  3.38952470E+00  3.40546060E+00  3.51385117E+00  3.68565011E+00
  3.84085369E+00  3.98023963E+00  4.10530090E+00  4.21770859E+00  4.31696749E+00
  4.40554714E+00  4.48421621E+00  4.55284643E+00  4.61258554E+00  4.66398621E+00
  4.70740986E+00  4.74285650E+00  4.77141809E+00  4.82587099E+00
     2  'FLUX 60     '       2      64
  1.55154705E+00  1.55418527E+00  1.56376600E+00  1.59229100E+00  1.62253678E+00
  1.62468159E+00  1.63675380E+00  1.63619840E+00  1.63948524E+00  1.65328372E+00
  1.68279755E+00  1.72149181E+00  1.72297132E+00  1.65441358E+00  1.67845023E+00
  1.71273816E+00  1.78104496E+00  1.81371629E+00  1.87797487E+00  1.88630414E+00
  1.90510988E+00  1.94175255E+00  1.97835970E+00  1.99175227E+00  1.84737253E+00
  1.90256202E+00  1.98805439E+00  2.08789015E+00  2.17170596E+00  2.36662889E+00
  2.37933588E+00  2.40562558E+00  2.45490861E+00  2.50296497E+00  2.51944780E+00
  2.24418497E+00  2.36194515E+00  2.52792549E+00  2.72688460E+00  2.91537023E+00
  3.06524301E+00  3.18265510E+00  3.27258253E+00  3.29705644E+00  3.31420994E+00
  3.33216357E+00  3.33592701E+00  3.35349154E+00  3.47254729E+00  3.66121268E+00
  3.83054900E+00  3.98177075E+00  4.11678648E+00  4.23760605E+00  4.34390783E+00
  4.43845940E+00  4.52218056E+00  4.59504366E+00  4.65833759E+00  4.71269989E+00
  4.75856352E+00  4.79598427E+00  4.82614088E+00  4.88283777E+00
     2  'FLUX 61     '       2      64
  1.53992116E+00  1.54299748E+00  1.55350578E+00  1.58492196E+00  1.61818635E+00
  1.62054598E+00  1.63392377E+00  1.63321924E+00  1.63684869E+00  1.65216780E+00
  1.68486774E+00  1.72780252E+00  1.72947919E+00  1.65340245E+00  1.67986166E+00
  1.71801686E+00  1.79357576E+00  1.82995892E+00  1.90202248E+00  1.91131008E+00
  1.93246853E+00  1.97366345E+00  2.01493669E+00  2.02987123E+00  1.86752498E+00
  1.92933595E+00  2.02505350E+00  2.13743639E+00  2.23239851E+00  2.45689678E+00
  2.47164392E+00  2.50219870E+00  2.55947638E+00  2.61541843E+00  2.63429976E+00
  2.31503463E+00  2.45029068E+00  2.64221358E+00  2.87358594E+00  3.09602141E+00
  3.27615666E+00  3.41492343E+00  3.52098989E+00  3.54983830E+00  3.57010412E+00
  3.59126973E+00  3.59589624E+00  3.61669588E+00  3.75927806E+00  3.98467350E+00
  4.18565035E+00  4.36417484E+00  4.52284145E+00  4.66424227E+00  4.78824091E+00
  4.89819336E+00  4.99528074E+00  5.07959366E+00  5.15269279E+00  5.21537685E+00
  5.26819611E+00  5.31128311E+00  5.34601641E+00  5.41032743E+00
     2  'FLUX 62     '       2      64
  1.28923094E+00  1.29226375E+00  1.30206883E+00  1.33137405E+00  1.36239815E+00
  1.36459708E+00  1.37727511E+00  1.37583661E+00  1.37926888E+00  1.39369512E+00
  1.42441344E+00  1.46476376E+00  1.46642148E+00  1.39543986E+00  1.41997290E+00
  1.45583987E+00  1.52649760E+00  1.56065488E+00  1.62756491E+00  1.63634884E+00
  1.65654016E+00  1.69583201E+00  1.73530757E+00  1.74943960E+00  1.59590816E+00
  1.65412188E+00  1.74441636E+00  1.85130990E+00  1.94210744E+00  2.15822339E+00
  2.17272949E+00  2.20284796E+00  2.25934267E+00  2.31461191E+00  2.33298874E+00
  2.02154303E+00  2.15226984E+00  2.33919930E+00  2.56629419E+00  2.78731823E+00
  2.96832633E+00  3.10545540E+00  3.21024036E+00  3.23880959E+00  3.25880146E+00
  3.27959323E+00  3.28425741E+00  3.30479908E+00  3.44882703E+00  3.67597961E+00
  3.87722468E+00  4.05507040E+00  4.21243572E+00  4.35211277E+00  4.47421312E+00
  4.58215618E+00  4.67720938E+00  4.75958395E+00  4.83087158E+00  4.89191055E+00
  4.94328785E+00  4.98519611E+00  5.01900625E+00  5.08048630E+00
     2  'FLUX 63     '       2      64
  8.52765083E-01  8.55136573E-01  8.62333000E-01  8.83692026E-01  9.06325877E-01
  9.07927573E-01  9.17347074E-01  9.15477395E-01  9.18045998E-01  9.28676069E-01
  9.51223552E-01  9.80816901E-01  9.82107937E-01  9.30560112E-01  9.48279798E-01
  9.74591255E-01  1.02609324E+00  1.05114973E+00  1.09906888E+00  1.10555756E+00
  1.12058949E+00  1.14982045E+00  1.17925680E+00  1.18969226E+00  1.07689178E+00
  1.11950278E+00  1.18570435E+00  1.26487470E+00  1.33247221E+00  1.49332774E+00
  1.50441730E+00  1.52749062E+00  1.57080507E+00  1.61324441E+00  1.62716222E+00
  1.39187741E+00  1.48986816E+00  1.63093436E+00  1.80377829E+00  1.97378135E+00
  2.11388731E+00  2.21808672E+00  2.29767442E+00  2.31926227E+00  2.33448410E+00
  2.35025549E+00  2.35375357E+00  2.36935520E+00  2.48138452E+00  2.65818000E+00
  2.81400585E+00  2.95110869E+00  3.07195473E+00  3.17883420E+00  3.27200794E+00
  3.35415936E+00  3.42632484E+00  3.48875284E+00  3.54269385E+00  3.58882093E+00
  3.62761116E+00  3.65926313E+00  3.68482876E+00  3.73042297E+00
     2  'FLUX 64     '       2      64
  7.68646896E-01  7.71156013E-01  7.78338194E-01  7.99433649E-01  8.21829736E-01
  8.23406816E-01  8.32923174E-01  8.30044746E-01  8.32668066E-01  8.43290806E-01
  8.65723550E-01  8.95119250E-01  8.96488011E-01  8.45930934E-01  8.63232732E-01
  8.89358282E-01  9.40159380E-01  9.65031981E-01  1.01099944E+00  1.01749814E+00
  1.03265679E+00  1.06211495E+00  1.09183908E+00  1.10228038E+00  9.90410507E-01
  1.03251493E+00  1.09807813E+00  1.17738581E+00  1.24542224E+00  1.40650833E+00
  1.41797173E+00  1.44187510E+00  1.48679078E+00  1.53085995E+00  1.54512668E+00
  1.30544651E+00  1.40454900E+00  1.54817057E+00  1.72577155E+00  1.90206993E+00
  2.04781127E+00  2.15414572E+00  2.23525715E+00  2.25728822E+00  2.27275038E+00
  2.28874731E+00  2.29230142E+00  2.30827427E+00  2.42538643E+00  2.61059546E+00
  2.77311301E+00  2.91552806E+00  3.04060602E+00  3.15085602E+00  3.24672246E+00
  3.33103871E+00  3.40493655E+00  3.46875668E+00  3.52382088E+00  3.57085371E+00
  3.61037540E+00  3.64263582E+00  3.66872835E+00  3.71434593E+00
     2  'FLUX 65     '       2      64
  6.60131991E-01  6.62697434E-01  6.69657350E-01  6.89802766E-01  7.11269438E-01
  7.12769866E-01  7.22123265E-01  7.17852950E-01  7.20472991E-01  7.30764985E-01
  7.52384245E-01  7.80650616E-01  7.82084584E-01  7.34466612E-01  7.50694215E-01
  7.75735021E-01  8.24068069E-01  8.47844779E-01  8.89419913E-01  8.95735264E-01
  9.10573184E-01  9.39397991E-01  9.68556881E-01  9.78682637E-01  8.71876419E-01
  9.11883652E-01  9.74449098E-01  1.05126154E+00  1.11745811E+00  1.27245986E+00
  1.28400731E+00  1.30815554E+00  1.35359585E+00  1.39826322E+00  1.41250241E+00
  1.17609489E+00  1.27299070E+00  1.41465449E+00  1.59191239E+00  1.76960862E+00
  1.91667855E+00  2.02153325E+00  2.10147810E+00  2.12312913E+00  2.13832808E+00
  2.15401888E+00  2.15763068E+00  2.17328000E+00  2.29219437E+00  2.48069692E+00
  2.64524317E+00  2.78875542E+00  2.91426778E+00  3.02447104E+00  3.12001562E+00
  3.20380807E+00  3.27705956E+00  3.34020376E+00  3.39459753E+00  3.44099808E+00
  3.47995687E+00  3.51177430E+00  3.53754902E+00  3.58157325E+00
     2  'FLUX 66     '       2      64
  5.26075959E-01  5.28554201E-01  5.35000682E-01  5.53283751E-01  5.72899640E-01
  5.74262738E-01  5.83081603E-01  5.76950669E-01  5.79477668E-01  5.88990688E-01
  6.08847737E-01  6.34725809E-01  6.36205792E-01  5.94147205E-01  6.08434200E-01
  6.31152570E-01  6.74649000E-01  6.96042538E-01  7.29972661E-01  7.35834837E-01
  7.49715984E-01  7.76688874E-01  8.04072320E-01  8.13435495E-01  7.17379212E-01
  7.53118277E-01  8.09478521E-01  8.80085707E-01  9.41155016E-01  1.08116865E+00
  1.09235370E+00  1.11583769E+00  1.16012776E+00  1.20377421E+00  1.21741903E+00
  9.95478272E-01  1.08539283E+00  1.21852982E+00  1.38777637E+00  1.55929399E+00
  1.70109916E+00  1.79937184E+00  1.87427497E+00  1.89460444E+00  1.90881240E+00
  1.92339408E+00  1.92673516E+00  1.94137692E+00  2.05720949E+00  2.24084330E+00
  2.39997840E+00  2.53792405E+00  2.65792990E+00  2.76279640E+00  2.85339141E+00
  2.93257403E+00  3.00158978E+00  3.06095481E+00  3.11200023E+00  3.15548468E+00
  3.19196177E+00  3.22177434E+00  3.24597478E+00  3.28617454E+00
     2  'FLUX 67     '       2      64
  3.69578063E-01  3.71726990E-01  3.77249897E-01  3.92475069E-01  4.09030139E-01
  4.10161614E-01  4.17911112E-01  4.09538567E-01  4.11827892E-01  4.19939101E-01
  4.36748862E-01  4.58555877E-01  4.60031182E-01  4.26895469E-01  4.38151032E-01
  4.56883520E-01  4.92436200E-01  5.09684324E-01  5.32001674E-01  5.37032843E-01
  5.49039781E-01  5.72416186E-01  5.96283734E-01  6.04258716E-01  5.26550591E-01
  5.55161774E-01  6.01066589E-01  6.60274982E-01  7.11504042E-01  8.24209034E-01
  8.34321797E-01  8.55679154E-01  8.96108687E-01  9.36104536E-01  9.48271811E-01
  7.57260919E-01  8.33338201E-01  9.48287189E-01  1.09770477E+00  1.25097620E+00
  1.37721848E+00  1.46157420E+00  1.52597046E+00  1.54344189E+00  1.55548680E+00
  1.56793416E+00  1.57068872E+00  1.58329093E+00  1.68762589E+00  1.85262930E+00
  1.99416435E+00  2.11584544E+00  2.22097707E+00  2.31229520E+00  2.39083648E+00
  2.45920777E+00  2.51859283E+00  2.56954956E+00  2.61327696E+00  2.65047169E+00
  2.68164730E+00  2.70715189E+00  2.72791147E+00  2.76125836E+00
     2  'FLUX 68     '       2      64
  2.02655211E-01  2.04150409E-01  2.08209977E-01  2.18943402E-01  2.30952129E-01
  2.31750786E-01  2.37669751E-01  2.27250919E-01  2.29073048E-01  2.34969392E-01
  2.47107178E-01  2.62764394E-01  2.64123440E-01  2.43641526E-01  2.50673681E-01
  2.63394862E-01  2.87340045E-01  2.98335075E-01  3.05251271E-01  3.08945864E-01
  3.17818344E-01  3.35221171E-01  3.53199691E-01  3.58973265E-01  3.08706045E-01
  3.26867551E-01  3.57227892E-01  3.98344874E-01  4.33533758E-01  5.03519177E-01
  5.11468530E-01  5.28420866E-01  5.60769022E-01  5.93014121E-01  6.02400064E-01
  4.65051860E-01  5.18169045E-01  6.01547241E-01  7.13860214E-01  8.30662489E-01
  9.26068306E-01  9.86756504E-01  1.03334963E+00  1.04582882E+00  1.05450642E+00
  1.06333447E+00  1.06523371E+00  1.07428908E+00  1.15448534E+00  1.27992213E+00
  1.38571024E+00  1.47553444E+00  1.55238700E+00  1.61860633E+00  1.67523718E+00
  1.72429192E+00  1.76672530E+00  1.80303741E+00  1.83413279E+00  1.86054456E+00
  1.88266850E+00  1.90080035E+00  1.91562343E+00  1.93844497E+00
     2  'FLUX 69     '       2      64
  5.17452471E-02  5.23523726E-02  5.41957654E-02  5.86806126E-02  6.41299784E-02
  6.44791499E-02  6.73255473E-02  5.83649352E-02  5.92847243E-02  6.18177317E-02
  6.70624748E-02  7.38325119E-02  7.47079104E-02  6.94022700E-02  7.13587403E-02
  7.59073794E-02  8.44547227E-02  8.76380652E-02  8.07419494E-02  8.23324397E-02
  8.61367360E-02  9.38690081E-02  1.02208436E-01  1.04656696E-01  9.01719704E-02
  9.51571763E-02  1.04847163E-01  1.19834654E-01  1.31895691E-01  1.45492405E-01
  1.49223968E-01  1.57379791E-01  1.73430875E-01  1.89916804E-01  1.94247723E-01
  1.42598331E-01  1.61205798E-01  1.93477213E-01  2.40873098E-01  2.91213512E-01
  3.31734300E-01  3.55597079E-01  3.74273419E-01  3.79148871E-01  3.82473946E-01
  3.85788858E-01  3.86461735E-01  3.90015990E-01  4.25632775E-01  4.78735566E-01
  5.21713138E-01  5.57314992E-01  5.87271392E-01  6.12773478E-01  6.34423018E-01
  6.53069139E-01  6.69129908E-01  6.82843566E-01  6.94571018E-01  7.04527199E-01
  7.12873638E-01  7.19748616E-01  7.25439668E-01  7.33606517E-01
     2  'FUNSUR  1   '       2       4
  4.88558561E-02  5.05798012E-02  4.88558561E-02  5.05798012E-02
     2  'FUNSUR  2   '       2       4
  1.86781436E-01  1.91201389E-01  1.86781436E-01  1.91201389E-01
     2  'FUNSUR  3   '       2       4
  3.72590601E-01  3.77679974E-01  3.72590601E-01  3.77679974E-01
     2  'FUNSUR  4   '       2       4
  3.45848113E-01  3.47928882E-01  3.45848113E-01  3.47928882E-01
     2  'FUNSUR  5   '       2       4
  2.60630965E-01  2.58835077E-01  2.60630995E-01  2.58835077E-01
     2  'FUNSUR  6   '       2       4
  3.40133905E-01  3.37029099E-01  3.40133905E-01  3.37029099E-01
     2  'FUNSUR  7   '       2       4
  2.97012448E-01  2.94618428E-01  2.97012448E-01  2.94618458E-01
     2  'FUNSUR  8   '       2       4
  4.19878781E-01  4.16478634E-01  4.19878811E-01  4.16478723E-01
     2  'FUNSUR  9   '       2       4
  4.63203371E-01  4.59361911E-01  4.63203341E-01  4.59362000E-01
     2  'FUNSUR 10   '       2       4
  5.10209858E-01  5.06229699E-01  5.10209799E-01  5.06229758E-01
     2  'FUNSUR 11   '       2       4
  5.51800311E-01  5.47826231E-01  5.51800251E-01  5.47826290E-01
     2  'FUNSUR 12   '       2       4
  5.89244366E-01  5.85594237E-01  5.89244306E-01  5.85594356E-01
     2  'FUNSUR 13   '       2       4
  6.15085185E-01  6.11806870E-01  6.15085125E-01  6.11806989E-01
     2  'FUNSUR 14   '       2       4
  6.35349274E-01  6.32544458E-01  6.35349214E-01  6.32544518E-01
     2  'FUNSUR 15   '       2       4
  6.50138021E-01  6.47746503E-01  6.50138021E-01  6.47746563E-01
     2  'FUNSUR 16   '       2       4
  5.99563956E-01  5.97729325E-01  5.99563897E-01  5.97729385E-01
     2  'FUNSUR 17   '       2       4
  6.07862830E-01  6.06327593E-01  6.07862771E-01  6.06327653E-01
     2  'FUNSUR 18   '       2       4
  6.15947008E-01  6.14663124E-01  6.15946949E-01  6.14663184E-01
     2  'FUNSUR 19   '       2       4
  6.21839583E-01  6.20778978E-01  6.21839523E-01  6.20779097E-01
     2  'FUNSUR 20   '       2       4
  1.25597441E+00  1.25447690E+00  1.25597417E+00  1.25447702E+00
     2  'FUNSUR 21   '       2       4
  1.26218736E+00  1.26132262E+00  1.26218724E+00  1.26132286E+00
     2  'FUNSUR 22   '       2       4
  9.46584702E-01  9.46235240E-01  9.46584582E-01  9.46235359E-01
     2  'FUNSUR 23   '       2       4
  6.29946291E-01  6.29825115E-01  6.29946172E-01  6.29825234E-01
     2  'FUNSUR 24   '       2       4
  7.64412105E-01  7.64393091E-01  7.64412045E-01  7.64393210E-01
     2  'FUNSUR 25   '       2       4
  7.59253740E-01  7.59362042E-01  7.59253621E-01  7.59362102E-01
     2  'FUNSUR 26   '       2       4
  6.59890234E-01  6.60048604E-01  6.59890175E-01  6.60048723E-01
     2  'FUNSUR 27   '       2       4
  1.22365415E+00  1.22416842E+00  1.22365403E+00  1.22416854E+00
     2  'FUNSUR 28   '       2       4
  2.69995630E-01  2.70130455E-01  2.69995600E-01  2.70130485E-01
     2  'FUNSUR 29   '       2       4
  3.32468987E-01  3.32638800E-01  3.32468957E-01  3.32638860E-01
     2  'FUNSUR 30   '       2       4
  3.02528262E-01  3.02683920E-01  3.02528232E-01  3.02683949E-01
     2  'FUNSUR 31   '       2       4
  4.86697674E-01  4.86944675E-01  4.86697614E-01  4.86944765E-01
     2  'FUNSUR 32   '       2       4
  2.10907608E-01  2.11013541E-01  2.10907578E-01  2.11013585E-01
     2  'FUNSUR 33   '       2       4
  1.83195665E-01  1.83287010E-01  1.83195665E-01  1.83287024E-01
     2  'FUNSUR 34   '       2       4
  3.58121209E-02  3.58299725E-02  3.58121209E-02  3.58299762E-02
     2  'FUNSUR 35   '       2       4
  3.54565196E-02  3.54741961E-02  3.54565158E-02  3.54741998E-02
     2  'FUNSUR 36   '       2       4
  3.64224464E-02  3.64405811E-02  3.64224426E-02  3.64405848E-02
     2  'FUNSUR 37   '       2       4
  3.74093130E-02  3.74278687E-02  3.74093130E-02  3.74278761E-02
     2  'FUNSUR 38   '       2       4
  3.69087234E-02  3.69269140E-02  3.69087197E-02  3.69269215E-02
     2  'FUNSUR 39   '       2       4
  3.63793485E-02  3.63971815E-02  3.63793448E-02  3.63971852E-02
     2  'FUNSUR 40   '       2       4
  3.73716094E-02  3.73898856E-02  3.73716056E-02  3.73898931E-02
     2  'FUNSUR 41   '       2       4
  3.51805352E-02  3.51976678E-02  3.51805314E-02  3.51976715E-02
     2  'FUNSUR 42   '       2       4
  6.65727705E-02  6.66051954E-02  6.65727705E-02  6.66052029E-02
     2  'FUNSUR 43   '       2       4
  1.06803089E-01  1.06854953E-01  1.06803074E-01  1.06854975E-01
     2  'FUNSUR 44   '       2       4
  1.35938734E-01  1.36003643E-01  1.35938719E-01  1.36003658E-01
     2  'FUNSUR 45   '       2       4
  3.59972566E-01  3.60139459E-01  3.59972537E-01  3.60139519E-01
     2  'FUNSUR 46   '       2       4
  3.76482636E-01  3.76645535E-01  3.76482606E-01  3.76645595E-01
     2  'FUNSUR 47   '       2       4
  3.96618813E-01  3.96767825E-01  3.96618754E-01  3.96767884E-01
     2  'FUNSUR 48   '       2       4
  2.56975830E-01  2.57051915E-01  2.56975830E-01  2.57051975E-01
     2  'FUNSUR 49   '       2       4
  1.86921135E-01  1.86962977E-01  1.86921105E-01  1.86963007E-01
     2  'FUNSUR 50   '       2       4
  1.45430163E-01  1.45454973E-01  1.45430163E-01  1.45455003E-01
     2  'FUNSUR 51   '       2       4
  1.69817522E-01  1.69839829E-01  1.69817507E-01  1.69839859E-01
     2  'FUNSUR 52   '       2       4
  3.27840030E-01  3.27875376E-01  3.27840000E-01  3.27875406E-01
     2  'FUNSUR 53   '       2       4
  4.87811089E-01  4.87881452E-01  4.87811089E-01  4.87881482E-01
     2  'FUNSUR 54   '       2       4
  1.20954144E+00  1.20989668E+00  1.20954144E+00  1.20989680E+00
     2  'FUNSUR 55   '       2       4
  2.78816152E+00  2.78961420E+00  2.78816128E+00  2.78961468E+00
     2  'FUNSUR 56   '       2       4
  6.75768185E+00  6.76253176E+00  6.75768185E+00  6.76253271E+00
     2  'FUNSUR 57   '       2       4
  6.29079056E+00  6.29588223E+00  6.29079008E+00  6.29588270E+00
     2  'FUNSUR 58   '       2       4
  5.68614101E+00  5.69093513E+00  5.68614101E+00  5.69093513E+00
     2  'FUNSUR 59   '       2       4
  4.78497267E+00  4.78903961E+00  4.78497267E+00  4.78904009E+00
     2  'FUNSUR 60   '       2       4
  4.84134865E+00  4.84543800E+00  4.84134865E+00  4.84543848E+00
     2  'FUNSUR 61   '       2       4
  5.36462164E+00  5.36908436E+00  5.36462164E+00  5.36908531E+00
     2  'FUNSUR 62   '       2       4
  5.03832150E+00  5.04239321E+00  5.03832150E+00  5.04239368E+00
     2  'FUNSUR 63   '       2       4
  3.70037127E+00  3.70323849E+00  3.70037150E+00  3.70323873E+00
     2  'FUNSUR 64   '       2       4
  3.68549180E+00  3.68820930E+00  3.68549156E+00  3.68820953E+00
     2  'FUNSUR 65   '       2       4
  3.55505061E+00  3.55750942E+00  3.55505061E+00  3.55750942E+00
     2  'FUNSUR 66   '       2       4
  3.26334500E+00  3.26541901E+00  3.26334500E+00  3.26541924E+00
     2  'FUNSUR 67   '       2       4
  2.74365950E+00  2.74521732E+00  2.74365973E+00  2.74521828E+00
     2  'FUNSUR 68   '       2       4
  1.92751873E+00  1.92845070E+00  1.92751884E+00  1.92845130E+00
     2  'FUNSUR 69   '       2       4
  7.30396628E-01  7.30648696E-01  7.30396628E-01  7.30648756E-01
     2  '1/EIGENVALUE'       2       1
  1.12219191E+00
     1  'K-EFFECTIVE '       2       1
  1.12219191E+00
     1  'K-INFINITY  '       2       1
  1.12219191E+00
     1  'EPS-CONVERGE'       2       5
  4.99999987E-05  9.99999975E-06  4.99999987E-05  1.00000000E+01  1.00000000E+02
     1  'STATE-VECTOR'       1      40
       -99         0         3         3         1       138       127         0
        69        64         0         1         0         0         0         0
         0         0         0         0         0         0         0         0
         0         0         0         0         0         0         0         0
         0         0         0         0         0         0         0         0
