     1  'SIGNATURE   '       3      12
L_FLUX      
     1  'FLUXDIRECT  '       0      -1
     2  'FLUX  1     '       2      64
  3.68124396E-01  3.67004544E-01  3.66270691E-01  3.57193768E-01  3.47773135E-01
  3.47312808E-01  3.43295574E-01  3.62173468E-01  3.64256084E-01  3.62513721E-01
  3.54144216E-01  3.40695649E-01  3.38924199E-01  3.36951792E-01  3.37568521E-01
  3.42332631E-01  3.21511149E-01  3.27788830E-01  3.62651914E-01  3.59779835E-01
  3.53781104E-01  3.39615256E-01  3.23214948E-01  3.18400383E-01  3.26567024E-01
  3.21943730E-01  3.06871444E-01  2.96233833E-01  2.99688637E-01  3.23406279E-01
  3.20262432E-01  3.12246680E-01  2.94996649E-01  2.76653290E-01  2.69890815E-01
  2.96685517E-01  2.83753961E-01  2.65102059E-01  2.36000642E-01  2.08747894E-01
  1.84633791E-01  1.67700514E-01  1.55805632E-01  1.50613606E-01  1.45913020E-01
  1.39805645E-01  1.36613786E-01  1.31032065E-01  1.18896544E-01  1.02959648E-01
  9.06705409E-02  8.08048248E-02  7.27238134E-02  6.59087896E-02  6.05310537E-02
  5.60159162E-02  5.22074774E-02  4.91795056E-02  4.67325374E-02  4.47867848E-02
  4.32936884E-02  4.23265062E-02  4.17830572E-02  3.92633304E-02
     2  'FLUX  2     '       2      64
  1.60837853E+00  1.60441208E+00  1.60016847E+00  1.56162620E+00  1.52060616E+00
  1.51846457E+00  1.50063372E+00  1.58292758E+00  1.59003854E+00  1.58160186E+00
  1.54547107E+00  1.48863447E+00  1.48069596E+00  1.47464228E+00  1.47605669E+00
  1.49195385E+00  1.40582657E+00  1.42927706E+00  1.57253349E+00  1.56066632E+00
  1.53552127E+00  1.47669804E+00  1.40879858E+00  1.38864446E+00  1.42454255E+00
  1.40659153E+00  1.34529674E+00  1.29626691E+00  1.30311978E+00  1.39601195E+00
  1.38237929E+00  1.34823704E+00  1.27529144E+00  1.19803190E+00  1.16955125E+00
  1.28795147E+00  1.23364484E+00  1.15076756E+00  1.02158988E+00  9.01003361E-01
  7.97201812E-01  7.23820448E-01  6.71264052E-01  6.49432421E-01  6.29905701E-01
  6.04620636E-01  5.92028081E-01  5.69275498E-01  5.14438152E-01  4.41925943E-01
  3.85870695E-01  3.40874106E-01  3.04055065E-01  2.73101568E-01  2.48498172E-01
  2.27852300E-01  2.10457802E-01  1.96521610E-01  1.85202450E-01  1.76143676E-01
  1.69127569E-01  1.64409012E-01  1.61582604E-01  1.49857834E-01
     2  'FLUX  3     '       2      64
  3.40874934E+00  3.39873791E+00  3.38613462E+00  3.30890489E+00  3.22575879E+00
  3.22136831E+00  3.18208003E+00  3.34537053E+00  3.35646963E+00  3.33781886E+00
  3.26461101E+00  3.15330458E+00  3.13716269E+00  3.13038945E+00  3.13005638E+00
  3.15365028E+00  2.98111081E+00  3.01869726E+00  3.29118443E+00  3.26775098E+00
  3.21763420E+00  3.10196137E+00  2.97094035E+00  2.93076587E+00  3.00801277E+00
  2.97147942E+00  2.84942389E+00  2.74195504E+00  2.74116302E+00  2.90293074E+00
  2.87589860E+00  2.80845094E+00  2.66557789E+00  2.51638699E+00  2.46084070E+00
  2.70349789E+00  2.59218240E+00  2.42178965E+00  2.15845394E+00  1.91320002E+00
  1.70645559E+00  1.55573571E+00  1.44245410E+00  1.39646983E+00  1.35624206E+00
  1.30586708E+00  1.28220558E+00  1.23837900E+00  1.11619449E+00  9.55194354E-01
  8.30681741E-01  7.30659306E-01  6.48785174E-01  5.80058396E-01  5.25090277E-01
  4.78951395E-01  4.40086186E-01  4.08749044E-01  3.83184880E-01  3.62611681E-01
  3.46541971E-01  3.35410088E-01  3.28385621E-01  3.01981032E-01
     2  'FLUX  4     '       2      64
  3.67921472E+00  3.67550206E+00  3.66009855E+00  3.58340812E+00  3.49846077E+00
  3.49381876E+00  3.44688153E+00  3.61799073E+00  3.62637663E+00  3.60647392E+00
  3.53147984E+00  3.42162347E+00  3.40382075E+00  3.39407206E+00  3.39009833E+00
  3.40685868E+00  3.22928357E+00  3.26354909E+00  3.54126096E+00  3.51797962E+00
  3.46687889E+00  3.35009098E+00  3.22053814E+00  3.17903423E+00  3.25507426E+00
  3.22123766E+00  3.09734297E+00  2.97769618E+00  2.96318603E+00  3.12379909E+00
  3.09532142E+00  3.02492976E+00  2.87687087E+00  2.72437906E+00  2.66652966E+00
  2.92129946E+00  2.80910635E+00  2.62266707E+00  2.33583164E+00  2.07542014E+00
  1.86857986E+00  1.70313108E+00  1.56788826E+00  1.51548994E+00  1.47226191E+00
  1.41971433E+00  1.39683342E+00  1.35308266E+00  1.20207965E+00  1.01342916E+00
  8.70478630E-01  7.56901503E-01  6.64723516E-01  5.88022709E-01  5.26742637E-01
  4.75570112E-01  4.32679653E-01  3.98056805E-01  3.69808733E-01  3.47041279E-01
  3.29186171E-01  3.16561013E-01  3.08328509E-01  2.79894918E-01
     2  'FLUX  5     '       2      64
  3.57557774E+00  3.57441282E+00  3.55517721E+00  3.48614788E+00  3.40809298E+00
  3.40337420E+00  3.35641479E+00  3.50767612E+00  3.50674152E+00  3.48273373E+00
  3.41343880E+00  3.31904244E+00  3.30253100E+00  3.31329322E+00  3.30140901E+00
  3.29095769E+00  3.14273691E+00  3.15168428E+00  3.35397768E+00  3.33390951E+00
  3.28942108E+00  3.19264150E+00  3.08835006E+00  3.05330682E+00  3.14046383E+00
  3.10865808E+00  3.00278854E+00  2.87482262E+00  2.82304692E+00  2.89390540E+00
  2.86802793E+00  2.80748272E+00  2.68389010E+00  2.55931926E+00  2.51235318E+00
  2.76874113E+00  2.66147971E+00  2.47741485E+00  2.20316672E+00  1.95819438E+00
  1.77596569E+00  1.62199998E+00  1.49233150E+00  1.44706059E+00  1.41164267E+00
  1.37065208E+00  1.35500801E+00  1.32028794E+00  1.16374016E+00  9.68335032E-01
  8.20447683E-01  7.03500271E-01  6.09173715E-01  5.31533837E-01  4.69298989E-01
  4.17713284E-01  3.74828130E-01  3.40070546E-01  3.11683029E-01  2.88713932E-01
  2.70517468E-01  2.57041931E-01  2.47497663E-01  2.21497566E-01
     2  'FLUX  6     '       2      64
  4.06555462E+00  4.05886698E+00  4.03376722E+00  3.96623254E+00  3.88898730E+00
  3.88337636E+00  3.83909321E+00  3.95306492E+00  3.94770718E+00  3.92148972E+00
  3.85451436E+00  3.76765442E+00  3.75353265E+00  3.79747510E+00  3.77329540E+00
  3.74638796E+00  3.60155964E+00  3.58312583E+00  3.69373274E+00  3.67499542E+00
  3.63430858E+00  3.54846978E+00  3.45953083E+00  3.42704654E+00  3.55685878E+00
  3.50656629E+00  3.38968015E+00  3.24859548E+00  3.16820335E+00  3.11903572E+00
  3.09727693E+00  3.04683661E+00  2.94661236E+00  2.84799981E+00  2.80909514E+00
  3.09160757E+00  2.96363139E+00  2.77316356E+00  2.51409745E+00  2.28209662E+00
  2.09663439E+00  1.91263640E+00  1.76045704E+00  1.71483564E+00  1.68096948E+00
  1.64370024E+00  1.63190460E+00  1.59562469E+00  1.42220891E+00  1.20767331E+00
  1.03904092E+00  9.02010918E-01  7.89077818E-01  6.94584370E-01  6.17460907E-01
  5.52757144E-01  4.98415917E-01  4.53836173E-01  4.17070150E-01  3.87034863E-01
  3.62979263E-01  3.44784260E-01  3.31440955E-01  2.97910333E-01
     2  'FLUX  7     '       2      64
  2.99814725E+00  2.99546170E+00  2.98426080E+00  2.95419908E+00  2.92152929E+00
  2.91881919E+00  2.90185118E+00  2.91963530E+00  2.91653442E+00  2.90303826E+00
  2.87219787E+00  2.83295417E+00  2.82922316E+00  2.88236356E+00  2.86135721E+00
  2.83348560E+00  2.76042962E+00  2.73483706E+00  2.71229148E+00  2.70344734E+00
  2.68383098E+00  2.64482784E+00  2.60618091E+00  2.59106517E+00  2.70838833E+00
  2.66367197E+00  2.58575535E+00  2.49314094E+00  2.42296863E+00  2.28958392E+00
  2.27728128E+00  2.25104618E+00  2.20113397E+00  2.15260625E+00  2.13387656E+00
  2.36159658E+00  2.26279092E+00  2.12047291E+00  1.94269395E+00  1.77929211E+00
  1.64719784E+00  1.52337396E+00  1.42625380E+00  1.40022075E+00  1.38170171E+00
  1.36216223E+00  1.35731137E+00  1.33574975E+00  1.21795166E+00  1.05533874E+00
  9.19895887E-01  8.06297600E-01  7.10604489E-01  6.29437625E-01  5.61967194E-01
  5.04848599E-01  4.56566453E-01  4.16512102E-01  3.83212656E-01  3.55779886E-01
  3.33560616E-01  3.16250265E-01  3.02885503E-01  2.74732172E-01
     2  'FLUX  8     '       2      64
  3.33185148E+00  3.32840610E+00  3.31796265E+00  3.29079413E+00  3.26163960E+00
  3.25912619E+00  3.24865413E+00  3.23349810E+00  3.23044491E+00  3.21789289E+00
  3.19073677E+00  3.15572882E+00  3.15504217E+00  3.23047614E+00  3.20321059E+00
  3.16860247E+00  3.09880972E+00  3.06157947E+00  2.97376060E+00  2.96620417E+00
  2.94984961E+00  2.91826534E+00  2.88795948E+00  2.87541509E+00  3.02474213E+00
  2.96600199E+00  2.87867689E+00  2.78212762E+00  2.70000172E+00  2.49118257E+00
  2.48146009E+00  2.46151280E+00  2.42479777E+00  2.38961029E+00  2.37599874E+00
  2.62821770E+00  2.51478028E+00  2.36505008E+00  2.19440889E+00  2.03613710E+00
  1.90127790E+00  1.77332675E+00  1.67676067E+00  1.65241122E+00  1.63549483E+00
  1.61804390E+00  1.61454105E+00  1.59419918E+00  1.48539376E+00  1.32225096E+00
  1.17711020E+00  1.05005717E+00  9.39433157E-01  8.43044221E-01  7.61007428E-01
  6.90198064E-01  6.29320264E-01  5.78035057E-01  5.34823418E-01  4.98793125E-01
  4.69281882E-01  4.46043968E-01  4.27961677E-01  3.89930427E-01
     2  'FLUX  9     '       2      64
  2.63144255E+00  2.62965894E+00  2.62638521E+00  2.61650133E+00  2.60708427E+00
  2.60620022E+00  2.60881472E+00  2.55791545E+00  2.55775428E+00  2.55308509E+00
  2.54312778E+00  2.52909923E+00  2.53262591E+00  2.60011721E+00  2.57815814E+00
  2.55244327E+00  2.51414132E+00  2.48299503E+00  2.36205482E+00  2.35905981E+00
  2.35246396E+00  2.34051037E+00  2.33039737E+00  2.32525134E+00  2.45119762E+00
  2.40124130E+00  2.33583784E+00  2.27172828E+00  2.21057773E+00  2.01007438E+00
  2.00528765E+00  1.99639487E+00  1.98124480E+00  1.96688390E+00  1.96135783E+00
  2.15733576E+00  2.06973386E+00  1.95829642E+00  1.84281409E+00  1.73420370E+00
  1.63554132E+00  1.54195094E+00  1.47479773E+00  1.45899475E+00  1.44823742E+00
  1.43759465E+00  1.43616426E+00  1.42311525E+00  1.35654044E+00  1.24243581E+00
  1.13183618E+00  1.02989829E+00  9.37655389E-01  8.54749382E-01  7.82333672E-01
  7.18459427E-01  6.62493050E-01  6.14574850E-01  5.73628485E-01  5.39065003E-01
  5.10449708E-01  4.87736821E-01  4.69965518E-01  4.31558818E-01
     2  'FLUX 10     '       2      64
  2.15280986E+00  2.15150762E+00  2.15141177E+00  2.14968491E+00  2.14932823E+00
  2.14925265E+00  2.15660167E+00  2.09760070E+00  2.09861970E+00  2.09773922E+00
  2.09596348E+00  2.09212899E+00  2.09688735E+00  2.15271473E+00  2.13577795E+00
  2.11679649E+00  2.09573865E+00  2.07072043E+00  1.95135260E+00  1.95060813E+00
  1.94873905E+00  1.94606948E+00  1.94522870E+00  1.94367397E+00  2.04486704E+00
  2.00448775E+00  1.95575738E+00  1.91222167E+00  1.86688542E+00  1.69472885E+00
  1.69252098E+00  1.68910885E+00  1.68430233E+00  1.67986965E+00  1.67826104E+00
  1.82762969E+00  1.76111615E+00  1.67856956E+00  1.59906566E+00  1.52339959E+00
  1.45136690E+00  1.38409400E+00  1.33814991E+00  1.32805097E+00  1.32150984E+00
  1.31524265E+00  1.31509972E+00  1.30694747E+00  1.26644909E+00  1.18558848E+00
  1.10072112E+00  1.01873684E+00  9.41912472E-01  8.70915413E-01  8.07396948E-01
  7.50265181E-01  6.99348569E-01  6.55094326E-01  6.16788805E-01  5.84085047E-01
  5.56731403E-01  5.34815133E-01  5.17499745E-01  4.79802251E-01
     2  'FLUX 11     '       2      64
  1.79144883E+00  1.79041147E+00  1.79135454E+00  1.79262388E+00  1.79532754E+00
  1.79555559E+00  1.80332065E+00  1.75069165E+00  1.75196731E+00  1.75254571E+00
  1.75383639E+00  1.75406289E+00  1.75849032E+00  1.80164468E+00  1.78909171E+00
  1.77540505E+00  1.76338923E+00  1.74436951E+00  1.64385998E+00  1.64401758E+00
  1.64405811E+00  1.64493930E+00  1.64736927E+00  1.64727533E+00  1.72456360E+00
  1.69359624E+00  1.65785813E+00  1.62800074E+00  1.59520280E+00  1.45957935E+00
  1.45862162E+00  1.45763612E+00  1.45712376E+00  1.45676768E+00  1.45676148E+00
  1.56699443E+00  1.51800942E+00  1.45803976E+00  1.40327668E+00  1.35091937E+00
  1.29928303E+00  1.25155783E+00  1.22040915E+00  1.21403110E+00  1.21013570E+00
  1.20662320E+00  1.20708477E+00  1.20212257E+00  1.17827678E+00  1.12203813E+00
  1.05840659E+00  9.94180262E-01  9.32001948E-01  8.73023450E-01  8.19062471E-01
  7.69629955E-01  7.24864960E-01  6.85407758E-01  6.50840640E-01  6.21013880E-01
  5.95829129E-01  5.75478673E-01  5.59257448E-01  5.23586869E-01
     2  'FLUX 12     '       2      64
  1.50921714E+00  1.50826085E+00  1.50979543E+00  1.51298225E+00  1.51760125E+00
  1.51800323E+00  1.52542305E+00  1.48048234E+00  1.48183465E+00  1.48331821E+00
  1.48654568E+00  1.48946857E+00  1.49337876E+00  1.52524197E+00  1.51645541E+00
  1.50719392E+00  1.50185347E+00  1.48779917E+00  1.40656292E+00  1.40728092E+00
  1.40853059E+00  1.41164291E+00  1.41603088E+00  1.41685522E+00  1.47313893E+00
  1.45039737E+00  1.42577481E+00  1.40675819E+00  1.38403201E+00  1.28094125E+00
  1.28081274E+00  1.28137708E+00  1.28351843E+00  1.28569555E+00  1.28664839E+00
  1.36437953E+00  1.32975161E+00  1.28850007E+00  1.25300336E+00  1.21825123E+00
  1.18238163E+00  1.15022492E+00  1.13029385E+00  1.12662601E+00  1.12454891E+00
  1.12290120E+00  1.12364888E+00  1.12103987E+00  1.10797894E+00  1.06915200E+00
  1.02171278E+00  9.71735418E-01  9.21816528E-01  8.73292506E-01  8.27931464E-01
  7.85656810E-01  7.46802151E-01  7.12090731E-01  6.81332171E-01  6.54521644E-01
  6.31673455E-01  6.13031924E-01  5.98001778E-01  5.65072536E-01
     2  'FLUX 13     '       2      64
  1.27805436E+00  1.27735901E+00  1.27897191E+00  1.28282595E+00  1.28788984E+00
  1.28836536E+00  1.29454577E+00  1.25913262E+00  1.26036155E+00  1.26217532E+00
  1.26604462E+00  1.27012682E+00  1.27328050E+00  1.29513383E+00  1.28937924E+00
  1.28356493E+00  1.28221679E+00  1.27252543E+00  1.21142209E+00  1.21234810E+00
  1.21407509E+00  1.21796679E+00  1.22290123E+00  1.22412384E+00  1.26242936E+00
  1.24678552E+00  1.23087943E+00  1.21975303E+00  1.20508301E+00  1.13155568E+00
  1.13189018E+00  1.13319898E+00  1.13648009E+00  1.13977098E+00  1.14112306E+00
  1.19234502E+00  1.16941512E+00  1.14282298E+00  1.12161613E+00  1.10055387E+00
  1.07714725E+00  1.05540490E+00  1.04231334E+00  1.04026699E+00  1.03932738E+00
  1.03887033E+00  1.03976893E+00  1.03850842E+00  1.03162682E+00  1.00572407E+00
  9.71552074E-01  9.33998883E-01  8.95325422E-01  8.56822908E-01  8.20075095E-01
  7.85252988E-01  7.52784550E-01  7.23403931E-01  6.97082639E-01  6.73917413E-01
  6.54002309E-01  6.37612760E-01  6.24269128E-01  5.94996095E-01
     2  'FLUX 14     '       2      64
  1.09917712E+00  1.09834313E+00  1.09990585E+00  1.10350180E+00  1.10817742E+00
  1.10855997E+00  1.11381924E+00  1.08704889E+00  1.08808911E+00  1.08977938E+00
  1.09348142E+00  1.09740758E+00  1.09984756E+00  1.11480939E+00  1.11129689E+00
  1.10790670E+00  1.10905433E+00  1.10250771E+00  1.05758739E+00  1.05851126E+00
  1.06027806E+00  1.06412709E+00  1.06861341E+00  1.06986570E+00  1.09559095E+00
  1.08509421E+00  1.07540119E+00  1.06959462E+00  1.06043220E+00  1.00843990E+00
  1.00891721E+00  1.01040733E+00  1.01380885E+00  1.01710176E+00  1.01847470E+00
  1.05228817E+00  1.03730404E+00  1.02065361E+00  1.00850880E+00  9.95071828E-01
  9.79406953E-01  9.68279421E-01  9.63364661E-01  9.62901235E-01  9.62925017E-01
  9.63224351E-01  9.64052081E-01  9.64144945E-01  9.64216590E-01  9.48845744E-01
  9.25269008E-01  8.97800148E-01  8.68454814E-01  8.38455200E-01  8.09181571E-01
  7.80964196E-01  7.54273057E-01  7.29807258E-01  7.07650721E-01  6.87964320E-01
  6.70893013E-01  6.56716883E-01  6.45057201E-01  6.19594991E-01
     2  'FLUX 15     '       2      64
  9.75580633E-01  9.74914014E-01  9.76279736E-01  9.79689717E-01  9.83910859E-01
  9.84343350E-01  9.88580585E-01  9.68012512E-01  9.68898416E-01  9.70559716E-01
  9.74075735E-01  9.77970004E-01  9.79896188E-01  9.89662230E-01  9.87632275E-01
  9.85864997E-01  9.88050580E-01  9.83850598E-01  9.50980484E-01  9.51883316E-01
  9.53617632E-01  9.57274437E-01  9.61434066E-01  9.62742567E-01  9.79370892E-01
  9.72522914E-01  9.66842055E-01  9.64391887E-01  9.59163427E-01  9.23120379E-01
  9.23747957E-01  9.25361097E-01  9.28805470E-01  9.32160795E-01  9.33582783E-01
  9.54418421E-01  9.45134461E-01  9.35410678E-01  9.29633558E-01  9.22717035E-01
  9.12891388E-01  9.05730724E-01  9.03294623E-01  9.03460860E-01  9.03876603E-01
  9.04528379E-01  9.05263186E-01  9.05658722E-01  9.08070505E-01  8.99200380E-01
  8.83127511E-01  8.63262713E-01  8.41262043E-01  8.18187296E-01  7.95188963E-01
  7.72657573E-01  7.51052499E-01  7.31007993E-01  7.12670445E-01  6.96231961E-01
  6.81862593E-01  6.69834137E-01  6.59855604E-01  6.38094008E-01
     2  'FLUX 16     '       2      64
  8.04224968E-01  8.03709745E-01  8.04807305E-01  8.07641566E-01  8.11114073E-01
  8.11451435E-01  8.14471543E-01  8.00334454E-01  8.01004827E-01  8.02379310E-01
  8.05302799E-01  8.08651030E-01  8.09999108E-01  8.15480113E-01  8.14558983E-01
  8.13913465E-01  8.16510558E-01  8.14104497E-01  7.92582214E-01  7.93340683E-01
  7.94822335E-01  7.97912061E-01  8.01360130E-01  8.02464068E-01  8.11556160E-01
  8.07739496E-01  8.05240571E-01  8.05043578E-01  8.02636862E-01  7.80486584E-01
  7.81085372E-01  7.82540798E-01  7.85555303E-01  7.88510263E-01  7.89717078E-01
  8.00334036E-01  7.95554876E-01  7.91153967E-01  7.89735913E-01  7.87140667E-01
  7.82239318E-01  7.79326320E-01  7.79079139E-01  7.79552698E-01  7.80091643E-01
  7.80854106E-01  7.81477332E-01  7.82201469E-01  7.85245419E-01  7.80698121E-01
  7.70633101E-01  7.57442772E-01  7.42330849E-01  7.26103842E-01  7.09616899E-01
  6.93227112E-01  6.77318215E-01  6.62398279E-01  6.48624897E-01  6.36179924E-01
  6.25223339E-01  6.15986288E-01  6.08265817E-01  5.91455936E-01
     2  'FLUX 17     '       2      64
  7.21057355E-01  7.20189273E-01  7.21283495E-01  7.23951995E-01  7.27054656E-01
  7.27443635E-01  7.30813622E-01  7.19316542E-01  7.19949424E-01  7.21280754E-01
  7.24115610E-01  7.27131426E-01  7.28342354E-01  7.32127726E-01  7.32073903E-01
  7.32365429E-01  7.36276031E-01  7.34918118E-01  7.18169749E-01  7.18951404E-01
  7.20474243E-01  7.23558366E-01  7.26629615E-01  7.27885902E-01  7.33300626E-01
  7.31112778E-01  7.30969965E-01  7.32983530E-01  7.32510746E-01  7.16864705E-01
  7.17515171E-01  7.19032586E-01  7.22047985E-01  7.24773347E-01  7.26091623E-01
  7.31700182E-01  7.29427457E-01  7.28514671E-01  7.30294228E-01  7.29608297E-01
  7.25398421E-01  7.26285040E-01  7.30659187E-01  7.32103169E-01  7.33116984E-01
  7.34132111E-01  7.34389126E-01  7.35508978E-01  7.44487047E-01  7.45949030E-01
  7.41206169E-01  7.33012736E-01  7.22604811E-01  7.10794151E-01  6.98335111E-01
  6.85637414E-01  6.73078120E-01  6.61116123E-01  6.49938703E-01  6.39736354E-01
  6.30674839E-01  6.22969210E-01  6.16469860E-01  6.02358699E-01
     2  'FLUX 18     '       2      64
  6.93742812E-01  6.93508565E-01  6.94461167E-01  6.97258234E-01  7.00647056E-01
  7.00874805E-01  7.02676892E-01  6.93931878E-01  6.94435894E-01  6.95740223E-01
  6.98569179E-01  7.02154577E-01  7.02974081E-01  7.03766465E-01  7.03970432E-01
  7.04586327E-01  7.08121181E-01  7.07497180E-01  6.96434855E-01  6.97161615E-01
  6.98635042E-01  7.01683283E-01  7.05116749E-01  7.06116498E-01  7.06998646E-01
  7.06397712E-01  7.07413673E-01  7.09945261E-01  7.10642457E-01  7.02389598E-01
  7.03080833E-01  7.04650640E-01  7.07805574E-01  7.11029112E-01  7.12137699E-01
  7.11067379E-01  7.11317539E-01  7.12924778E-01  7.16891110E-01  7.19863355E-01
  7.21298993E-01  7.22796857E-01  7.24239290E-01  7.24971235E-01  7.25722551E-01
  7.26760149E-01  7.27553904E-01  7.28840053E-01  7.31068730E-01  7.30355740E-01
  7.26150155E-01  7.19558597E-01  7.11287022E-01  7.01872647E-01  6.91868007E-01
  6.81593359E-01  6.71354294E-01  6.61531568E-01  6.52293503E-01  6.43811882E-01
  6.36237860E-01  6.29762411E-01  6.24271691E-01  6.12360060E-01
     2  'FLUX 19     '       2      64
  6.43770099E-01  6.43366039E-01  6.44333899E-01  6.47220194E-01  6.50588393E-01
  6.50798500E-01  6.52838409E-01  6.45182848E-01  6.45661652E-01  6.47002697E-01
  6.49951220E-01  6.53616190E-01  6.54346406E-01  6.54174924E-01  6.54794931E-01
  6.55964613E-01  6.60476327E-01  6.60349727E-01  6.51484013E-01  6.52265370E-01
  6.53862774E-01  6.57118499E-01  6.60580516E-01  6.61683083E-01  6.60382032E-01
  6.60723150E-01  6.63142502E-01  6.67092025E-01  6.68953300E-01  6.64138615E-01
  6.64910913E-01  6.66636765E-01  6.70051038E-01  6.73398077E-01  6.74601793E-01
  6.70294344E-01  6.72110796E-01  6.75891399E-01  6.82106793E-01  6.86583638E-01
  6.88296676E-01  6.91125274E-01  6.94579720E-01  6.95912778E-01  6.96993768E-01
  6.98309064E-01  6.98986590E-01  7.00279593E-01  7.05243647E-01  7.07808256E-01
  7.06602097E-01  7.02945054E-01  6.97546721E-01  6.90927565E-01  6.83559895E-01
  6.75773203E-01  6.67850912E-01  6.60124362E-01  6.52765930E-01  6.45940125E-01
  6.39791012E-01  6.34489417E-01  6.29955351E-01  6.20141208E-01
     2  'FLUX 20     '       2      64
  1.16425061E+00  1.16343570E+00  1.16545522E+00  1.17151058E+00  1.17842877E+00
  1.17890704E+00  1.18293607E+00  1.17067194E+00  1.17158353E+00  1.17436862E+00
  1.18053830E+00  1.18824077E+00  1.18951678E+00  1.18604302E+00  1.18837404E+00
  1.19186997E+00  1.20279324E+00  1.20400620E+00  1.19274879E+00  1.19440937E+00
  1.19783628E+00  1.20477319E+00  1.21194541E+00  1.21440732E+00  1.20559835E+00
  1.20878327E+00  1.21705604E+00  1.22810113E+00  1.23467135E+00  1.23497677E+00
  1.23671114E+00  1.24051416E+00  1.24792492E+00  1.25510812E+00  1.25778210E+00
  1.23976719E+00  1.24763989E+00  1.26078117E+00  1.27872992E+00  1.29264545E+00
  1.30032694E+00  1.31000781E+00  1.31983721E+00  1.32308245E+00  1.32556772E+00
  1.32836640E+00  1.32950485E+00  1.33224630E+00  1.34537375E+00  1.35621667E+00
  1.36022580E+00  1.35969901E+00  1.35583556E+00  1.34952784E+00  1.34147155E+00
  1.33230031E+00  1.32249713E+00  1.31257737E+00  1.30287290E+00  1.29367900E+00
  1.28525031E+00  1.27786338E+00  1.27144110E+00  1.25761569E+00
     2  'FLUX 21     '       2      64
  1.05098724E+00  1.04956543E+00  1.05140078E+00  1.05676055E+00  1.06265867E+00
  1.06317246E+00  1.06723022E+00  1.05918384E+00  1.06000960E+00  1.06258190E+00
  1.06820905E+00  1.07488692E+00  1.07588530E+00  1.07038724E+00  1.07377148E+00
  1.07830667E+00  1.08989298E+00  1.09227300E+00  1.08808255E+00  1.08966076E+00
  1.09291267E+00  1.09933865E+00  1.10546446E+00  1.10790479E+00  1.09490347E+00
  1.09993899E+00  1.11068130E+00  1.12372923E+00  1.13232625E+00  1.14117622E+00
  1.14287853E+00  1.14652276E+00  1.15340436E+00  1.15974271E+00  1.16233635E+00
  1.13889015E+00  1.14943397E+00  1.16644275E+00  1.18735397E+00  1.20241904E+00
  1.20979297E+00  1.22383475E+00  1.23941243E+00  1.24388731E+00  1.24682736E+00
  1.24972713E+00  1.25019693E+00  1.25295746E+00  1.27325094E+00  1.29154396E+00
  1.30250561E+00  1.30887318E+00  1.31184900E+00  1.31228375E+00  1.31068552E+00
  1.30769432E+00  1.30372846E+00  1.29916739E+00  1.29433334E+00  1.28948653E+00
  1.28484631E+00  1.28062046E+00  1.27680993E+00  1.26873279E+00
     2  'FLUX 22     '       2      64
  7.03671396E-01  7.02764988E-01  7.04455078E-01  7.10217953E-01  7.16667771E-01
  7.17095733E-01  7.20126092E-01  7.12085247E-01  7.12833285E-01  7.15525150E-01
  7.21444488E-01  7.29094267E-01  7.29950786E-01  7.23121107E-01  7.26285994E-01
  7.30753541E-01  7.41863668E-01  7.44207740E-01  7.41167724E-01  7.42778718E-01
  7.46164799E-01  7.52951860E-01  7.59973288E-01  7.62324929E-01  7.47288167E-01
  7.52881944E-01  7.63769090E-01  7.76748538E-01  7.85661399E-01  7.97139823E-01
  7.99028218E-01  8.03039908E-01  8.10730696E-01  8.18267822E-01  8.20909142E-01
  7.92774081E-01  8.04707825E-01  8.23242724E-01  8.46142411E-01  8.65306795E-01
  8.78405333E-01  8.90436113E-01  9.00252938E-01  9.03276980E-01  9.05566037E-01
  9.08144236E-01  9.09070134E-01  9.11645234E-01  9.23140466E-01  9.37251806E-01
  9.47528243E-01  9.54918861E-01  9.60020185E-01  9.63325977E-01  9.65073228E-01
  9.65708017E-01  9.65492249E-01  9.64633822E-01  9.63358700E-01  9.61837769E-01
  9.60212827E-01  9.58601296E-01  9.57039654E-01  9.53836322E-01
     2  'FLUX 23     '       2      64
  4.63714004E-01  4.63315785E-01  4.64282393E-01  4.67557877E-01  4.71160531E-01
  4.71403569E-01  4.72962528E-01  4.69838768E-01  4.70230192E-01  4.71746653E-01
  4.75086719E-01  4.79427516E-01  4.79800254E-01  4.74759102E-01  4.76881176E-01
  4.79763716E-01  4.86541837E-01  4.88418192E-01  4.89341289E-01  4.90258873E-01
  4.92192388E-01  4.96042788E-01  4.99963850E-01  5.01327872E-01  4.90704745E-01
  4.94709998E-01  5.01898587E-01  5.10141253E-01  5.16101003E-01  5.26228547E-01
  5.27322650E-01  5.29622614E-01  5.33995748E-01  5.38256049E-01  5.39776623E-01
  5.20929217E-01  5.29021800E-01  5.41090965E-01  5.55558443E-01  5.67896545E-01
  5.76663554E-01  5.84502459E-01  5.90679586E-01  5.92533052E-01  5.93932569E-01
  5.95499218E-01  5.96030593E-01  5.97599208E-01  6.04757369E-01  6.14039302E-01
  6.21221483E-01  6.26741290E-01  6.30899489E-01  6.33962870E-01  6.36033773E-01
  6.37379885E-01  6.38149142E-01  6.38447404E-01  6.38411522E-01  6.38141930E-01
  6.37720644E-01  6.37210548E-01  6.36646569E-01  6.35547996E-01
     2  'FLUX 24     '       2      64
  4.66615289E-01  4.65130717E-01  4.66784358E-01  4.72949505E-01  4.79867935E-01
  4.80327636E-01  4.83527362E-01  4.74517524E-01  4.75315332E-01  4.78279620E-01
  4.84761536E-01  4.93179202E-01  4.94103283E-01  4.86660480E-01  4.90224928E-01
  4.95251358E-01  5.07082224E-01  5.09324670E-01  5.05911887E-01  5.07693946E-01
  5.11482000E-01  5.19064844E-01  5.26923358E-01  5.29486179E-01  5.12654901E-01
  5.18897772E-01  5.31060636E-01  5.45398235E-01  5.55251718E-01  5.67971826E-01
  5.70199668E-01  5.74909091E-01  5.83902478E-01  5.92734039E-01  5.95754147E-01
  5.63043654E-01  5.76609910E-01  5.98318458E-01  6.24941528E-01  6.47016287E-01
  6.61798358E-01  6.75052464E-01  6.85546935E-01  6.88692212E-01  6.91076458E-01
  6.93727672E-01  6.94633484E-01  6.97321773E-01  7.09355593E-01  7.24572659E-01
  7.36389399E-01  7.45696604E-01  7.53012002E-01  7.58754313E-01  7.63053358E-01
  7.66301274E-01  7.68695593E-01  7.70352960E-01  7.71458566E-01  7.72138000E-01
  7.72491217E-01  7.72581697E-01  7.72471368E-01  7.72440434E-01
     2  'FLUX 25     '       2      64
  3.96291763E-01  3.94856811E-01  3.96683067E-01  4.03565258E-01  4.11322385E-01
  4.11847204E-01  4.15467799E-01  4.05766517E-01  4.06543911E-01  4.09723639E-01
  4.16912138E-01  4.26366001E-01  4.27427411E-01  4.19145286E-01  4.23032939E-01
  4.28375572E-01  4.42173183E-01  4.44684416E-01  4.40719664E-01  4.42706913E-01
  4.46970195E-01  4.55612570E-01  4.64636624E-01  4.67644989E-01  4.48463112E-01
  4.55546528E-01  4.69537795E-01  4.85995770E-01  4.97165352E-01  5.11447251E-01
  5.14010310E-01  5.19467175E-01  5.29984772E-01  5.40394425E-01  5.44046104E-01
  5.06157398E-01  5.21903992E-01  5.46998143E-01  5.78167796E-01  6.04398310E-01
  6.22576296E-01  6.38856649E-01  6.51618004E-01  6.55415297E-01  6.58274472E-01
  6.61473036E-01  6.62524760E-01  6.65773451E-01  6.80398643E-01  6.99092090E-01
  7.13843346E-01  7.25703239E-01  7.35276401E-01  7.43047535E-01  7.49139369E-01
  7.54005253E-01  7.57857919E-01  7.60803998E-01  7.63047576E-01  7.64719844E-01
  7.65922487E-01  7.66708553E-01  7.67159879E-01  7.68396616E-01
     2  'FLUX 26     '       2      64
  4.70613718E-01  4.70780909E-01  4.71242875E-01  4.72821832E-01  4.74344671E-01
  4.74459291E-01  4.74543512E-01  4.78460401E-01  4.78537351E-01  4.79268849E-01
  4.80839789E-01  4.82990295E-01  4.82719064E-01  4.75711405E-01  4.78038341E-01
  4.80893195E-01  4.85757798E-01  4.88824457E-01  4.99556363E-01  5.00015140E-01
  5.00995636E-01  5.02831876E-01  5.04493356E-01  5.05238056E-01  4.92057800E-01
  4.97221977E-01  5.04432917E-01  5.11750221E-01  5.18240452E-01  5.37336528E-01
  5.37977219E-01  5.39200604E-01  5.41367292E-01  5.43399215E-01  5.44189811E-01
  5.23768902E-01  5.32875001E-01  5.44768631E-01  5.57512641E-01  5.69083631E-01
  5.78287840E-01  5.86381137E-01  5.92524052E-01  5.94256580E-01  5.95502615E-01
  5.96847057E-01  5.97195268E-01  5.98510385E-01  6.05174422E-01  6.15544915E-01
  6.24754846E-01  6.32715166E-01  6.39511228E-01  6.45291865E-01  6.50037825E-01
  6.53985023E-01  6.57238662E-01  6.59839451E-01  6.61911845E-01  6.63536072E-01
  6.64775729E-01  6.65661573E-01  6.66262031E-01  6.67709589E-01
     2  'FLUX 27     '       2      64
  5.59646249E-01  5.56977272E-01  5.59816360E-01  5.71244478E-01  5.84204733E-01
  5.85088193E-01  5.91064036E-01  5.74963689E-01  5.76115727E-01  5.81318259E-01
  5.93326032E-01  6.09338582E-01  6.11134112E-01  5.97275376E-01  6.03795171E-01
  6.12590373E-01  6.35981083E-01  6.39874458E-01  6.33043587E-01  6.36378527E-01
  6.43616319E-01  6.58425391E-01  6.74024284E-01  6.79198682E-01  6.46253705E-01
  6.58389628E-01  6.82499766E-01  7.10621953E-01  7.29554415E-01  7.53768563E-01
  7.58289218E-01  7.67937839E-01  7.86631823E-01  8.05281878E-01  8.11810434E-01
  7.44900882E-01  7.72434831E-01  8.16820860E-01  8.72098625E-01  9.18827116E-01
  9.51670349E-01  9.80986297E-01  1.00375462E+00  1.01045287E+00  1.01544476E+00
  1.02099764E+00  1.02276313E+00  1.02840745E+00  1.05407107E+00  1.08785105E+00
  1.11540508E+00  1.13831544E+00  1.15749967E+00  1.17370701E+00  1.18703401E+00
  1.19822609E+00  1.20759785E+00  1.21525097E+00  1.22151291E+00  1.22657776E+00
  1.23058844E+00  1.23359108E+00  1.23575842E+00  1.24094224E+00
     2  'FLUX 28     '       2      64
  1.77352414E-01  1.77457482E-01  1.77618325E-01  1.78141519E-01  1.78563803E-01
  1.78599656E-01  1.78475037E-01  1.81195408E-01  1.81214899E-01  1.81482643E-01
  1.82001561E-01  1.82693049E-01  1.82478085E-01  1.78928822E-01  1.80068195E-01
  1.81461781E-01  1.83462948E-01  1.85068950E-01  1.91496164E-01  1.91659361E-01
  1.92005143E-01  1.92585886E-01  1.93006381E-01  1.93256885E-01  1.86706319E-01
  1.89289078E-01  1.92685887E-01  1.96010619E-01  1.99169248E-01  2.09614679E-01
  2.09851205E-01  2.10264161E-01  2.10915163E-01  2.11452320E-01  2.11681455E-01
  2.01867282E-01  2.06289306E-01  2.11863548E-01  2.17533305E-01  2.22715184E-01
  2.26865843E-01  2.30559602E-01  2.33366579E-01  2.34137774E-01  2.34678850E-01
  2.35248044E-01  2.35355273E-01  2.35891774E-01  2.38859460E-01  2.43784860E-01
  2.48351380E-01  2.52430022E-01  2.56024241E-01  2.59181201E-01  2.61869252E-01
  2.64189035E-01  2.66178757E-01  2.67842054E-01  2.69231200E-01  2.70376772E-01
  2.71301985E-01  2.72012174E-01  2.72544533E-01  2.73774981E-01
     2  'FLUX 29     '       2      64
  2.33691692E-01  2.33799338E-01  2.33900711E-01  2.34377235E-01  2.34785199E-01
  2.34818473E-01  2.34593451E-01  2.37507537E-01  2.37478763E-01  2.37692893E-01
  2.38161251E-01  2.38879740E-01  2.38652155E-01  2.35029176E-01  2.36159846E-01
  2.37496495E-01  2.39455044E-01  2.41033375E-01  2.47619882E-01  2.47761071E-01
  2.48074442E-01  2.48648927E-01  2.49144152E-01  2.49400631E-01  2.42707700E-01
  2.45345861E-01  2.48788983E-01  2.52104551E-01  2.55243570E-01  2.65638351E-01
  2.65887201E-01  2.66333491E-01  2.67104328E-01  2.67848909E-01  2.68137038E-01
  2.57942647E-01  2.62462258E-01  2.68256903E-01  2.74256080E-01  2.79841185E-01
  2.84502029E-01  2.88485020E-01  2.91401744E-01  2.92190909E-01  2.92750835E-01
  2.93338358E-01  2.93451965E-01  2.94022173E-01  2.97023386E-01  3.02239895E-01
  3.07210177E-01  3.11737597E-01  3.15793127E-01  3.19405913E-01  3.22523713E-01
  3.25245470E-01  3.27604800E-01  3.29597563E-01  3.31277758E-01  3.32675904E-01
  3.33815187E-01  3.34699154E-01  3.35370928E-01  3.36908489E-01
     2  'FLUX 30     '       2      64
  2.27619141E-01  2.27710828E-01  2.27719218E-01  2.27879763E-01  2.27945358E-01
  2.27954879E-01  2.27632850E-01  2.30541229E-01  2.30487376E-01  2.30563387E-01
  2.30718836E-01  2.31008977E-01  2.30768815E-01  2.27878019E-01  2.28749529E-01
  2.29758292E-01  2.30980337E-01  2.32263491E-01  2.38203913E-01  2.38259748E-01
  2.38390416E-01  2.38598078E-01  2.38714784E-01  2.38834262E-01  2.33601332E-01
  2.35682875E-01  2.38244414E-01  2.40603313E-01  2.42986575E-01  2.51594245E-01
  2.51733154E-01  2.51952201E-01  2.52290517E-01  2.52602279E-01  2.52733380E-01
  2.45037764E-01  2.48470664E-01  2.52761722E-01  2.57021993E-01  2.61020750E-01
  2.64383584E-01  2.67269731E-01  2.69385785E-01  2.69947469E-01  2.70329773E-01
  2.70720214E-01  2.70767957E-01  2.71131456E-01  2.73266137E-01  2.77240783E-01
  2.81174749E-01  2.84844190E-01  2.88191110E-01  2.91216254E-01  2.93862104E-01
  2.96196997E-01  2.98240870E-01  2.99983472E-01  3.01464856E-01  3.02707255E-01
  3.03727299E-01  3.04525912E-01  3.05139840E-01  3.06532592E-01
     2  'FLUX 31     '       2      64
  3.81006092E-01  3.81123394E-01  3.81138235E-01  3.81386161E-01  3.81517500E-01
  3.81532788E-01  3.81106943E-01  3.84979665E-01  3.84905100E-01  3.85016918E-01
  3.85259211E-01  3.85704279E-01  3.85386586E-01  3.81453305E-01  3.82641584E-01
  3.84011269E-01  3.85718495E-01  3.87459725E-01  3.95440310E-01  3.95524412E-01
  3.95721018E-01  3.96050841E-01  3.96269500E-01  3.96448672E-01  3.89290184E-01
  3.92141908E-01  3.95671278E-01  3.98928493E-01  4.02187973E-01  4.13774997E-01
  4.13976818E-01  4.14305151E-01  4.14831638E-01  4.15331095E-01  4.15533125E-01
  4.04992282E-01  4.09694731E-01  4.15597081E-01  4.21490312E-01  4.27009851E-01
  4.31643158E-01  4.35595781E-01  4.38474715E-01  4.39223170E-01  4.39735711E-01
  4.40246373E-01  4.40298170E-01  4.40773487E-01  4.43638057E-01  4.49158728E-01
  4.54742312E-01  4.60035533E-01  4.64930385E-01  4.69407886E-01  4.73369837E-01
  4.76901114E-01  4.80020761E-01  4.82704639E-01  4.85004961E-01  4.86949205E-01
  4.88557786E-01  4.89828199E-01  4.90815550E-01  4.93037909E-01
     2  'FLUX 32     '       2      64
  1.66932851E-01  1.66967586E-01  1.67005599E-01  1.67186007E-01  1.67335436E-01
  1.67348519E-01  1.67258263E-01  1.68529615E-01  1.68514043E-01  1.68593958E-01
  1.68773085E-01  1.69047683E-01  1.68948993E-01  1.67437837E-01  1.67915255E-01
  1.68473005E-01  1.69282019E-01  1.69956848E-01  1.72778353E-01  1.72833949E-01
  1.72957942E-01  1.73184738E-01  1.73370570E-01  1.73476472E-01  1.70668960E-01
  1.71788692E-01  1.73239723E-01  1.74627811E-01  1.75945878E-01  1.80272639E-01
  1.80372640E-01  1.80550948E-01  1.80857077E-01  1.81147993E-01  1.81264415E-01
  1.77074209E-01  1.78953305E-01  1.81350991E-01  1.83811620E-01  1.86068296E-01
  1.87898487E-01  1.89516619E-01  1.90737933E-01  1.91058069E-01  1.91273913E-01
  1.91489041E-01  1.91509143E-01  1.91702366E-01  1.92952886E-01  1.95247710E-01
  1.97548166E-01  1.99731618E-01  2.01758251E-01  2.03620419E-01  2.05276638E-01
  2.06760138E-01  2.08076999E-01  2.09215537E-01  2.10195929E-01  2.11028293E-01
  2.11720064E-01  2.12269232E-01  2.12698624E-01  2.13661313E-01
     2  'FLUX 33     '       2      64
  1.41953826E-01  1.41969740E-01  1.42059013E-01  1.42394960E-01  1.42744958E-01
  1.42770454E-01  1.42814577E-01  1.43356323E-01  1.43366888E-01  1.43511236E-01
  1.43846482E-01  1.44321769E-01  1.44291490E-01  1.43048912E-01  1.43468350E-01
  1.43973112E-01  1.44929975E-01  1.45462617E-01  1.47185028E-01  1.47279426E-01
  1.47485092E-01  1.47894040E-01  1.48297206E-01  1.48460448E-01  1.46050602E-01
  1.46998614E-01  1.48361906E-01  1.49756148E-01  1.50944695E-01  1.54167742E-01
  1.54303834E-01  1.54574752E-01  1.55079946E-01  1.55580968E-01  1.55767977E-01
  1.51957095E-01  1.53648809E-01  1.55913904E-01  1.58402517E-01  1.60642222E-01
  1.62411198E-01  1.63965359E-01  1.65133938E-01  1.65447518E-01  1.65665671E-01
  1.65890485E-01  1.65924400E-01  1.66137427E-01  1.67364970E-01  1.69475049E-01
  1.71529949E-01  1.73455909E-01  1.75231487E-01  1.76857024E-01  1.78299963E-01
  1.79591611E-01  1.80738226E-01  1.81730181E-01  1.82585105E-01  1.83311790E-01
  1.83916539E-01  1.84397236E-01  1.84773564E-01  1.85617372E-01
     2  'FLUX 34     '       2      64
  2.82041281E-02  2.82061417E-02  2.82196961E-02  2.82677896E-02  2.83126608E-02
  2.83162966E-02  2.83192601E-02  2.84728408E-02  2.84739025E-02  2.84957103E-02
  2.85439938E-02  2.86100432E-02  2.85994131E-02  2.83583533E-02  2.84396522E-02
  2.85373945E-02  2.87014991E-02  2.88092773E-02  2.92041730E-02  2.92186234E-02
  2.92499810E-02  2.93088965E-02  2.93601230E-02  2.93849632E-02  2.89236065E-02
  2.91069504E-02  2.93608513E-02  2.96141431E-02  2.98395697E-02  3.05082574E-02
  3.05295885E-02  3.05702705E-02  3.06423809E-02  3.07094809E-02  3.07361167E-02
  3.00302655E-02  3.03469803E-02  3.07625532E-02  3.12024280E-02  3.15954275E-02
  3.18997651E-02  3.21778692E-02  3.23939323E-02  3.24515887E-02  3.24903466E-02
  3.25291716E-02  3.25325541E-02  3.25671583E-02  3.27963345E-02  3.31910215E-02
  3.35784480E-02  3.39437276E-02  3.42819989E-02  3.45928147E-02  3.48696187E-02
  3.51180546E-02  3.53391021E-02  3.55307423E-02  3.56962420E-02  3.58371623E-02
  3.59546281E-02  3.60481963E-02  3.61216329E-02  3.62859294E-02
     2  'FLUX 35     '       2      64
  2.76858956E-02  2.76875142E-02  2.77042482E-02  2.77651977E-02  2.78269872E-02
  2.78316010E-02  2.78407279E-02  2.79522520E-02  2.79545467E-02  2.79813185E-02
  2.80423388E-02  2.81270575E-02  2.81204451E-02  2.78845541E-02  2.79650539E-02
  2.80624684E-02  2.82419454E-02  2.83442196E-02  2.86832135E-02  2.87006721E-02
  2.87385751E-02  2.88126599E-02  2.88831647E-02  2.89129168E-02  2.84557566E-02
  2.86360122E-02  2.88945846E-02  2.91580241E-02  2.93838400E-02  3.00063752E-02
  3.00312787E-02  3.00804302E-02  3.01708262E-02  3.02585866E-02  3.02918386E-02
  2.95750257E-02  2.98941620E-02  3.03208716E-02  3.07851937E-02  3.11995894E-02
  3.15212011E-02  3.18095833E-02  3.20303626E-02  3.20900492E-02  3.21303830E-02
  3.21719907E-02  3.21770571E-02  3.22156847E-02  3.24487574E-02  3.28471325E-02
  3.32355127E-02  3.36002670E-02  3.39372717E-02  3.42464447E-02  3.45214903E-02
  3.47681940E-02  3.49876396E-02  3.51778381E-02  3.53420749E-02  3.54819223E-02
  3.55984978E-02  3.56913470E-02  3.57641988E-02  3.59273665E-02
     2  'FLUX 36     '       2      64
  2.83422116E-02  2.83437185E-02  2.83627510E-02  2.84320228E-02  2.85041761E-02
  2.85094324E-02  2.85224933E-02  2.86153033E-02  2.86183711E-02  2.86484752E-02
  2.87177768E-02  2.88142338E-02  2.88095791E-02  2.85701565E-02  2.86525358E-02
  2.87525430E-02  2.89453678E-02  2.90479269E-02  2.93670893E-02  2.93866359E-02
  2.94290185E-02  2.95129642E-02  2.95951292E-02  2.96283159E-02  2.91611385E-02
  2.93447543E-02  2.96129007E-02  2.98891682E-02  3.01216599E-02  3.07372157E-02
  3.07646114E-02  3.08194347E-02  3.09215561E-02  3.10219694E-02  3.10595501E-02
  3.03186160E-02  3.06476448E-02  3.10912989E-02  3.15804668E-02  3.20165306E-02
  3.23547684E-02  3.26563120E-02  3.28864343E-02  3.29481177E-02  3.29908393E-02
  3.30347903E-02  3.30407470E-02  3.30818146E-02  3.33259068E-02  3.37390006E-02
  3.41398157E-02  3.45154442E-02  3.48620564E-02  3.51798497E-02  3.54624577E-02
  3.57159004E-02  3.59413251E-02  3.61367352E-02  3.63054909E-02  3.64492089E-02
  3.65690365E-02  3.66644934E-02  3.67394052E-02  3.69072109E-02
     2  'FLUX 37     '       2      64
  2.93403249E-02  2.93425620E-02  2.93603670E-02  2.94240881E-02  2.94886585E-02
  2.94934865E-02  2.95034200E-02  2.96181664E-02  2.96207555E-02  2.96488218E-02
  2.97125261E-02  2.98006982E-02  2.97939386E-02  2.95491274E-02  2.96326820E-02
  2.97339037E-02  2.99206004E-02  3.00274026E-02  3.03781368E-02  3.03963814E-02
  3.04358862E-02  3.05129476E-02  3.05861738E-02  3.06171607E-02  3.01433485E-02
  3.03303562E-02  3.05982269E-02  3.08716837E-02  3.11062951E-02  3.17511894E-02
  3.17769758E-02  3.18278782E-02  3.19213755E-02  3.20120007E-02  3.20464000E-02
  3.13051455E-02  3.16358507E-02  3.20766643E-02  3.25564407E-02  3.29852439E-02
  3.33188139E-02  3.36169302E-02  3.38441953E-02  3.39052752E-02  3.39469761E-02
  3.39895636E-02  3.39949094E-02  3.40346508E-02  3.42739038E-02  3.46863680E-02
  3.50898653E-02  3.54695506E-02  3.58208828E-02  3.61436270E-02  3.64311300E-02
  3.66892703E-02  3.69191319E-02  3.71185653E-02  3.72909419E-02  3.74378450E-02
  3.75604182E-02  3.76581475E-02  3.77349295E-02  3.79066654E-02
     2  'FLUX 38     '       2      64
  2.89063230E-02  2.89088264E-02  2.89278179E-02  2.89961714E-02  2.90672984E-02
  2.90724859E-02  2.90848278E-02  2.91788690E-02  2.91819479E-02  2.92116869E-02
  2.92799212E-02  2.93749589E-02  2.93701179E-02  2.91318297E-02  2.92134229E-02
  2.93125492E-02  2.95026004E-02  2.96054147E-02  2.99249142E-02  2.99441330E-02
  2.99857575E-02  3.00681032E-02  3.01487148E-02  3.01813483E-02  2.97182202E-02
  2.99004707E-02  3.01651340E-02  3.04379556E-02  3.06685492E-02  3.12802903E-02
  3.13071199E-02  3.13607380E-02  3.14605497E-02  3.15588079E-02  3.15955505E-02
  3.08642443E-02  3.11897434E-02  3.16263698E-02  3.21073644E-02  3.25374901E-02
  3.28727439E-02  3.31690945E-02  3.33929062E-02  3.34532857E-02  3.34946103E-02
  3.35371234E-02  3.35428379E-02  3.35829780E-02  3.38199548E-02  3.42274643E-02
  3.46252955E-02  3.49993147E-02  3.53452489E-02  3.56629901E-02  3.59460413E-02
  3.62002254E-02  3.64265963E-02  3.66230644E-02  3.67929079E-02  3.69377062E-02
  3.70585546E-02  3.71549577E-02  3.72307375E-02  3.74000333E-02
     2  'FLUX 39     '       2      64
  2.88924631E-02  2.88958605E-02  2.89107747E-02  2.89635379E-02  2.90151089E-02
  2.90190745E-02  2.90235374E-02  2.91562472E-02  2.91579403E-02  2.91815326E-02
  2.92341728E-02  2.93069985E-02  2.92981975E-02  2.90634595E-02  2.91423202E-02
  2.92374827E-02  2.94029005E-02  2.95071919E-02  2.98707206E-02  2.98860501E-02
  2.99191959E-02  2.99826358E-02  3.00408211E-02  3.00669353E-02  2.96184234E-02
  2.97962576E-02  3.00442167E-02  3.02942544E-02  3.05144228E-02  3.11471000E-02
  3.11691500E-02  3.12117748E-02  3.12887281E-02  3.13623361E-02  3.13906632E-02
  3.07013560E-02  3.10104527E-02  3.14161368E-02  3.18506025E-02  3.22411284E-02
  3.25472876E-02  3.28191370E-02  3.30248214E-02  3.30794975E-02  3.31164822E-02
  3.31543013E-02  3.31584103E-02  3.31935883E-02  3.34071964E-02  3.37887332E-02
  3.41673493E-02  3.45261618E-02  3.48597355E-02  3.51672322E-02  3.54419462E-02
  3.56891751E-02  3.59097160E-02  3.61014120E-02  3.62673365E-02  3.64089422E-02
  3.65272425E-02  3.66217308E-02  3.66961323E-02  3.68619487E-02
     2  'FLUX 40     '       2      64
  2.97045596E-02  2.97080968E-02  2.97241043E-02  2.97813416E-02  2.98387296E-02
  2.98430342E-02  2.98489965E-02  2.99723744E-02  2.99743619E-02  2.99996287E-02
  3.00566535E-02  3.01361363E-02  3.01283132E-02  2.98908949E-02  2.99707986E-02
  3.00672930E-02  3.02396808E-02  3.03442460E-02  3.06981672E-02  3.07145175E-02
  3.07499077E-02  3.08185667E-02  3.08832992E-02  3.09112296E-02  3.04566380E-02
  3.06365509E-02  3.08897439E-02  3.11465058E-02  3.13701853E-02  3.19985859E-02
  3.20218988E-02  3.20674330E-02  3.21506523E-02  3.22313607E-02  3.22620757E-02
  3.15601528E-02  3.18744928E-02  3.22890244E-02  3.27365324E-02  3.31380330E-02
  3.34518775E-02  3.37300524E-02  3.39402668E-02  3.39962877E-02  3.40342596E-02
  3.40729430E-02  3.40767205E-02  3.41125727E-02  3.43336277E-02  3.47246192E-02
  3.51117104E-02  3.54783945E-02  3.58192883E-02  3.61336134E-02  3.64145115E-02
  3.66674103E-02  3.68931033E-02  3.70893441E-02  3.72592881E-02  3.74043696E-02
  3.75256240E-02  3.76225114E-02  3.76988351E-02  3.78689133E-02
     2  'FLUX 41     '       2      64
  2.83044856E-02  2.83085983E-02  2.83205975E-02  2.83632819E-02  2.84032710E-02
  2.84064244E-02  2.84055546E-02  2.85517108E-02  2.85525210E-02  2.85718851E-02
  2.86142938E-02  2.86733881E-02  2.86629256E-02  2.84397937E-02  2.85135042E-02
  2.86019687E-02  2.87465211E-02  2.88467128E-02  2.92159785E-02  2.92285439E-02
  2.92557087E-02  2.93066278E-02  2.93514598E-02  2.93729827E-02  2.89522428E-02
  2.91196834E-02  2.93471627E-02  2.95731928E-02  2.97773164E-02  3.03891394E-02
  3.04076504E-02  3.04425843E-02  3.05043738E-02  3.05627026E-02  3.05854511E-02
  2.99507771E-02  3.02366056E-02  3.06064766E-02  3.09957750E-02  3.13469321E-02
  3.16233560E-02  3.18681784E-02  3.20527740E-02  3.21011767E-02  3.21337208E-02
  3.21664512E-02  3.21690254E-02  3.21993753E-02  3.23889069E-02  3.27385180E-02
  3.30904834E-02  3.34265456E-02  3.37405615E-02  3.40310968E-02  3.42915021E-02
  3.45264114E-02  3.47363912E-02  3.49192619E-02  3.50777954E-02  3.52132805E-02
  3.53266262E-02  3.54172960E-02  3.54888216E-02  3.56479436E-02
     2  'FLUX 42     '       2      64
  5.43775931E-02  5.43855689E-02  5.44011146E-02  5.44524007E-02  5.44901825E-02
  5.44938706E-02  5.44794388E-02  5.48335947E-02  5.48327789E-02  5.48580401E-02
  5.49090542E-02  5.49777262E-02  5.49501292E-02  5.45319058E-02  5.46683930E-02
  5.48309945E-02  5.50622009E-02  5.52567430E-02  5.60474358E-02  5.60641773E-02
  5.61000891E-02  5.61610609E-02  5.62019013E-02  5.62306941E-02  5.54550812E-02
  5.57668656E-02  5.61716445E-02  5.65620139E-02  5.69331236E-02  5.81438057E-02
  5.81699274E-02  5.82153872E-02  5.82885109E-02  5.83499670E-02  5.83770052E-02
  5.72477654E-02  5.77623360E-02  5.84106036E-02  5.90647198E-02  5.96542880E-02
  6.01150580E-02  6.05369434E-02  6.08629026E-02  6.09483346E-02  6.10035658E-02
  6.10566959E-02  6.10577352E-02  6.11043274E-02  6.14379123E-02  6.20653182E-02
  6.27054498E-02  6.33214042E-02  6.39000461E-02  6.44374862E-02  6.49207532E-02
  6.53577670E-02  6.57491907E-02  6.60906658E-02  6.63871393E-02  6.66408241E-02
  6.68533146E-02  6.70235008E-02  6.71579540E-02  6.74568936E-02
     2  'FLUX 43     '       2      64
  8.45846832E-02  8.45914781E-02  8.46539959E-02  8.48738998E-02  8.51109028E-02
  8.51276517E-02  8.51812512E-02  8.53279307E-02  8.53406936E-02  8.54354277E-02
  8.56544450E-02  8.59585851E-02  8.59559700E-02  8.53225663E-02  8.55435655E-02
  8.58141184E-02  8.63736197E-02  8.66430774E-02  8.73669162E-02  8.74274075E-02
  8.75577331E-02  8.78197923E-02  8.80847201E-02  8.81862491E-02  8.69432390E-02
  8.74306262E-02  8.81612152E-02  8.89297947E-02  8.95584375E-02  9.10928920E-02
  9.11737680E-02  9.13386717E-02  9.16508362E-02  9.19621363E-02  9.20770839E-02
  9.00916234E-02  9.09754857E-02  9.21745226E-02  9.35233384E-02  9.47213322E-02
  9.56455693E-02  9.64626223E-02  9.70798433E-02  9.72460508E-02  9.73604843E-02
  9.74790156E-02  9.74945053E-02  9.76066589E-02  9.82635692E-02  9.93840992E-02
  1.00478008E-01  1.01509050E-01  1.02465756E-01  1.03347562E-01  1.04135983E-01
  1.04846455E-01  1.05481274E-01  1.06034085E-01  1.06513500E-01  1.06923386E-01
  1.07266493E-01  1.07541017E-01  1.07757531E-01  1.08240865E-01
     2  'FLUX 44     '       2      64
  1.09052941E-01  1.09061621E-01  1.09135553E-01  1.09386504E-01  1.09650202E-01
  1.09669283E-01  1.09730631E-01  1.09967284E-01  1.09982543E-01  1.10092714E-01
  1.10343121E-01  1.10685371E-01  1.10676609E-01  1.09897561E-01  1.10169560E-01
  1.10503092E-01  1.11167014E-01  1.11506641E-01  1.12465940E-01  1.12536386E-01
  1.12687640E-01  1.12986788E-01  1.13280065E-01  1.13397360E-01  1.11877121E-01
  1.12476170E-01  1.13361061E-01  1.14287585E-01  1.15057059E-01  1.16990834E-01
  1.17084861E-01  1.17274523E-01  1.17628530E-01  1.17975317E-01  1.18105300E-01
  1.15708761E-01  1.16781712E-01  1.18223138E-01  1.19827524E-01  1.21252477E-01
  1.22348197E-01  1.23318329E-01  1.24048077E-01  1.24244608E-01  1.24377854E-01
  1.24514692E-01  1.24530293E-01  1.24659739E-01  1.25432998E-01  1.26784161E-01
  1.28118083E-01  1.29383251E-01  1.30562559E-01  1.31653383E-01  1.32631868E-01
  1.33515924E-01  1.34307668E-01  1.34998634E-01  1.35599047E-01  1.36113301E-01
  1.36544526E-01  1.36890307E-01  1.37163758E-01  1.37771964E-01
     2  'FLUX 45     '       2      64
  2.95039713E-01  2.95055479E-01  2.95237869E-01  2.95848966E-01  2.96491534E-01
  2.96538234E-01  2.96699971E-01  2.97233403E-01  2.97272354E-01  2.97541171E-01
  2.98152953E-01  2.98983395E-01  2.98965901E-01  2.97107518E-01  2.97762930E-01
  2.98567057E-01  3.00183505E-01  3.00995618E-01  3.03226024E-01  3.03398699E-01
  3.03769022E-01  3.04501116E-01  3.05215895E-01  3.05503130E-01  3.01879257E-01
  3.03309083E-01  3.05436194E-01  3.07672173E-01  3.09515297E-01  3.14027786E-01
  3.14256638E-01  3.14719379E-01  3.15583527E-01  3.16427231E-01  3.16745758E-01
  3.11070383E-01  3.13619882E-01  3.17054838E-01  3.20891619E-01  3.24262828E-01
  3.26793671E-01  3.29065621E-01  3.30793619E-01  3.31257552E-01  3.31566513E-01
  3.31877470E-01  3.31902564E-01  3.32194924E-01  3.34025681E-01  3.37284058E-01
  3.40541065E-01  3.43657106E-01  3.46582413E-01  3.49304467E-01  3.51760179E-01
  3.53989482E-01  3.55994701E-01  3.57752055E-01  3.59284759E-01  3.60602051E-01
  3.61710280E-01  3.62602353E-01  3.63310933E-01  3.64881039E-01
     2  'FLUX 46     '       2      64
  3.25304955E-01  3.25297922E-01  3.25428814E-01  3.25873017E-01  3.26334894E-01
  3.26369196E-01  3.26492369E-01  3.26968879E-01  3.26990396E-01  3.27185541E-01
  3.27639937E-01  3.28251690E-01  3.28232139E-01  3.26807499E-01  3.27320606E-01
  3.27936858E-01  3.29198003E-01  3.29814404E-01  3.31482083E-01  3.31614941E-01
  3.31901670E-01  3.32468718E-01  3.33010316E-01  3.33237797E-01  3.30488443E-01
  3.31581414E-01  3.33227068E-01  3.34954232E-01  3.36347997E-01  3.39450836E-01
  3.39635044E-01  3.40008497E-01  3.40707809E-01  3.41386825E-01  3.41652602E-01
  3.37506384E-01  3.39388400E-01  3.41965228E-01  3.44880015E-01  3.47315311E-01
  3.48923475E-01  3.50461215E-01  3.51677537E-01  3.51998329E-01  3.52194607E-01
  3.52356374E-01  3.52322608E-01  3.52472931E-01  3.53770077E-01  3.56350422E-01
  3.59088570E-01  3.61800462E-01  3.64409626E-01  3.66882771E-01  3.69150102E-01
  3.71234030E-01  3.73128146E-01  3.74804288E-01  3.76278043E-01  3.77554029E-01
  3.78634840E-01  3.79511535E-01  3.80214542E-01  3.81756395E-01
     2  'FLUX 47     '       2      64
  3.79171401E-01  3.79110187E-01  3.79185557E-01  3.79425913E-01  3.79698336E-01
  3.79718035E-01  3.79860252E-01  3.79721910E-01  3.79729182E-01  3.79828095E-01
  3.80094558E-01  3.80434781E-01  3.80457163E-01  3.80041599E-01  3.80253017E-01
  3.80476862E-01  3.81172657E-01  3.81323606E-01  3.81043762E-01  3.81125718E-01
  3.81300867E-01  3.81669551E-01  3.82024169E-01  3.82180989E-01  3.81501436E-01
  3.81797224E-01  3.82407099E-01  3.83115947E-01  3.83491606E-01  3.82515460E-01
  3.82627249E-01  3.82869363E-01  3.83357108E-01  3.83844793E-01  3.84061694E-01
  3.83723974E-01  3.83979589E-01  3.84501845E-01  3.85332733E-01  3.85498613E-01
  3.84669423E-01  3.84221613E-01  3.83945674E-01  3.83903235E-01  3.83733928E-01
  3.83559912E-01  3.83322597E-01  3.83133203E-01  3.82858545E-01  3.83559793E-01
  3.84903342E-01  3.86539668E-01  3.88306022E-01  3.90109092E-01  3.91857922E-01
  3.93529505E-01  3.95096123E-01  3.96518916E-01  3.97795886E-01  3.98920745E-01
  3.99888337E-01  4.00686294E-01  4.01338816E-01  4.02742714E-01
     2  'FLUX 48     '       2      64
  2.85070240E-01  2.84995854E-01  2.84979820E-01  2.84837812E-01  2.84695625E-01
  2.84686297E-01  2.84744859E-01  2.84480065E-01  2.84469992E-01  2.84405619E-01
  2.84288615E-01  2.84079105E-01  2.84092754E-01  2.84696251E-01  2.84571916E-01
  2.84372687E-01  2.84149408E-01  2.83895314E-01  2.82414556E-01  2.82389879E-01
  2.82324851E-01  2.82208949E-01  2.82051384E-01  2.82035410E-01  2.83575296E-01
  2.83030808E-01  2.82358766E-01  2.81719357E-01  2.80968010E-01  2.76658714E-01
  2.76604861E-01  2.76505351E-01  2.76353300E-01  2.76200861E-01  2.76206285E-01
  2.80194193E-01  2.78640568E-01  2.76634216E-01  2.74598897E-01  2.71924824E-01
  2.68422961E-01  2.65754014E-01  2.63841212E-01  2.63263583E-01  2.62808084E-01
  2.62270838E-01  2.61904210E-01  2.61359751E-01  2.59233654E-01  2.57396430E-01
  2.56578505E-01  2.56334543E-01  2.56450832E-01  2.56792963E-01  2.57276267E-01
  2.57832974E-01  2.58420706E-01  2.59002894E-01  2.59558380E-01  2.60071218E-01
  2.60529757E-01  2.60922819E-01  2.61258453E-01  2.61953652E-01
     2  'FLUX 49     '       2      64
  2.30528697E-01  2.30462953E-01  2.30465934E-01  2.30331436E-01  2.30219066E-01
  2.30210215E-01  2.30306238E-01  2.29685411E-01  2.29692996E-01  2.29632735E-01
  2.29515553E-01  2.29293108E-01  2.29334235E-01  2.30233222E-01  2.30022967E-01
  2.29732156E-01  2.29373142E-01  2.29006648E-01  2.26816341E-01  2.26785108E-01
  2.26696387E-01  2.26540416E-01  2.26355061E-01  2.26323262E-01  2.28537038E-01
  2.27734879E-01  2.26716623E-01  2.25767136E-01  2.24713027E-01  2.19099045E-01
  2.19005793E-01  2.18830958E-01  2.18549848E-01  2.18277216E-01  2.18244582E-01
  2.23655686E-01  2.21533731E-01  2.18718857E-01  2.15813547E-01  2.12225169E-01
  2.07797378E-01  2.04362199E-01  2.01847136E-01  2.01200560E-01  2.00589448E-01
  1.99918866E-01  1.99546248E-01  1.98874891E-01  1.96150362E-01  1.93378881E-01
  1.91711336E-01  1.90701634E-01  1.90129057E-01  1.89850524E-01  1.89787805E-01
  1.89858273E-01  1.90015316E-01  1.90224692E-01  1.90458030E-01  1.90696165E-01
  1.90924972E-01  1.91134065E-01  1.91324264E-01  1.91699207E-01
     2  'FLUX 50     '       2      64
  1.92704812E-01  1.92654118E-01  1.92676634E-01  1.92580819E-01  1.92517698E-01
  1.92511350E-01  1.92621902E-01  1.91899180E-01  1.91919029E-01  1.91877693E-01
  1.91792533E-01  1.91610396E-01  1.91659704E-01  1.92555845E-01  1.92346320E-01
  1.92068040E-01  1.91722691E-01  1.91369027E-01  1.89093173E-01  1.89066991E-01
  1.88984379E-01  1.88840315E-01  1.88673437E-01  1.88644409E-01  1.90896735E-01
  1.90079704E-01  1.89034432E-01  1.88075528E-01  1.87016860E-01  1.81318775E-01
  1.81216016E-01  1.81021586E-01  1.80704907E-01  1.80399507E-01  1.80353910E-01
  1.85950249E-01  1.83770478E-01  1.80829987E-01  1.77769944E-01  1.74033612E-01
  1.69480145E-01  1.65914729E-01  1.63285956E-01  1.62603915E-01  1.61979571E-01
  1.61299959E-01  1.60916030E-01  1.60255998E-01  1.57408029E-01  1.54375538E-01
  1.52430221E-01  1.51146203E-01  1.50310785E-01  1.49784073E-01  1.49494246E-01
  1.49356574E-01  1.49324909E-01  1.49367437E-01  1.49454325E-01  1.49565756E-01
  1.49687231E-01  1.49809077E-01  1.49928987E-01  1.50152221E-01
     2  'FLUX 51     '       2      64
  2.37453178E-01  2.37401918E-01  2.37451956E-01  2.37357005E-01  2.37311378E-01
  2.37304762E-01  2.37457678E-01  2.36466333E-01  2.36504659E-01  2.36467257E-01
  2.36380249E-01  2.36166790E-01  2.36233398E-01  2.37377852E-01  2.37115517E-01
  2.36774415E-01  2.36336768E-01  2.35902712E-01  2.32877195E-01  2.32846737E-01
  2.32739747E-01  2.32550785E-01  2.32330725E-01  2.32293710E-01  2.35289097E-01
  2.34207988E-01  2.32807085E-01  2.31532767E-01  2.30132490E-01  2.22432733E-01
  2.22282857E-01  2.21995205E-01  2.21518651E-01  2.21058041E-01  2.20980331E-01
  2.28705838E-01  2.25725845E-01  2.21639231E-01  2.17343599E-01  2.12111786E-01
  2.05754891E-01  2.00731948E-01  1.97017834E-01  1.95947230E-01  1.95122048E-01
  1.94204420E-01  1.93659887E-01  1.92759886E-01  1.88678473E-01  1.84262857E-01
  1.81360066E-01  1.79383606E-01  1.78040922E-01  1.77139029E-01  1.76581785E-01
  1.76249668E-01  1.76078528E-01  1.76025778E-01  1.76048636E-01  1.76119089E-01
  1.76216647E-01  1.76328182E-01  1.76448226E-01  1.76658243E-01
     2  'FLUX 52     '       2      64
  4.76638585E-01  4.76564586E-01  4.76758957E-01  4.76749688E-01  4.76869226E-01
  4.76868749E-01  4.77263570E-01  4.75071549E-01  4.75195050E-01  4.75210190E-01
  4.75204378E-01  4.74969894E-01  4.75119293E-01  4.77186441E-01  4.76767778E-01
  4.76243764E-01  4.75643992E-01  4.74924862E-01  4.68695730E-01  4.68673199E-01
  4.68519896E-01  4.68257427E-01  4.67921406E-01  4.67898518E-01  4.73773807E-01
  4.71684605E-01  4.68995422E-01  4.66641217E-01  4.63954777E-01  4.47787434E-01
  4.47471887E-01  4.46861655E-01  4.45850194E-01  4.44867402E-01  4.44712400E-01
  4.61119115E-01  4.54921186E-01  4.46260661E-01  4.37094212E-01  4.25718516E-01
  4.11651880E-01  4.00471598E-01  3.92066061E-01  3.89764160E-01  3.87882292E-01
  3.85812372E-01  3.84749383E-01  3.82695347E-01  3.73463988E-01  3.63415271E-01
  3.56749982E-01  3.52161944E-01  3.49000841E-01  3.46837103E-01  3.45458508E-01
  3.44597012E-01  3.44109327E-01  3.43900532E-01  3.43873888E-01  3.43965828E-01
  3.44129682E-01  3.44335496E-01  3.44568640E-01  3.44962895E-01
     2  'FLUX 53     '       2      64
  6.97589517E-01  6.97551012E-01  6.98052645E-01  6.98571205E-01  6.99322522E-01
  6.99358165E-01  7.00116396E-01  6.96960926E-01  6.97231770E-01  6.97512925E-01
  6.98015571E-01  6.98314428E-01  6.98537946E-01  7.00299144E-01  7.00149834E-01
  7.00014770E-01  7.00241446E-01  6.99826121E-01  6.91820681E-01  6.91918910E-01
  6.91947997E-01  6.92042589E-01  6.92001104E-01  6.92157090E-01  6.98702812E-01
  6.96481287E-01  6.93740666E-01  6.91651821E-01  6.88842177E-01  6.66972220E-01
  6.66590869E-01  6.65849149E-01  6.64644659E-01  6.63460374E-01  6.63349450E-01
  6.85548365E-01  6.77530527E-01  6.65984631E-01  6.53705418E-01  6.37614369E-01
  6.16722405E-01  5.99989653E-01  5.87214828E-01  5.83750248E-01  5.80895960E-01
  5.77645600E-01  5.76188982E-01  5.73123097E-01  5.58884203E-01  5.43699920E-01
  5.33840835E-01  5.27211070E-01  5.22783101E-01  5.19884288E-01  5.18170834E-01
  5.17232537E-01  5.16844869E-01  5.16854107E-01  5.17111897E-01  5.17518818E-01
  5.18001318E-01  5.18508971E-01  5.19022405E-01  5.19953370E-01
     2  'FLUX 54     '       2      64
  1.50581133E+00  1.50592399E+00  1.50782871E+00  1.51129055E+00  1.51538515E+00
  1.51563644E+00  1.51812220E+00  1.51195753E+00  1.51283538E+00  1.51454711E+00
  1.51795113E+00  1.52160585E+00  1.52212226E+00  1.51994205E+00  1.52175510E+00
  1.52433765E+00  1.53029633E+00  1.53223681E+00  1.52135611E+00  1.52219725E+00
  1.52358651E+00  1.52634239E+00  1.52871561E+00  1.53002763E+00  1.53264368E+00
  1.53236485E+00  1.53317857E+00  1.53612542E+00  1.53631294E+00  1.50376892E+00
  1.50363743E+00  1.50342083E+00  1.50336528E+00  1.50322187E+00  1.50389123E+00
  1.53440964E+00  1.52514398E+00  1.51064920E+00  1.49567258E+00  1.47083580E+00
  1.43267441E+00  1.40236068E+00  1.37920773E+00  1.37221146E+00  1.36733544E+00
  1.36130202E+00  1.35835731E+00  1.35289526E+00  1.32656586E+00  1.30068409E+00
  1.28572917E+00  1.27717781E+00  1.27285743E+00  1.27137661E+00  1.27193809E+00
  1.27376127E+00  1.27638340E+00  1.27944660E+00  1.28267431E+00  1.28586674E+00
  1.28887308E+00  1.29156911E+00  1.29395711E+00  1.29864073E+00
     2  'FLUX 55     '       2      64
  2.61032534E+00  2.61105347E+00  2.61674833E+00  2.63019824E+00  2.64521956E+00
  2.64622116E+00  2.65338135E+00  2.64324570E+00  2.64554977E+00  2.65197396E+00
  2.66536856E+00  2.68165135E+00  2.68285918E+00  2.66107941E+00  2.67054319E+00
  2.68364978E+00  2.71149826E+00  2.72311616E+00  2.72287869E+00  2.72640181E+00
  2.73334098E+00  2.74698043E+00  2.75995612E+00  2.76550698E+00  2.73257494E+00
  2.74648523E+00  2.76998806E+00  2.79979706E+00  2.82073927E+00  2.81658792E+00
  2.81911945E+00  2.82439184E+00  2.83479929E+00  2.84472656E+00  2.84946775E+00
  2.83520675E+00  2.84841895E+00  2.86327791E+00  2.88309336E+00  2.88286281E+00
  2.85235858E+00  2.82955861E+00  2.81138659E+00  2.80608630E+00  2.80161452E+00
  2.79667640E+00  2.79324722E+00  2.78874111E+00  2.76894426E+00  2.76079369E+00
  2.76640248E+00  2.77906227E+00  2.79571700E+00  2.81454158E+00  2.83412814E+00
  2.85375261E+00  2.87282419E+00  2.89071155E+00  2.90719318E+00  2.92204857E+00
  2.93509245E+00  2.94609189E+00  2.95525193E+00  2.97369885E+00
     2  'FLUX 56     '       2      64
  4.40545988E+00  4.40783167E+00  4.42245102E+00  4.46169472E+00  4.50446653E+00
  4.50743246E+00  4.52588034E+00  4.51139927E+00  4.51677036E+00  4.53531694E+00
  4.57490253E+00  4.62515640E+00  4.62791634E+00  4.54928541E+00  4.57964563E+00
  4.62162638E+00  4.70938921E+00  4.74787760E+00  4.79328394E+00  4.80402136E+00
  4.82663679E+00  4.87104225E+00  4.91445684E+00  4.93160629E+00  4.78457451E+00
  4.84277487E+00  4.93617010E+00  5.04680347E+00  5.13296270E+00  5.26232195E+00
  5.27407598E+00  5.29840660E+00  5.34469795E+00  5.38936377E+00  5.40693045E+00
  5.20204353E+00  5.30068207E+00  5.43336964E+00  5.59234095E+00  5.71334028E+00
  5.76694155E+00  5.81759834E+00  5.85816479E+00  5.86906528E+00  5.87537766E+00
  5.88195753E+00  5.88052607E+00  5.88704872E+00  5.94061136E+00  6.04683876E+00
  6.15736198E+00  6.26571465E+00  6.36945057E+00  6.46758175E+00  6.55793524E+00
  6.64135075E+00  6.71759129E+00  6.78570557E+00  6.84618044E+00  6.89908314E+00
  6.94440079E+00  6.98176432E+00  7.01215124E+00  7.07301235E+00
     2  'FLUX 57     '       2      64
  3.07177138E+00  3.07436728E+00  3.08768034E+00  3.12550068E+00  3.16620374E+00
  3.16906500E+00  3.18596983E+00  3.17859507E+00  3.18325853E+00  3.20118117E+00
  3.23969984E+00  3.28943014E+00  3.29175878E+00  3.20899749E+00  3.23953319E+00
  3.28207541E+00  3.36977172E+00  3.40938067E+00  3.47322631E+00  3.48385167E+00
  3.50696421E+00  3.55224442E+00  3.59695292E+00  3.61403632E+00  3.44899750E+00
  3.51314473E+00  3.61448240E+00  3.73281360E+00  3.82826591E+00  4.01614428E+00
  4.02979708E+00  4.05803680E+00  4.11128664E+00  4.16286182E+00  4.18190145E+00
  3.90792871E+00  4.03107023E+00  4.20124102E+00  4.40392494E+00  4.57940435E+00
  4.69700575E+00  4.79789495E+00  4.87817097E+00  4.90002012E+00  4.91476917E+00
  4.92988634E+00  4.93152428E+00  4.94582415E+00  5.05076551E+00  5.22008753E+00
  5.37775373E+00  5.52274847E+00  5.65540552E+00  5.77664280E+00  5.88519144E+00
  5.98323059E+00  6.07122135E+00  6.14864683E+00  6.21654224E+00  6.27532148E+00
  6.32523298E+00  6.36609268E+00  6.39908648E+00  6.46401691E+00
     2  'FLUX 58     '       2      64
  2.30891156E+00  2.31153989E+00  2.32318997E+00  2.35721731E+00  2.39358091E+00
  2.39615011E+00  2.41087818E+00  2.40729761E+00  2.41130424E+00  2.42752743E+00
  2.46238923E+00  2.50778937E+00  2.50971389E+00  2.43176389E+00  2.45982242E+00
  2.49920702E+00  2.57935405E+00  2.61637974E+00  2.68324280E+00  2.69295311E+00
  2.71443176E+00  2.75643349E+00  2.79816341E+00  2.81378436E+00  2.65411663E+00
  2.71566057E+00  2.81198239E+00  2.92407417E+00  3.01616168E+00  3.21510196E+00
  3.22861600E+00  3.25656056E+00  3.30909157E+00  3.36015177E+00  3.37835884E+00
  3.09438753E+00  3.21877813E+00  3.39235258E+00  3.59922838E+00  3.78701520E+00
  3.92633224E+00  4.04069328E+00  4.12986803E+00  4.15413141E+00  4.17097139E+00
  4.18837214E+00  4.19139385E+00  4.20816469E+00  4.32401562E+00  4.50788498E+00
  4.67545795E+00  4.82705975E+00  4.96392632E+00  5.08761787E+00  5.19732571E+00
  5.29562092E+00  5.38322926E+00  5.45987129E+00  5.52674818E+00  5.58440399E+00
  5.63319063E+00  5.67303324E+00  5.70513964E+00  5.76737928E+00
     2  'FLUX 59     '       2      64
  1.70126569E+00  1.70367336E+00  1.71325088E+00  1.74158907E+00  1.77174604E+00
  1.77388024E+00  1.78597963E+00  1.78422511E+00  1.78750706E+00  1.80110812E+00
  1.83028495E+00  1.86844325E+00  1.86998463E+00  1.80344319E+00  1.82704353E+00
  1.86044943E+00  1.92775607E+00  1.95935655E+00  2.01929736E+00  2.02747989E+00
  2.04578352E+00  2.08151770E+00  2.11715412E+00  2.13031244E+00  1.99181032E+00
  2.04493117E+00  2.12764144E+00  2.22401667E+00  2.30410504E+00  2.48489642E+00
  2.49688196E+00  2.52167416E+00  2.56821132E+00  2.61354208E+00  2.62935257E+00
  2.37283635E+00  2.48362207E+00  2.63916063E+00  2.82508373E+00  2.99818492E+00
  3.13240981E+00  3.23973513E+00  3.32253122E+00  3.34509635E+00  3.36085367E+00
  3.37726879E+00  3.38050294E+00  3.39646649E+00  3.50466800E+00  3.67580914E+00
  3.83025813E+00  3.96885753E+00  4.09312773E+00  4.20476151E+00  4.30327749E+00
  4.39115238E+00  4.46916294E+00  4.53718853E+00  4.59638119E+00  4.64729309E+00
  4.69029140E+00  4.72537422E+00  4.75363207E+00  4.80763960E+00
     2  'FLUX 60     '       2      64
  1.54086041E+00  1.54346240E+00  1.55299711E+00  1.58136618E+00  1.61148071E+00
  1.61361456E+00  1.62570035E+00  1.62442446E+00  1.62770212E+00  1.64141798E+00
  1.67077065E+00  1.70924211E+00  1.71077454E+00  1.64322305E+00  1.66694331E+00
  1.70082855E+00  1.76856041E+00  1.80073357E+00  1.86308932E+00  1.87136734E+00
  1.89005327E+00  1.92648470E+00  1.96291459E+00  1.97622454E+00  1.83387756E+00
  1.88826621E+00  1.97272110E+00  2.07148814E+00  2.15423870E+00  2.34565091E+00
  2.35826659E+00  2.38438058E+00  2.43336582E+00  2.48115468E+00  2.49754429E+00
  2.22576165E+00  2.34197378E+00  2.50598621E+00  2.70284224E+00  2.88928628E+00
  3.03751898E+00  3.15369868E+00  3.24271822E+00  3.26696706E+00  3.28403163E+00
  3.30178356E+00  3.30553651E+00  3.32295585E+00  3.44050241E+00  3.62641597E+00
  3.79314661E+00  3.94195032E+00  4.07473707E+00  4.19351101E+00  4.29796267E+00
  4.39083195E+00  4.47303867E+00  4.54455853E+00  4.60666656E+00  4.65999699E+00
  4.70497799E+00  4.74166536E+00  4.77121878E+00  4.82692099E+00
     2  'FLUX 61     '       2      64
  1.52353406E+00  1.52655232E+00  1.53697693E+00  1.56809032E+00  1.60108554E+00
  1.60342264E+00  1.61678445E+00  1.61507976E+00  1.61869180E+00  1.63385463E+00
  1.66623712E+00  1.70873225E+00  1.71047449E+00  1.63601661E+00  1.66197026E+00
  1.69946539E+00  1.77400470E+00  1.80960536E+00  1.87873006E+00  1.88791776E+00
  1.90883744E+00  1.94959724E+00  1.99047208E+00  2.00524807E+00  1.84633780E+00
  1.90681612E+00  2.00074911E+00  2.11125517E+00  2.20438504E+00  2.42272353E+00
  2.43727040E+00  2.46742821E+00  2.52400661E+00  2.57929325E+00  2.59796906E+00
  2.28534770E+00  2.41777372E+00  2.60593247E+00  2.83312702E+00  3.05126834E+00
  3.22757554E+00  3.36347866E+00  3.46742225E+00  3.49575400E+00  3.51557827E+00
  3.53636384E+00  3.54092884E+00  3.56133962E+00  3.70075440E+00  3.92074966E+00
  4.11677217E+00  4.29080534E+00  4.44541025E+00  4.58314037E+00  4.70386934E+00
  4.81088877E+00  4.90536022E+00  4.98737717E+00  5.05846786E+00  5.11941576E+00
  5.17076159E+00  5.21263218E+00  5.24637508E+00  5.30900431E+00
     2  'FLUX 62     '       2      64
  1.27088511E+00  1.27384889E+00  1.28354669E+00  1.31245434E+00  1.34311628E+00
  1.34528673E+00  1.35791600E+00  1.35539854E+00  1.35880744E+00  1.37302935E+00
  1.40332699E+00  1.44309461E+00  1.44481635E+00  1.37576842E+00  1.39969826E+00
  1.43476355E+00  1.50413573E+00  1.53736508E+00  1.60086536E+00  1.60951674E+00
  1.62938547E+00  1.66808379E+00  1.70699894E+00  1.72092128E+00  1.57161367E+00
  1.62820363E+00  1.71628284E+00  1.82080674E+00  1.90931439E+00  2.11772609E+00
  2.13194942E+00  2.16150165E+00  2.21698213E+00  2.27128839E+00  2.28937316E+00
  1.98663795E+00  2.11372852E+00  2.29570985E+00  2.51719236E+00  2.73232245E+00
  2.90792847E+00  3.04105520E+00  3.14286590E+00  3.17062068E+00  3.19008589E+00
  3.21029377E+00  3.21485829E+00  3.23483396E+00  3.37448239E+00  3.59434032E+00
  3.78898478E+00  3.96091032E+00  4.11296988E+00  4.24789000E+00  4.36578465E+00
  4.46997929E+00  4.56170893E+00  4.64118052E+00  4.70994043E+00  4.76880360E+00
  4.81833839E+00  4.85873508E+00  4.89131594E+00  4.95070124E+00
     2  'FLUX 63     '       2      64
  8.38167250E-01  8.40478301E-01  8.47578466E-01  8.68582010E-01  8.90888274E-01
  8.92464340E-01  9.01825905E-01  8.99102211E-01  9.01648343E-01  9.12094235E-01
  9.34262097E-01  9.63329732E-01  9.64668453E-01  9.14764583E-01  9.31971371E-01
  9.57592130E-01  1.00796616E+00  1.03223217E+00  1.07730734E+00  1.08367634E+00
  1.09841192E+00  1.12709475E+00  1.15600646E+00  1.16625214E+00  1.05711317E+00
  1.09832489E+00  1.16259646E+00  1.23967326E+00  1.30525374E+00  1.45935857E+00
  1.47018147E+00  1.49271393E+00  1.53505301E+00  1.57656026E+00  1.59020054E+00
  1.36278582E+00  1.45753038E+00  1.59411895E+00  1.76180387E+00  1.92631984E+00
  2.06135416E+00  2.16185045E+00  2.23868442E+00  2.25950384E+00  2.27421284E+00
  2.28948474E+00  2.29285789E+00  2.30794358E+00  2.41589308E+00  2.58592868E+00
  2.73567867E+00  2.86736035E+00  2.98337245E+00  3.08593750E+00  3.17531443E+00
  3.25409365E+00  3.32328033E+00  3.38311386E+00  3.43480253E+00  3.47899437E+00
  3.51615143E+00  3.54646230E+00  3.57094002E+00  3.61469388E+00
     2  'FLUX 64     '       2      64
  7.53670752E-01  7.56110251E-01  7.63182580E-01  7.83874691E-01  8.05895984E-01
  8.07443976E-01  8.16882074E-01  8.13119769E-01  8.15715253E-01  8.26127172E-01
  8.48124206E-01  8.76918852E-01  8.78334105E-01  8.29581916E-01  8.46321523E-01
  8.71678948E-01  9.21214938E-01  9.45213854E-01  9.88104582E-01  9.94464219E-01
  1.00927830E+00  1.03809595E+00  1.06720066E+00  1.07742286E+00  9.69639122E-01
  1.01018894E+00  1.07359314E+00  1.15052712E+00  1.21627665E+00  1.36976433E+00
  1.38090825E+00  1.40415943E+00  1.44789326E+00  1.49082816E+00  1.50476146E+00
  1.27416444E+00  1.36955369E+00  1.50800145E+00  1.67955959E+00  1.84937024E+00
  1.98910010E+00  2.09112048E+00  2.16900039E+00  2.19015813E+00  2.20503950E+00
  2.22042704E+00  2.22385669E+00  2.23920703E+00  2.35150790E+00  2.52873707E+00
  2.68410540E+00  2.82016683E+00  2.93959928E+00  3.04482746E+00  3.13628888E+00
  3.21670175E+00  3.28716183E+00  3.34799647E+00  3.40047216E+00  3.44528580E+00
  3.48293638E+00  3.51366329E+00  3.53851056E+00  3.58204722E+00
     2  'FLUX 65     '       2      64
  6.45799279E-01  6.48289561E-01  6.55129552E-01  6.74844027E-01  6.95906878E-01
  6.97376013E-01  7.06633151E-01  7.01501489E-01  7.04088449E-01  7.14151204E-01
  7.35298693E-01  7.62916148E-01  7.64392734E-01  7.18649507E-01  7.34294355E-01
  7.58525372E-01  8.05517256E-01  8.28376770E-01  8.66804063E-01  8.72967064E-01
  8.87423515E-01  9.15538013E-01  9.44005430E-01  9.53891277E-01  8.51408720E-01
  8.89778197E-01  9.50055003E-01  1.02431166E+00  1.08804214E+00  1.23492837E+00
  1.24611056E+00  1.26950920E+00  1.31358385E+00  1.35693574E+00  1.37079394E+00
  1.14436197E+00  1.23721826E+00  1.37319267E+00  1.54370582E+00  1.71408880E+00
  1.85438991E+00  1.95448613E+00  2.03087378E+00  2.05155873E+00  2.06608295E+00
  2.08113432E+00  2.08456945E+00  2.09956312E+00  2.21306443E+00  2.39257360E+00
  2.54909158E+00  2.68549633E+00  2.80471635E+00  2.90934134E+00  3.00000763E+00
  3.07949185E+00  3.14895773E+00  3.20882058E+00  3.26037621E+00  3.30434799E+00
  3.34126067E+00  3.37140155E+00  3.39581537E+00  3.43760133E+00
     2  'FLUX 66     '       2      64
  5.13629735E-01  5.16032815E-01  5.22357821E-01  5.40214896E-01  5.59427202E-01
  5.60759544E-01  5.69469869E-01  5.62572837E-01  5.65062761E-01  5.74343860E-01
  5.93726277E-01  6.18953943E-01  6.20468557E-01  5.80214679E-01  5.93941808E-01
  6.15866780E-01  6.58045113E-01  6.78543687E-01  7.09496439E-01  7.15202212E-01
  7.28688180E-01  7.54923820E-01  7.81584859E-01  7.90703535E-01  6.98906302E-01
  7.33041406E-01  7.87143648E-01  8.55181515E-01  9.13764179E-01  1.04568577E+00
  1.05647767E+00  1.07914686E+00  1.12194455E+00  1.16414821E+00  1.17738354E+00
  9.65733767E-01  1.05152941E+00  1.17878854E+00  1.34093964E+00  1.50467992E+00
  1.63931000E+00  1.73266482E+00  1.80387771E+00  1.82324767E+00  1.83671629E+00
  1.85064554E+00  1.85383153E+00  1.86777794E+00  1.97784770E+00  2.15191507E+00
  2.30255389E+00  2.43300962E+00  2.54641533E+00  2.64545393E+00  2.73096776E+00
  2.80567908E+00  2.87077522E+00  2.92675233E+00  2.97487330E+00  3.01585746E+00
  3.05023265E+00  3.07832265E+00  3.10112405E+00  3.13906884E+00
     2  'FLUX 67     '       2      64
  3.60333025E-01  3.62417042E-01  3.67829591E-01  3.82682204E-01  3.98878545E-01
  3.99983436E-01  4.07624334E-01  3.98675263E-01  4.00926739E-01  4.08828437E-01
  4.25211787E-01  4.46437955E-01  4.47936177E-01  4.16331708E-01  4.27113116E-01
  4.45154607E-01  4.79562014E-01  4.96038347E-01  5.15894353E-01  5.20780802E-01
  5.32418549E-01  5.55104077E-01  5.78290343E-01  5.86041629E-01  5.12066007E-01
  5.39283335E-01  5.83204210E-01  6.40102327E-01  6.89086974E-01  7.94590592E-01
  8.04314613E-01  8.24858725E-01  8.63790631E-01  9.02332544E-01  9.14099157E-01
  7.32697845E-01  8.04991961E-01  9.14439857E-01  1.05706501E+00  1.20278835E+00
  1.32210052E+00  1.40186703E+00  1.46280921E+00  1.47936738E+00  1.49077165E+00
  1.50257421E+00  1.50521040E+00  1.51716316E+00  1.61592734E+00  1.77169204E+00
  1.90507531E+00  2.01961112E+00  2.11847568E+00  2.20428777E+00  2.27804732E+00
  2.34222484E+00  2.39794588E+00  2.44574285E+00  2.48674870E+00  2.52162170E+00
  2.55084705E+00  2.57475328E+00  2.59421349E+00  2.62551999E+00
     2  'FLUX 68     '       2      64
  1.97564289E-01  1.99018255E-01  2.02996939E-01  2.13471338E-01  2.25221798E-01
  2.26002008E-01  2.31832996E-01  2.21126065E-01  2.22915322E-01  2.28658274E-01
  2.40486428E-01  2.55724579E-01  2.57091522E-01  2.37617984E-01  2.44337350E-01
  2.56582320E-01  2.79743165E-01  2.90221393E-01  2.95612723E-01  2.99196601E-01
  3.07784975E-01  3.24651986E-01  3.42096984E-01  3.47703576E-01  3.00029904E-01
  3.17235470E-01  3.46208274E-01  3.85654300E-01  4.19217974E-01  4.84110683E-01
  4.91732329E-01  5.07990837E-01  5.39048612E-01  5.70033312E-01  5.79088986E-01
  4.49157745E-01  4.99434531E-01  5.78548789E-01  6.85419083E-01  7.96060503E-01
  8.85841906E-01  9.42980170E-01  9.86887276E-01  9.98663604E-01  1.00686824E+00
  1.01520729E+00  1.01700878E+00  1.02556551E+00  1.10125589E+00  1.21926916E+00
  1.31857336E+00  1.40276086E+00  1.47470450E+00  1.53663766E+00  1.58956337E+00
  1.63538325E+00  1.67500091E+00  1.70889199E+00  1.73790658E+00  1.76254618E+00
  1.78318357E+00  1.80009687E+00  1.81392753E+00  1.83524013E+00
     2  'FLUX 69     '       2      64
  5.05957939E-02  5.11915796E-02  5.30022867E-02  5.73971942E-02  6.27460629E-02
  6.30886927E-02  6.58960566E-02  5.69496825E-02  5.78522496E-02  6.03275746E-02
  6.54562637E-02  7.20699653E-02  7.29405954E-02  6.79165199E-02  6.97833523E-02
  7.41790906E-02  8.24803934E-02  8.55129957E-02  7.83244818E-02  7.98699856E-02
  8.35594609E-02  9.10679772E-02  9.91762877E-02  1.01559304E-01  8.78853723E-02
  9.25790891E-02  1.01823181E-01  1.16229795E-01  1.27734199E-01  1.39776170E-01
  1.43349364E-01  1.51160762E-01  1.66551918E-01  1.82376772E-01  1.86555222E-01
  1.37876466E-01  1.55418605E-01  1.85967118E-01  2.30996639E-01  2.78547615E-01
  3.16511124E-01  3.38885099E-01  3.56434077E-01  3.61016095E-01  3.64145190E-01
  3.67274255E-01  3.67905617E-01  3.71257067E-01  4.04858023E-01  4.54734832E-01
  4.94961470E-01  5.28209746E-01  5.56141019E-01  5.79892159E-01  6.00038588E-01
  6.17379487E-01  6.32309794E-01  6.45054221E-01  6.55950606E-01  6.65199935E-01
  6.72953725E-01  6.79341674E-01  6.84633315E-01  6.92226648E-01
     2  'FUNSUR  1   '       2       4
  4.93629538E-02  5.11158854E-02  4.93629500E-02  5.11158891E-02
     2  'FUNSUR  2   '       2       4
  1.88842773E-01  1.93355694E-01  1.88842759E-01  1.93355694E-01
     2  'FUNSUR  3   '       2       4
  3.76900852E-01  3.82132381E-01  3.76900882E-01  3.82132381E-01
     2  'FUNSUR  4   '       2       4
  3.50081921E-01  3.52260202E-01  3.50081921E-01  3.52260232E-01
     2  'FUNSUR  5   '       2       4
  2.64134377E-01  2.62347043E-01  2.64134407E-01  2.62347043E-01
     2  'FUNSUR  6   '       2       4
  3.44734520E-01  3.41615349E-01  3.44734520E-01  3.41615349E-01
     2  'FUNSUR  7   '       2       4
  3.01062196E-01  2.98642009E-01  3.01062226E-01  2.98642069E-01
     2  'FUNSUR  8   '       2       4
  4.25547391E-01  4.22111750E-01  4.25547421E-01  4.22111809E-01
     2  'FUNSUR  9   '       2       4
  4.69289303E-01  4.65411514E-01  4.69289273E-01  4.65411603E-01
     2  'FUNSUR 10   '       2       4
  5.16715467E-01  5.12701333E-01  5.16715407E-01  5.12701392E-01
     2  'FUNSUR 11   '       2       4
  5.58610141E-01  5.54606676E-01  5.58610082E-01  5.54606795E-01
     2  'FUNSUR 12   '       2       4
  5.96302330E-01  5.92629433E-01  5.96302271E-01  5.92629492E-01
     2  'FUNSUR 13   '       2       4
  6.22227609E-01  6.18933022E-01  6.22227550E-01  6.18933082E-01
     2  'FUNSUR 14   '       2       4
  6.42515719E-01  6.39700949E-01  6.42515659E-01  6.39701009E-01
     2  'FUNSUR 15   '       2       4
  6.57269299E-01  6.54872715E-01  6.57269239E-01  6.54872835E-01
     2  'FUNSUR 16   '       2       4
  6.05981052E-01  6.04145288E-01  6.05980992E-01  6.04145348E-01
     2  'FUNSUR 17   '       2       4
  6.14216626E-01  6.12682998E-01  6.14216566E-01  6.12683058E-01
     2  'FUNSUR 18   '       2       4
  6.22257352E-01  6.20976746E-01  6.22257292E-01  6.20976806E-01
     2  'FUNSUR 19   '       2       4
  6.28082812E-01  6.27026916E-01  6.28082752E-01  6.27026975E-01
     2  'FUNSUR 20   '       2       4
  1.26820934E+00  1.26672387E+00  1.26820922E+00  1.26672411E+00
     2  'FUNSUR 21   '       2       4
  1.27408350E+00  1.27323318E+00  1.27408338E+00  1.27323318E+00
     2  'FUNSUR 22   '       2       4
  9.55288291E-01  9.54949439E-01  9.55288172E-01  9.54949617E-01
     2  'FUNSUR 23   '       2       4
  6.35649443E-01  6.35535359E-01  6.35649383E-01  6.35535419E-01
     2  'FUNSUR 24   '       2       4
  7.71214664E-01  7.71204114E-01  7.71214604E-01  7.71204174E-01
     2  'FUNSUR 25   '       2       4
  7.65888035E-01  7.66004801E-01  7.65887916E-01  7.66004920E-01
     2  'FUNSUR 26   '       2       4
  6.65599167E-01  6.65765107E-01  6.65599108E-01  6.65765226E-01
     2  'FUNSUR 27   '       2       4
  1.23395526E+00  1.23448324E+00  1.23395514E+00  1.23448336E+00
     2  'FUNSUR 28   '       2       4
  2.72312760E-01  2.72450805E-01  2.72312731E-01  2.72450864E-01
     2  'FUNSUR 29   '       2       4
  3.35151792E-01  3.35325330E-01  3.35151762E-01  3.35325360E-01
     2  'FUNSUR 30   '       2       4
  3.04999441E-01  3.05158317E-01  3.04999411E-01  3.05158347E-01
     2  'FUNSUR 31   '       2       4
  4.90671843E-01  4.90923584E-01  4.90671784E-01  4.90923643E-01
     2  'FUNSUR 32   '       2       4
  2.12653682E-01  2.12761551E-01  2.12653682E-01  2.12761551E-01
     2  'FUNSUR 33   '       2       4
  1.84734106E-01  1.84827089E-01  1.84734106E-01  1.84827119E-01
     2  'FUNSUR 34   '       2       4
  3.61156054E-02  3.61337662E-02  3.61156017E-02  3.61337736E-02
     2  'FUNSUR 35   '       2       4
  3.57575938E-02  3.57755795E-02  3.57575901E-02  3.57755832E-02
     2  'FUNSUR 36   '       2       4
  3.67325470E-02  3.67509946E-02  3.67325470E-02  3.67509983E-02
     2  'FUNSUR 37   '       2       4
  3.77288982E-02  3.77477705E-02  3.77288945E-02  3.77477780E-02
     2  'FUNSUR 38   '       2       4
  3.72253582E-02  3.72438654E-02  3.72253582E-02  3.72438729E-02
     2  'FUNSUR 39   '       2       4
  3.66923921E-02  3.67105342E-02  3.66923884E-02  3.67105417E-02
     2  'FUNSUR 40   '       2       4
  3.76951285E-02  3.77137214E-02  3.76951247E-02  3.77137251E-02
     2  'FUNSUR 41   '       2       4
  3.54865007E-02  3.55039276E-02  3.54864970E-02  3.55039313E-02
     2  'FUNSUR 42   '       2       4
  6.71549812E-02  6.71879649E-02  6.71549737E-02  6.71879724E-02
     2  'FUNSUR 43   '       2       4
  1.07745312E-01  1.07798047E-01  1.07745297E-01  1.07798062E-01
     2  'FUNSUR 44   '       2       4
  1.37156531E-01  1.37222514E-01  1.37156516E-01  1.37222543E-01
     2  'FUNSUR 45   '       2       4
  3.63317221E-01  3.63486826E-01  3.63317192E-01  3.63486886E-01
     2  'FUNSUR 46   '       2       4
  3.80281240E-01  3.80446672E-01  3.80281210E-01  3.80446732E-01
     2  'FUNSUR 47   '       2       4
  4.01512891E-01  4.01663989E-01  4.01512891E-01  4.01664048E-01
     2  'FUNSUR 48   '       2       4
  2.61467129E-01  2.61544526E-01  2.61467099E-01  2.61544555E-01
     2  'FUNSUR 49   '       2       4
  1.91530079E-01  1.91573471E-01  1.91530064E-01  1.91573501E-01
     2  'FUNSUR 50   '       2       4
  1.50120303E-01  1.50147080E-01  1.50120303E-01  1.50147110E-01
     2  'FUNSUR 51   '       2       4
  1.76702127E-01  1.76727965E-01  1.76702112E-01  1.76727995E-01
     2  'FUNSUR 52   '       2       4
  3.45116228E-01  3.45162779E-01  3.45116228E-01  3.45162809E-01
     2  'FUNSUR 53   '       2       4
  5.19882500E-01  5.19978344E-01  5.19882500E-01  5.19978404E-01
     2  'FUNSUR 54   '       2       4
  1.29601455E+00  1.29645169E+00  1.29601455E+00  1.29645181E+00
     2  'FUNSUR 55   '       2       4
  2.95977473E+00  2.96141148E+00  2.95977449E+00  2.96141195E+00
     2  'FUNSUR 56   '       2       4
  7.02421618E+00  7.02937460E+00  7.02421618E+00  7.02937508E+00
     2  'FUNSUR 57   '       2       4
  6.41264105E+00  6.41788197E+00  6.41264105E+00  6.41788244E+00
     2  'FUNSUR 58   '       2       4
  5.71919584E+00  5.72403908E+00  5.71919584E+00  5.72404003E+00
     2  'FUNSUR 59   '       2       4
  4.76685667E+00  4.77091455E+00  4.76685667E+00  4.77091503E+00
     2  'FUNSUR 60   '       2       4
  4.78595114E+00  4.78999186E+00  4.78595114E+00  4.78999233E+00
     2  'FUNSUR 61   '       2       4
  5.26427507E+00  5.26864576E+00  5.26427507E+00  5.26864624E+00
     2  'FUNSUR 62   '       2       4
  4.90978050E+00  4.91373587E+00  4.90978098E+00  4.91373587E+00
     2  'FUNSUR 63   '       2       4
  3.58572745E+00  3.58849359E+00  3.58572745E+00  3.58849406E+00
     2  'FUNSUR 64   '       2       4
  3.55439377E+00  3.55700088E+00  3.55439377E+00  3.55700088E+00
     2  'FUNSUR 65   '       2       4
  3.41233301E+00  3.41467786E+00  3.41233325E+00  3.41467810E+00
     2  'FUNSUR 66   '       2       4
  3.11745477E+00  3.11942029E+00  3.11745501E+00  3.11942053E+00
     2  'FUNSUR 67   '       2       4
  2.60896707E+00  2.61043334E+00  2.60896730E+00  2.61043406E+00
     2  'FUNSUR 68   '       2       4
  1.82503796E+00  1.82590818E+00  1.82503808E+00  1.82590866E+00
     2  'FUNSUR 69   '       2       4
  6.89255834E-01  6.89488590E-01  6.89255834E-01  6.89488649E-01
     2  '1/EIGENVALUE'       2       1
  1.11150932E+00
     1  'K-EFFECTIVE '       2       1
  1.11150932E+00
     1  'K-INFINITY  '       2       1
  1.11150932E+00
     1  'EPS-CONVERGE'       2       5
  4.99999987E-05  9.99999975E-06  4.99999987E-05  1.00000000E+01  1.00000000E+02
     1  'STATE-VECTOR'       1      40
       -99         0         3         3         1       138       127         0
        69        64         0         1         0         0         0         0
         0         0         0         0         0         0         0         0
         0         0         0         0         0         0         0         0
         0         0         0         0         0         0         0         0
