     1  'SIGNATURE   '       3      12
L_FLUX      
     1  'FLUXDIRECT  '       0      -1
     2  'FLUX  1     '       2      64
  3.67325813E-01  3.66209388E-01  3.65479261E-01  3.56424809E-01  3.47028226E-01
  3.46568853E-01  3.42561543E-01  3.61397803E-01  3.63478273E-01  3.61741722E-01
  3.53392541E-01  3.39975208E-01  3.38207453E-01  3.36232007E-01  3.36849898E-01
  3.41609716E-01  3.20834517E-01  3.27105045E-01  3.61906499E-01  3.59040916E-01
  3.53055179E-01  3.38919312E-01  3.22553039E-01  3.17748517E-01  3.25888783E-01
  3.21278632E-01  3.06240559E-01  2.95631438E-01  2.99087465E-01  3.22778493E-01
  3.19640547E-01  3.11639994E-01  2.94422328E-01  2.76112586E-01  2.69362301E-01
  2.96096683E-01  2.83197910E-01  2.64585316E-01  2.35540017E-01  2.08339259E-01
  1.84270874E-01  1.67369917E-01  1.55495837E-01  1.50317594E-01  1.45622417E-01
  1.39530286E-01  1.36340067E-01  1.30772099E-01  1.18659884E-01  1.02753639E-01
  9.04883519E-02  8.06418061E-02  7.25765228E-02  6.57748356E-02  6.04076125E-02
  5.59013151E-02  5.21003753E-02  4.90783304E-02  4.66361716E-02  4.46942411E-02
  4.32040654E-02  4.22387868E-02  4.16963808E-02  3.91816385E-02
     2  'FLUX  2     '       2      64
  1.60488081E+00  1.60092700E+00  1.59670162E+00  1.55825531E+00  1.51733887E+00
  1.51520300E+00  1.49741471E+00  1.57952833E+00  1.58663332E+00  1.57822406E+00
  1.54218054E+00  1.48547602E+00  1.47755420E+00  1.47148252E+00  1.47290444E+00
  1.48879111E+00  1.40285730E+00  1.42628336E+00  1.56928754E+00  1.55744779E+00
  1.53235734E+00  1.47365868E+00  1.40590107E+00  1.38578916E+00  1.42157209E+00
  1.40367401E+00  1.34252000E+00  1.29361844E+00  1.30049157E+00  1.39328647E+00
  1.37967920E+00  1.34560168E+00  1.27279222E+00  1.19567406E+00  1.16724491E+00
  1.28538036E+00  1.23121119E+00  1.14850783E+00  1.01957941E+00  8.99222851E-01
  7.95617700E-01  7.22376168E-01  6.69935763E-01  6.48114741E-01  6.28620028E-01
  6.03420794E-01  5.90827405E-01  5.68126917E-01  5.13392866E-01  4.41018224E-01
  3.85070771E-01  3.40161175E-01  3.03414017E-01  2.72521228E-01  2.47966349E-01
  2.27361187E-01  2.10001290E-01  1.96092740E-01  1.84796110E-01  1.75755411E-01
  1.68753296E-01  1.64044052E-01  1.61223248E-01  1.49522156E-01
     2  'FLUX  3     '       2      64
  3.40135574E+00  3.39137602E+00  3.37881660E+00  3.30177641E+00  3.21883988E+00
  3.21446180E+00  3.17526484E+00  3.33820105E+00  3.34929323E+00  3.33069897E+00
  3.25766778E+00  3.14661860E+00  3.13051081E+00  3.12369084E+00  3.12338138E+00
  3.14697003E+00  2.97481751E+00  3.01237369E+00  3.28438401E+00  3.26100278E+00
  3.21099591E+00  3.09556818E+00  2.96481967E+00  2.92473054E+00  3.00173807E+00
  2.96531177E+00  2.84353733E+00  2.73634219E+00  2.73561597E+00  2.89723325E+00
  2.87025070E+00  2.80293202E+00  2.66032505E+00  2.51140785E+00  2.45596123E+00
  2.69807887E+00  2.58704209E+00  2.41700649E+00  2.15417933E+00  1.90939391E+00
  1.70304227E+00  1.55260944E+00  1.43953168E+00  1.39365709E+00  1.35347486E+00
  1.30321872E+00  1.27961063E+00  1.23585987E+00  1.11390507E+00  9.53210056E-01
  8.28936815E-01  7.29108334E-01  6.47394657E-01  5.78803003E-01  5.23943722E-01
  4.77896601E-01  4.39109027E-01  4.07834828E-01  3.82322043E-01  3.61790180E-01
  3.45752835E-01  3.34643424E-01  3.27632993E-01  3.01282525E-01
     2  'FLUX  4     '       2      64
  3.67122531E+00  3.66753078E+00  3.65217686E+00  3.57567883E+00  3.49094439E+00
  3.48631644E+00  3.43948770E+00  3.61022806E+00  3.61861229E+00  3.59876943E+00
  3.52395725E+00  3.41435647E+00  3.39659333E+00  3.38680100E+00  3.38285851E+00
  3.39962983E+00  3.22245622E+00  3.25670123E+00  3.53393030E+00  3.51070166E+00
  3.45971298E+00  3.34317374E+00  3.21389222E+00  3.17247605E+00  3.24827147E+00
  3.21454167E+00  3.09093618E+00  2.97159052E+00  2.95717692E+00  3.11765122E+00
  3.08922696E+00  3.01896882E+00  2.87118530E+00  2.71897078E+00  2.66122603E+00
  2.91542935E+00  2.80352020E+00  2.61746907E+00  2.33118796E+00  2.07127428E+00
  1.86482203E+00  1.69968736E+00  1.56469977E+00  1.51240039E+00  1.46927011E+00
  1.41679800E+00  1.39398432E+00  1.35030472E+00  1.19958901E+00  1.01130402E+00
  8.68634403E-01  7.55282819E-01  6.63289428E-01  5.86743474E-01  5.25587618E-01
  4.74519581E-01  4.31716919E-01  3.97165418E-01  3.68975729E-01  3.46255481E-01
  3.28437448E-01  3.15838695E-01  3.07623625E-01  2.79249489E-01
     2  'FLUX  5     '       2      64
  3.56783533E+00  3.56668115E+00  3.54750037E+00  3.47864175E+00  3.40077829E+00
  3.39606977E+00  3.34922004E+00  3.50016141E+00  3.49923968E+00  3.47529650E+00
  3.40616655E+00  3.31199002E+00  3.29551291E+00  3.30619860E+00  3.29436040E+00
  3.28396487E+00  3.13608408E+00  3.14505243E+00  3.34700322E+00  3.32697988E+00
  3.28259063E+00  3.18601847E+00  3.08194613E+00  3.04697800E+00  3.13388133E+00
  3.10217357E+00  2.99655414E+00  2.86889458E+00  2.81727672E+00  2.88813877E+00
  2.86230993E+00  2.80187845E+00  2.67851567E+00  2.55417156E+00  2.50729036E+00
  2.76312423E+00  2.65611935E+00  2.47243714E+00  2.19872117E+00  1.95421720E+00
  1.77232921E+00  1.61865282E+00  1.48922563E+00  1.44405174E+00  1.40869570E+00
  1.36777747E+00  1.35216272E+00  1.31750858E+00  1.16126549E+00  9.66254890E-01
  8.18671227E-01  7.01966286E-01  6.07837319E-01  5.30360639E-01  4.68257666E-01
  4.16781664E-01  3.73988271E-01  3.39305311E-01  3.10978949E-01  2.88059622E-01
  2.69902706E-01  2.56456822E-01  2.46933997E-01  2.20989555E-01
     2  'FLUX  6     '       2      64
  4.05671167E+00  4.05004692E+00  4.02500629E+00  3.95763302E+00  3.88057017E+00
  3.87497330E+00  3.83079195E+00  3.94452238E+00  3.93918276E+00  3.91303015E+00
  3.84621024E+00  3.75954747E+00  3.74545550E+00  3.78926873E+00  3.76515388E+00
  3.73832798E+00  3.59382439E+00  3.57545757E+00  3.68588138E+00  3.66718674E+00
  3.62658763E+00  3.54093218E+00  3.45218134E+00  3.41976595E+00  3.54926252E+00
  3.49909639E+00  3.38247371E+00  3.24170923E+00  3.16151500E+00  3.11252809E+00
  3.09081149E+00  3.04046702E+00  2.94043350E+00  2.84200382E+00  2.80317163E+00
  3.08510160E+00  2.95741034E+00  2.76732731E+00  2.50876212E+00  2.27720189E+00
  2.09207749E+00  1.90841961E+00  1.75653410E+00  1.71099102E+00  1.67717564E+00
  1.63997614E+00  1.62820518E+00  1.59198713E+00  1.41889977E+00  1.20480061E+00
  1.03652656E+00  8.99794698E-01  7.87112892E-01  6.92832828E-01  6.15886509E-01
  5.51333010E-01  4.97119278E-01  4.52645361E-01  4.15967286E-01  3.86004657E-01
  3.62007707E-01  3.43857646E-01  3.30548137E-01  2.97098428E-01
     2  'FLUX  7     '       2      64
  2.99149394E+00  2.98881769E+00  2.97764683E+00  2.94765759E+00  2.91506767E+00
  2.91236281E+00  2.89543772E+00  2.91317844E+00  2.91008806E+00  2.89662504E+00
  2.86585712E+00  2.82670522E+00  2.82298255E+00  2.87599540E+00  2.85504007E+00
  2.82723784E+00  2.75434923E+00  2.72882295E+00  2.70633435E+00  2.69751096E+00
  2.67793751E+00  2.63901782E+00  2.60045338E+00  2.58537078E+00  2.70243692E+00
  2.65782189E+00  2.58007431E+00  2.48766160E+00  2.41764498E+00  2.28453755E+00
  2.27225876E+00  2.24607182E+00  2.19625211E+00  2.14781213E+00  2.12911701E+00
  2.35640597E+00  2.25779963E+00  2.11575079E+00  1.93830061E+00  1.77518713E+00
  1.64330900E+00  1.51969135E+00  1.42272890E+00  1.39674723E+00  1.37824237E+00
  1.35875237E+00  1.35388970E+00  1.33236516E+00  1.21477497E+00  1.05249798E+00
  9.17357087E-01  8.04024518E-01  7.08563447E-01  6.27598941E-01  5.60300946E-01
  5.03331542E-01  4.55177516E-01  4.15231138E-01  3.82022828E-01  3.54666114E-01
  3.32509220E-01  3.15248311E-01  3.01922649E-01  2.73846596E-01
     2  'FLUX  8     '       2      64
  3.32406449E+00  3.32062769E+00  3.31021070E+00  3.28310704E+00  3.25402284E+00
  3.25151539E+00  3.24107170E+00  3.22592497E+00  3.22287965E+00  3.21035814E+00
  3.18326664E+00  3.14833856E+00  3.14765549E+00  3.22293735E+00  3.19572949E+00
  3.16119671E+00  3.09155774E+00  3.05440497E+00  2.96672916E+00  2.95919085E+00
  2.94287229E+00  2.91135812E+00  2.88111854E+00  2.86860180E+00  3.01764202E+00
  2.95901752E+00  2.87186623E+00  2.77551508E+00  2.69355130E+00  2.48508096E+00
  2.47537684E+00  2.45546889E+00  2.41882634E+00  2.38370681E+00  2.37012243E+00
  2.62190533E+00  2.50867414E+00  2.35920882E+00  2.18887067E+00  2.03086162E+00
  1.89620030E+00  1.76844168E+00  1.67202342E+00  1.64768827E+00  1.63080859E+00
  1.61336362E+00  1.60987067E+00  1.58955228E+00  1.48090363E+00  1.31807983E+00
  1.17326617E+00  1.04652476E+00  9.36188757E-01  8.40062499E-01  7.58259237E-01
  6.87657535E-01  6.26963556E-01  5.75837135E-01  5.32762110E-01  4.96847957E-01
  4.67433482E-01  4.44273502E-01  4.26253170E-01  3.88347656E-01
     2  'FLUX  9     '       2      64
  2.62478948E+00  2.62300849E+00  2.61974335E+00  2.60988641E+00  2.60049558E+00
  2.59961534E+00  2.60223103E+00  2.55140328E+00  2.55124426E+00  2.54658628E+00
  2.53665590E+00  2.52266097E+00  2.52618241E+00  2.59355354E+00  2.57163525E+00
  2.54597092E+00  2.50775123E+00  2.47666168E+00  2.35590792E+00  2.35291982E+00
  2.34633923E+00  2.33441448E+00  2.32432723E+00  2.31919265E+00  2.44492149E+00
  2.39505267E+00  2.32976747E+00  2.26577973E+00  2.20473695E+00  2.00453019E+00
  1.99975252E+00  1.99087691E+00  1.97575653E+00  1.96142530E+00  1.95591033E+00
  2.15158629E+00  2.06412721E+00  1.95286608E+00  1.83756995E+00  1.72911799E+00
  1.63057816E+00  1.53710413E+00  1.47002518E+00  1.45423543E+00  1.44348776E+00
  1.43284583E+00  1.43141663E+00  1.41837502E+00  1.35185528E+00  1.23794305E+00
  1.12758029E+00  1.02588916E+00  9.33889985E-01  8.51217747E-01  7.79017806E-01
  7.15342283E-01  6.59556687E-01  6.11798227E-01  5.70992351E-01  5.36550283E-01
  5.08037686E-01  4.85408306E-01  4.67703879E-01  4.29439902E-01
     2  'FLUX 10     '       2      64
  2.14675117E+00  2.14545059E+00  2.14535713E+00  2.14363670E+00  2.14328671E+00
  2.14321113E+00  2.15055275E+00  2.09163189E+00  2.09265065E+00  2.09177279E+00
  2.09000468E+00  2.08618140E+00  2.09093356E+00  2.14667392E+00  2.12976551E+00
  2.11081529E+00  2.08979964E+00  2.06482005E+00  1.94561398E+00  1.94487143E+00
  1.94300795E+00  1.94034708E+00  1.93951321E+00  1.93796289E+00  2.03900623E+00
  1.99868751E+00  1.95003295E+00  1.90656829E+00  1.86129987E+00  1.68935335E+00
  1.68714952E+00  1.68374360E+00  1.67894745E+00  1.67452466E+00  1.67292047E+00
  1.82210040E+00  1.75567615E+00  1.67323756E+00  1.59383917E+00  1.51826048E+00
  1.44629097E+00  1.37907517E+00  1.33315110E+00  1.32306886E+00  1.31651926E+00
  1.31025565E+00  1.31009686E+00  1.30194438E+00  1.26144063E+00  1.18068469E+00
  1.09598088E+00  1.01418591E+00  9.37560678E-01  8.66764128E-01  8.03437948E-01
  7.46488988E-01  6.95743024E-01  6.51642859E-01  6.13475442E-01  5.80892980E-01
  5.53643584E-01  5.31812847E-01  5.14566958E-01  4.77020860E-01
     2  'FLUX 11     '       2      64
  1.78570163E+00  1.78466463E+00  1.78560805E+00  1.78687751E+00  1.78958094E+00
  1.78980899E+00  1.79756594E+00  1.74499762E+00  1.74627185E+00  1.74685049E+00
  1.74814212E+00  1.74837184E+00  1.75279391E+00  1.79589319E+00  1.78335738E+00
  1.76968873E+00  1.75769389E+00  1.73869789E+00  1.63829851E+00  1.63845694E+00
  1.63849890E+00  1.63938200E+00  1.64181209E+00  1.64171946E+00  1.71891606E+00
  1.68798637E+00  1.65229380E+00  1.62247515E+00  1.58971643E+00  1.45421600E+00
  1.45326030E+00  1.45227706E+00  1.45176780E+00  1.45141447E+00  1.45140982E+00
  1.56153905E+00  1.51260388E+00  1.45269418E+00  1.39798486E+00  1.34566891E+00
  1.29405820E+00  1.24635208E+00  1.21519947E+00  1.20882547E+00  1.20493221E+00
  1.20139349E+00  1.20185351E+00  1.19688630E+00  1.17300534E+00  1.11680889E+00
  1.05327749E+00  9.89182055E-01  9.27151859E-01  8.68330777E-01  8.14527154E-01
  7.65248656E-01  7.20631480E-01  6.81310594E-01  6.46867752E-01  6.17152214E-01
  5.92064202E-01  5.71794093E-01  5.55638850E-01  5.20115793E-01
     2  'FLUX 12     '       2      64
  1.50366783E+00  1.50271249E+00  1.50424469E+00  1.50742626E+00  1.51203918E+00
  1.51244020E+00  1.51985097E+00  1.47495782E+00  1.47630811E+00  1.47778940E+00
  1.48101234E+00  1.48393035E+00  1.48783636E+00  1.51967013E+00  1.51089215E+00
  1.50163829E+00  1.49630129E+00  1.48225915E+00  1.40109408E+00  1.40181148E+00
  1.40305912E+00  1.40616739E+00  1.41054964E+00  1.41137254E+00  1.46761215E+00
  1.44488907E+00  1.42028606E+00  1.40128243E+00  1.37857270E+00  1.27554119E+00
  1.27541208E+00  1.27597475E+00  1.27811241E+00  1.28028631E+00  1.28123772E+00
  1.35893285E+00  1.32432437E+00  1.28309238E+00  1.24760878E+00  1.21286297E+00
  1.17698979E+00  1.14482343E+00  1.12487423E+00  1.12118340E+00  1.11912203E+00
  1.11746180E+00  1.11820710E+00  1.11558020E+00  1.10247052E+00  1.06364334E+00
  1.01625323E+00  9.66355681E-01  9.16537166E-01  8.68126154E-01  8.22884023E-01
  7.80730128E-01  7.41994083E-01  7.07395613E-01  6.76741779E-01  6.50026441E-01
  6.27262354E-01  6.08691692E-01  5.93720615E-01  5.60924828E-01
     2  'FLUX 13     '       2      64
  1.27269959E+00  1.27200484E+00  1.27361500E+00  1.27746046E+00  1.28251410E+00
  1.28298879E+00  1.28916216E+00  1.25378251E+00  1.25501001E+00  1.25682008E+00
  1.26068079E+00  1.26475346E+00  1.26790309E+00  1.28974712E+00  1.28399420E+00
  1.27818048E+00  1.27682436E+00  1.26713741E+00  1.20607495E+00  1.20699930E+00
  1.20872164E+00  1.21260548E+00  1.21752989E+00  1.21875024E+00  1.25704515E+00
  1.24140656E+00  1.22550178E+00  1.21437120E+00  1.19970167E+00  1.12618995E+00
  1.12652278E+00  1.12782729E+00  1.13109982E+00  1.13438249E+00  1.13573205E+00
  1.18696344E+00  1.16403198E+00  1.13743258E+00  1.11621201E+00  1.09513319E+00
  1.07170415E+00  1.04993713E+00  1.03683281E+00  1.03476167E+00  1.03382766E+00
  1.03335786E+00  1.03423917E+00  1.03297973E+00  1.02605474E+00  1.00012815E+00
  9.65966582E-01  9.28448319E-01  8.89828563E-01  8.51393282E-01  8.14721406E-01
  7.79980421E-01  7.47595131E-01  7.18295693E-01  6.92051649E-01  6.68958187E-01
  6.49107635E-01  6.32773459E-01  6.19476616E-01  5.90311408E-01
     2  'FLUX 14     '       2      64
  1.09399331E+00  1.09316111E+00  1.09471989E+00  1.09830618E+00  1.10297167E+00
  1.10335290E+00  1.10860443E+00  1.08185756E+00  1.08289623E+00  1.08458221E+00
  1.08827448E+00  1.09218955E+00  1.09462714E+00  1.10958970E+00  1.10607469E+00
  1.10268009E+00  1.10381174E+00  1.09726453E+00  1.05236506E+00  1.05328631E+00
  1.05504811E+00  1.05888736E+00  1.06336343E+00  1.06461179E+00  1.09034634E+00
  1.07984674E+00  1.07014275E+00  1.06432068E+00  1.05514896E+00  1.00314784E+00
  1.00362265E+00  1.00510716E+00  1.00849855E+00  1.01178229E+00  1.01315153E+00
  1.04699719E+00  1.03199971E+00  1.01532686E+00  1.00315225E+00  9.89689946E-01
  9.74003613E-01  9.62845922E-01  9.57903206E-01  9.57426727E-01  9.57434416E-01
  9.57744777E-01  9.58561182E-01  9.58645284E-01  9.58668411E-01  9.43251133E-01
  9.19651508E-01  8.92179370E-01  8.62846971E-01  8.32873523E-01  8.03636193E-01
  7.75462151E-01  7.48818994E-01  7.24402785E-01  7.02295482E-01  6.82656407E-01
  6.65628731E-01  6.51490867E-01  6.39864445E-01  6.14480197E-01
     2  'FLUX 15     '       2      64
  9.70542371E-01  9.69877660E-01  9.71239567E-01  9.74638641E-01  9.78846729E-01
  9.79278207E-01  9.83507931E-01  9.62959349E-01  9.63843346E-01  9.65499341E-01
  9.69003677E-01  9.72884357E-01  9.74808514E-01  9.84583616E-01  9.82547820E-01
  9.80772614E-01  9.82937753E-01  9.78734076E-01  9.45873737E-01  9.46773350E-01
  9.48501229E-01  9.52145576E-01  9.56293106E-01  9.57597256E-01  9.74249125E-01
  9.67392504E-01  9.61692393E-01  9.59219217E-01  9.53974783E-01  9.17907894E-01
  9.18532550E-01  9.20138597E-01  9.23570633E-01  9.26913500E-01  9.28330719E-01
  9.49216843E-01  9.39911425E-01  9.30153668E-01  9.24336016E-01  9.17386293E-01
  9.07532394E-01  9.00333226E-01  8.97872388E-01  8.98022056E-01  8.98424029E-01
  8.99083555E-01  8.99805665E-01  9.00199533E-01  9.02570128E-01  8.93649042E-01
  8.77536476E-01  8.57644260E-01  8.35627854E-01  8.12548101E-01  7.89554238E-01
  7.67035067E-01  7.45447695E-01  7.25424528E-01  7.07110703E-01  6.90696716E-01
  6.76351011E-01  6.64344192E-01  6.54385328E-01  6.32671893E-01
     2  'FLUX 16     '       2      64
  7.99745142E-01  7.99231648E-01  8.00325036E-01  8.03148746E-01  8.06608558E-01
  8.06944907E-01  8.09958518E-01  7.95836031E-01  7.96504736E-01  7.97873676E-01
  8.00786138E-01  8.04120481E-01  8.05466413E-01  8.10961545E-01  8.10033202E-01
  8.09378803E-01  8.11954975E-01  8.09543014E-01  7.88022339E-01  7.88777471E-01
  7.90252984E-01  7.93330491E-01  7.96766043E-01  7.97865450E-01  8.06988180E-01
  8.03159952E-01  8.00638974E-01  8.00416648E-01  7.97991812E-01  7.75810599E-01
  7.76406169E-01  7.77854860E-01  7.80856192E-01  7.83798575E-01  7.85000741E-01
  7.95674503E-01  7.90870428E-01  7.86432505E-01  7.84971535E-01  7.82340586E-01
  7.77409554E-01  7.74460614E-01  7.74187148E-01  7.74655223E-01  7.75182366E-01
  7.75947392E-01  7.76567400E-01  7.77285695E-01  7.80299783E-01  7.75705636E-01
  7.65596271E-01  7.52367318E-01  7.37224281E-01  7.20973194E-01  7.04469800E-01
  6.88069940E-01  6.72156274E-01  6.57235980E-01  6.43465638E-01  6.31026089E-01
  6.20076239E-01  6.10846341E-01  6.03133261E-01  5.86344182E-01
     2  'FLUX 17     '       2      64
  7.16803610E-01  7.15939939E-01  7.17029750E-01  7.19686508E-01  7.22776234E-01
  7.23163366E-01  7.26522267E-01  7.15042174E-01  7.15672791E-01  7.16998160E-01
  7.19820321E-01  7.22822249E-01  7.24030554E-01  7.27828741E-01  7.27765679E-01
  7.28045940E-01  7.31928468E-01  7.30563462E-01  7.13820219E-01  7.14598417E-01
  7.16113806E-01  7.19183683E-01  7.22242177E-01  7.23492384E-01  7.28939354E-01
  7.26738393E-01  7.26568162E-01  7.28549480E-01  7.28055120E-01  7.12381244E-01
  7.13027775E-01  7.14537144E-01  7.17538178E-01  7.20250785E-01  7.21562922E-01
  7.27227986E-01  7.24928796E-01  7.23973513E-01  7.25703776E-01  7.24984646E-01
  7.20756114E-01  7.21596241E-01  7.25921273E-01  7.27354646E-01  7.28365481E-01
  7.29373097E-01  7.29638517E-01  7.30746925E-01  7.39670336E-01  7.41065443E-01
  7.36260235E-01  7.28010178E-01  7.17552066E-01  7.05697656E-01  6.93202615E-01
  6.80475295E-01  6.67892277E-01  6.55912280E-01  6.44721270E-01  6.34509444E-01
  6.25441313E-01  6.17731810E-01  6.11230612E-01  5.97119093E-01
     2  'FLUX 18     '       2      64
  6.89418972E-01  6.89185381E-01  6.90133572E-01  6.92916930E-01  6.96289897E-01
  6.96516454E-01  6.98314250E-01  6.89581394E-01  6.90083861E-01  6.91381633E-01
  6.94196701E-01  6.97763801E-01  6.98581517E-01  6.99397027E-01  6.99592233E-01
  7.00196624E-01  7.03705788E-01  7.03073502E-01  6.92003369E-01  6.92726672E-01
  6.94192171E-01  6.97225332E-01  7.00642705E-01  7.01636970E-01  7.02565014E-01
  7.01946914E-01  7.02934325E-01  7.05434024E-01  7.06107259E-01  6.97807550E-01
  6.98494613E-01  7.00055897E-01  7.03194261E-01  7.06400871E-01  7.07503796E-01
  7.06512272E-01  7.06728876E-01  7.08287954E-01  7.12199330E-01  7.15122283E-01
  7.16516614E-01  7.17981458E-01  7.19405234E-01  7.20131993E-01  7.20877469E-01
  7.21914828E-01  7.22703576E-01  7.23986387E-01  7.26203799E-01  7.25448370E-01
  7.21191406E-01  7.14547098E-01  7.06224144E-01  6.96761489E-01  6.86713934E-01
  6.76401019E-01  6.66128576E-01  6.56277776E-01  6.47016168E-01  6.38515413E-01
  6.30926073E-01  6.24439061E-01  6.18939817E-01  6.07012928E-01
     2  'FLUX 19     '       2      64
  6.39583170E-01  6.39180779E-01  6.40143871E-01  6.43014431E-01  6.46365702E-01
  6.46574199E-01  6.48606360E-01  6.40966952E-01  6.41443610E-01  6.42777562E-01
  6.45710051E-01  6.49354577E-01  6.50082946E-01  6.49934351E-01  6.50544643E-01
  6.51700735E-01  6.56180739E-01  6.56045496E-01  6.47176445E-01  6.47953510E-01
  6.49541795E-01  6.52779341E-01  6.56223416E-01  6.57319725E-01  6.56067193E-01
  6.56389832E-01  6.58776104E-01  6.62687659E-01  6.64521754E-01  6.59661174E-01
  6.60428584E-01  6.62144303E-01  6.65539205E-01  6.68867350E-01  6.70064330E-01
  6.65840507E-01  6.67620242E-01  6.71347022E-01  6.77498937E-01  6.81923628E-01
  6.83602333E-01  6.86398208E-01  6.89827085E-01  6.91151679E-01  6.92227781E-01
  6.93533301E-01  6.94216549E-01  6.95502996E-01  7.00441539E-01  7.02951610E-01
  7.01685488E-01  6.97967410E-01  6.92508936E-01  6.85832679E-01  6.78412497E-01
  6.70577824E-01  6.62612319E-01  6.54848099E-01  6.47456944E-01  6.40603364E-01
  6.34431243E-01  6.29111409E-01  6.24562979E-01  6.14720404E-01
     2  'FLUX 20     '       2      64
  1.15629458E+00  1.15548420E+00  1.15749192E+00  1.16351080E+00  1.17038798E+00
  1.17086339E+00  1.17487299E+00  1.16264677E+00  1.16355383E+00  1.16632199E+00
  1.17245388E+00  1.18010890E+00  1.18138039E+00  1.17795920E+00  1.18026686E+00
  1.18373179E+00  1.19457841E+00  1.19577074E+00  1.18450892E+00  1.18615937E+00
  1.18956518E+00  1.19645929E+00  1.20358884E+00  1.20603573E+00  1.19733799E+00
  1.20048058E+00  1.20867479E+00  1.21963000E+00  1.22613657E+00  1.22633910E+00
  1.22806227E+00  1.23184133E+00  1.23920572E+00  1.24634397E+00  1.24900174E+00
  1.23117983E+00  1.23896730E+00  1.25198233E+00  1.26978135E+00  1.28357410E+00
  1.29117393E+00  1.30077159E+00  1.31052577E+00  1.31376421E+00  1.31622696E+00
  1.31902468E+00  1.32015622E+00  1.32288969E+00  1.33595157E+00  1.34667242E+00
  1.35054874E+00  1.34988654E+00  1.34588838E+00  1.33945012E+00  1.33127093E+00
  1.32198489E+00  1.31207550E+00  1.30206048E+00  1.29227138E+00  1.28300381E+00
  1.27451217E+00  1.26707399E+00  1.26061046E+00  1.24669814E+00
     2  'FLUX 21     '       2      64
  1.04352844E+00  1.04211628E+00  1.04393995E+00  1.04926419E+00  1.05512381E+00
  1.05563426E+00  1.05966783E+00  1.05165124E+00  1.05247235E+00  1.05502784E+00
  1.06061792E+00  1.06725049E+00  1.06824446E+00  1.06280231E+00  1.06615829E+00
  1.07065690E+00  1.08215904E+00  1.08451521E+00  1.08030605E+00  1.08187366E+00
  1.08510411E+00  1.09148645E+00  1.09757268E+00  1.09999633E+00  1.08711874E+00
  1.09210575E+00  1.10275829E+00  1.11570430E+00  1.12422884E+00  1.13295650E+00
  1.13464713E+00  1.13826656E+00  1.14510179E+00  1.15139806E+00  1.15397453E+00
  1.13073659E+00  1.14118636E+00  1.15805209E+00  1.17879987E+00  1.19374311E+00
  1.20104825E+00  1.21498120E+00  1.23044634E+00  1.23490214E+00  1.23782325E+00
  1.24070048E+00  1.24118280E+00  1.24393094E+00  1.26411116E+00  1.28224957E+00
  1.29305875E+00  1.29927528E+00  1.30210292E+00  1.30239439E+00  1.30066061E+00
  1.29754198E+00  1.29345644E+00  1.28878736E+00  1.28385627E+00  1.27892339E+00
  1.27420890E+00  1.26992190E+00  1.26606143E+00  1.25787628E+00
     2  'FLUX 22     '       2      64
  6.98557913E-01  6.97657704E-01  6.99336112E-01  7.05058157E-01  7.11462975E-01
  7.11888134E-01  7.14898527E-01  7.06903100E-01  7.07646251E-01  7.10318983E-01
  7.16196954E-01  7.23792195E-01  7.24643707E-01  7.17871785E-01  7.21011460E-01
  7.25444615E-01  7.36473143E-01  7.38796771E-01  7.35755444E-01  7.37354934E-01
  7.40717292E-01  7.47456312E-01  7.54428387E-01  7.56763399E-01  7.41850913E-01
  7.47397840E-01  7.58199394E-01  7.71080196E-01  7.79923141E-01  7.91289389E-01
  7.93164313E-01  7.97147572E-01  8.04783881E-01  8.12267601E-01  8.14890385E-01
  7.86979437E-01  7.98817158E-01  8.17206919E-01  8.39933634E-01  8.58952463E-01
  8.71948957E-01  8.83890331E-01  8.93645108E-01  8.96644652E-01  8.98917317E-01
  9.01488662E-01  9.02406394E-01  9.04971063E-01  9.16403532E-01  9.30404067E-01
  9.40566421E-01  9.47842896E-01  9.52832282E-01  9.56028938E-01  9.57673371E-01
  9.58210230E-01  9.57902670E-01  9.56961155E-01  9.55610454E-01  9.54022586E-01
  9.52339411E-01  9.50679719E-01  9.49078560E-01  9.45788443E-01
     2  'FLUX 23     '       2      64
  4.60300267E-01  4.59904701E-01  4.60864365E-01  4.64116514E-01  4.67693657E-01
  4.67934996E-01  4.69483644E-01  4.66376215E-01  4.66764987E-01  4.68270659E-01
  4.71586853E-01  4.75896537E-01  4.76267070E-01  4.71267104E-01  4.73372340E-01
  4.76232827E-01  4.82960850E-01  4.84821796E-01  4.85726506E-01  4.86637503E-01
  4.88557190E-01  4.92379874E-01  4.96273041E-01  4.97627288E-01  4.87089574E-01
  4.91062343E-01  4.98194993E-01  5.06375074E-01  5.12288570E-01  5.22327662E-01
  5.23413897E-01  5.25697231E-01  5.30039132E-01  5.34268856E-01  5.35778821E-01
  5.17078996E-01  5.25107801E-01  5.37083387E-01  5.51441669E-01  5.63686311E-01
  5.72385609E-01  5.80166221E-01  5.86299300E-01  5.88141680E-01  5.89536786E-01
  5.91093600E-01  5.91618359E-01  5.93181908E-01  6.00300193E-01  6.09511912E-01
  6.16621315E-01  6.22068405E-01  6.26154900E-01  6.29148185E-01  6.31152809E-01
  6.32435799E-01  6.33145630E-01  6.33389652E-01  6.33304656E-01  6.32991195E-01
  6.32531822E-01  6.31989896E-01  6.31399751E-01  6.30243480E-01
     2  'FLUX 24     '       2      64
  4.63156432E-01  4.61682767E-01  4.63324338E-01  4.69444484E-01  4.76312637E-01
  4.76768821E-01  4.79945779E-01  4.70997155E-01  4.71789390E-01  4.74732012E-01
  4.81166512E-01  4.89522487E-01  4.90440130E-01  4.83055711E-01  4.86593127E-01
  4.91581559E-01  5.03324687E-01  5.05549192E-01  5.02152205E-01  5.03921211E-01
  5.07681608E-01  5.15208900E-01  5.23009956E-01  5.25554061E-01  5.08853316E-01
  5.15047491E-01  5.27117729E-01  5.41347623E-01  5.51126480E-01  5.63741565E-01
  5.65953135E-01  5.70628107E-01  5.79555631E-01  5.88322699E-01  5.91320872E-01
  5.58859050E-01  5.72321534E-01  5.93865693E-01  6.20290458E-01  6.42200828E-01
  6.56872511E-01  6.70029640E-01  6.80448949E-01  6.83577120E-01  6.85939312E-01
  6.88587070E-01  6.89481556E-01  6.92154527E-01  7.04117119E-01  7.19223499E-01
  7.30933607E-01  7.40138829E-01  7.47356594E-01  7.53006041E-01  7.57218361E-01
  7.60384858E-01  7.62703538E-01  7.64292181E-01  7.65335798E-01  7.65960336E-01
  7.66265810E-01  7.66316950E-01  7.66174257E-01  7.66071022E-01
     2  'FLUX 25     '       2      64
  3.93341333E-01  3.91916841E-01  3.93729717E-01  4.00561154E-01  4.08261269E-01
  4.08782184E-01  4.12376344E-01  4.02744114E-01  4.03515905E-01  4.06672239E-01
  4.13807720E-01  4.23191845E-01  4.24245507E-01  4.16026622E-01  4.19884950E-01
  4.25187707E-01  4.38882738E-01  4.41374719E-01  4.37434584E-01  4.39407170E-01
  4.43638831E-01  4.52217489E-01  4.61174905E-01  4.64161217E-01  4.45124507E-01
  4.52154160E-01  4.66040164E-01  4.82375622E-01  4.93461460E-01  5.07633150E-01
  5.10177433E-01  5.15594065E-01  5.26034176E-01  5.36367178E-01  5.39991915E-01
  5.02386093E-01  5.18014610E-01  5.42921603E-01  5.73860526E-01  5.99897504E-01
  6.17941678E-01  6.34104192E-01  6.46772861E-01  6.50549233E-01  6.53387845E-01
  6.56566262E-01  6.57611310E-01  6.60841584E-01  6.75378025E-01  6.93938851E-01
  7.08566368E-01  7.20310748E-01  7.29775965E-01  7.37445235E-01  7.43444085E-01
  7.48223245E-01  7.51996458E-01  7.54870594E-01  7.57049978E-01  7.58665502E-01
  7.59819210E-01  7.60564864E-01  7.60983348E-01  7.62145638E-01
     2  'FLUX 26     '       2      64
  4.67089862E-01  4.67255801E-01  4.67714190E-01  4.69281614E-01  4.70793426E-01
  4.70907271E-01  4.70991224E-01  4.74876940E-01  4.74953383E-01  4.75679398E-01
  4.77238923E-01  4.79373664E-01  4.79104698E-01  4.72150505E-01  4.74459708E-01
  4.77293134E-01  4.82121557E-01  4.85164702E-01  4.95813102E-01  4.96268481E-01
  4.97241646E-01  4.99064654E-01  5.00714064E-01  5.01453280E-01  4.88373339E-01
  4.93498176E-01  5.00654578E-01  5.07916868E-01  5.14358103E-01  5.33308089E-01
  5.33944011E-01  5.35158575E-01  5.37309527E-01  5.39326608E-01  5.40111482E-01
  5.19844830E-01  5.28882027E-01  5.40685892E-01  5.53334713E-01  5.64819336E-01
  5.73954403E-01  5.81988275E-01  5.88087440E-01  5.89807391E-01  5.91048360E-01
  5.92383921E-01  5.92728496E-01  5.94037592E-01  6.00662649E-01  6.10961556E-01
  6.20096743E-01  6.27982020E-01  6.34704828E-01  6.40413821E-01  6.45092010E-01
  6.48975194E-01  6.52168572E-01  6.54714525E-01  6.56737030E-01  6.58317029E-01
  6.59517884E-01  6.60371661E-01  6.60945714E-01  6.62333608E-01
     2  'FLUX 27     '       2      64
  5.55466235E-01  5.52816808E-01  5.55634737E-01  5.66977859E-01  5.79841852E-01
  5.80718398E-01  5.86649895E-01  5.70669353E-01  5.71812689E-01  5.76976895E-01
  5.88895202E-01  6.04788780E-01  6.06570899E-01  5.92815161E-01  5.99286318E-01
  6.08016551E-01  6.31233096E-01  6.35097682E-01  6.28318310E-01  6.31628394E-01
  6.38812602E-01  6.53511524E-01  6.68994367E-01  6.74130380E-01  6.41429484E-01
  6.53475344E-01  6.77406549E-01  7.05320001E-01  7.24112451E-01  7.48151004E-01
  7.52638280E-01  7.62215555E-01  7.80771315E-01  7.99283147E-01  8.05763304E-01
  7.39345610E-01  7.66676307E-01  8.10735285E-01  8.65606308E-01  9.11992729E-01
  9.44597304E-01  9.73702490E-01  9.96304333E-01  1.00296760E+00  1.00791860E+00
  1.01343191E+00  1.01520324E+00  1.02079976E+00  1.04630315E+00  1.07985067E+00
  1.10719275E+00  1.12990820E+00  1.14891267E+00  1.16495311E+00  1.17812872E+00
  1.18918133E+00  1.19842505E+00  1.20596421E+00  1.21212447E+00  1.21709979E+00
  1.22103381E+00  1.22397327E+00  1.22608972E+00  1.23115587E+00
     2  'FLUX 28     '       2      64
  1.76026806E-01  1.76131025E-01  1.76290691E-01  1.76809952E-01  1.77229136E-01
  1.77264720E-01  1.77141055E-01  1.79841071E-01  1.79860473E-01  1.80126220E-01
  1.80641234E-01  1.81327656E-01  1.81114227E-01  1.77591488E-01  1.78722367E-01
  1.80105597E-01  1.82091832E-01  1.83685899E-01  1.90065131E-01  1.90227136E-01
  1.90570310E-01  1.91146761E-01  1.91564143E-01  1.91812873E-01  1.85311079E-01
  1.87874570E-01  1.91246063E-01  1.94546103E-01  1.97681263E-01  2.08049029E-01
  2.08283857E-01  2.08693802E-01  2.09339991E-01  2.09873185E-01  2.10100591E-01
  2.00359300E-01  2.04748362E-01  2.10281312E-01  2.15909123E-01  2.21052766E-01
  2.25172788E-01  2.28839546E-01  2.31625408E-01  2.32394159E-01  2.32928723E-01
  2.33495444E-01  2.33602777E-01  2.34135270E-01  2.37085149E-01  2.41978467E-01
  2.46511906E-01  2.50557840E-01  2.54120380E-01  2.57246822E-01  2.59906471E-01
  2.62199491E-01  2.64164388E-01  2.65805125E-01  2.67174006E-01  2.68301606E-01
  2.69211233E-01  2.69908637E-01  2.70430535E-01  2.71636873E-01
     2  'FLUX 29     '       2      64
  2.31947139E-01  2.32054010E-01  2.32154563E-01  2.32627615E-01  2.33032510E-01
  2.33065531E-01  2.32842222E-01  2.35734671E-01  2.35706106E-01  2.35918716E-01
  2.36383542E-01  2.37096682E-01  2.36870810E-01  2.33274683E-01  2.34396949E-01
  2.35723749E-01  2.37667710E-01  2.39234462E-01  2.45772213E-01  2.45912343E-01
  2.46223420E-01  2.46793687E-01  2.47285187E-01  2.47539803E-01  2.40896344E-01
  2.43514970E-01  2.46932581E-01  2.50223726E-01  2.53339529E-01  2.63657838E-01
  2.63904870E-01  2.64347821E-01  2.65113086E-01  2.65852183E-01  2.66138226E-01
  2.56018698E-01  2.60505021E-01  2.66257048E-01  2.72212267E-01  2.77756631E-01
  2.82383621E-01  2.86337942E-01  2.89232552E-01  2.90020287E-01  2.90572941E-01
  2.91158527E-01  2.91270554E-01  2.91837633E-01  2.94821531E-01  3.00005645E-01
  3.04941565E-01  3.09434384E-01  3.13455909E-01  3.17035437E-01  3.20121974E-01
  3.22814047E-01  3.25145513E-01  3.27112883E-01  3.28770071E-01  3.30147743E-01
  3.31269264E-01  3.32138419E-01  3.32798123E-01  3.34307760E-01
     2  'FLUX 30     '       2      64
  2.25917026E-01  2.26008072E-01  2.26016402E-01  2.26175740E-01  2.26240858E-01
  2.26250246E-01  2.25930780E-01  2.28817284E-01  2.28763863E-01  2.28839368E-01
  2.28993639E-01  2.29281694E-01  2.29043260E-01  2.26174131E-01  2.27039129E-01
  2.28040382E-01  2.29253292E-01  2.30526775E-01  2.36422747E-01  2.36478239E-01
  2.36607939E-01  2.36814067E-01  2.36929864E-01  2.37048477E-01  2.31854722E-01
  2.33920738E-01  2.36463115E-01  2.38804385E-01  2.41169944E-01  2.49713108E-01
  2.49851078E-01  2.50068516E-01  2.50404388E-01  2.50713825E-01  2.50844002E-01
  2.43205756E-01  2.46613085E-01  2.50872105E-01  2.55100697E-01  2.59069711E-01
  2.62407422E-01  2.65272230E-01  2.67372817E-01  2.67930746E-01  2.68310070E-01
  2.68698156E-01  2.68745333E-01  2.69106805E-01  2.71228701E-01  2.75178820E-01
  2.79086262E-01  2.82728463E-01  2.86048084E-01  2.89046407E-01  2.91666627E-01
  2.93977052E-01  2.95997739E-01  2.97719061E-01  2.99181104E-01  3.00406158E-01
  3.01411122E-01  3.02197129E-01  3.02800804E-01  3.04169774E-01
     2  'FLUX 31     '       2      64
  3.78146797E-01  3.78263146E-01  3.78277838E-01  3.78523976E-01  3.78654391E-01
  3.78669590E-01  3.78247052E-01  3.82090122E-01  3.82016122E-01  3.82127136E-01
  3.82367611E-01  3.82809550E-01  3.82494211E-01  3.78590852E-01  3.79770041E-01
  3.81129324E-01  3.82823795E-01  3.84551734E-01  3.92471254E-01  3.92554700E-01
  3.92749906E-01  3.93077284E-01  3.93294513E-01  3.93472373E-01  3.86368334E-01
  3.89198333E-01  3.92700851E-01  3.95933419E-01  3.99168164E-01  4.10666168E-01
  4.10866559E-01  4.11192447E-01  4.11715031E-01  4.12210822E-01  4.12411481E-01
  4.01951134E-01  4.06617731E-01  4.12475109E-01  4.18323547E-01  4.23800945E-01
  4.28398252E-01  4.32320565E-01  4.35177863E-01  4.35922235E-01  4.36428636E-01
  4.36937392E-01  4.36987162E-01  4.37459648E-01  4.40306276E-01  4.45792824E-01
  4.51339334E-01  4.56594288E-01  4.61450726E-01  4.65890020E-01  4.69815344E-01
  4.73311335E-01  4.76397514E-01  4.79050457E-01  4.81322527E-01  4.83241498E-01
  4.84827906E-01  4.86079842E-01  4.87051815E-01  4.89238918E-01
     2  'FLUX 32     '       2      64
  1.65676817E-01  1.65711269E-01  1.65749013E-01  1.65928081E-01  1.66076392E-01
  1.66089371E-01  1.65999845E-01  1.67261302E-01  1.67245895E-01  1.67325184E-01
  1.67503014E-01  1.67775482E-01  1.67677566E-01  1.66178033E-01  1.66651785E-01
  1.67205378E-01  1.68008164E-01  1.68677881E-01  1.71477348E-01  1.71532512E-01
  1.71655536E-01  1.71880722E-01  1.72065198E-01  1.72170311E-01  1.69384390E-01
  1.70495570E-01  1.71935484E-01  1.73312932E-01  1.74620926E-01  1.78913683E-01
  1.79012969E-01  1.79189950E-01  1.79493815E-01  1.79782569E-01  1.79898143E-01
  1.75740480E-01  1.77605018E-01  1.79984212E-01  1.82425961E-01  1.84665084E-01
  1.86480656E-01  1.88086078E-01  1.89297557E-01  1.89615622E-01  1.89828873E-01
  1.90043554E-01  1.90063938E-01  1.90255001E-01  1.91497341E-01  1.93777770E-01
  1.96062937E-01  1.98230907E-01  2.00241968E-01  2.02088684E-01  2.03730077E-01
  2.05199316E-01  2.06502587E-01  2.07628638E-01  2.08597600E-01  2.09419668E-01
  2.10102424E-01  2.10644066E-01  2.11067170E-01  2.12015405E-01
     2  'FLUX 33     '       2      64
  1.40883774E-01  1.40899554E-01  1.40988141E-01  1.41321614E-01  1.41668990E-01
  1.41694292E-01  1.41738132E-01  1.42275438E-01  1.42285883E-01  1.42429188E-01
  1.42761946E-01  1.43233687E-01  1.43203646E-01  1.41970798E-01  1.42386943E-01
  1.42887846E-01  1.43837467E-01  1.44365937E-01  1.46074548E-01  1.46168262E-01
  1.46372348E-01  1.46778286E-01  1.47178441E-01  1.47340462E-01  1.44949377E-01
  1.45890012E-01  1.47242859E-01  1.48626417E-01  1.49805740E-01  1.53003082E-01
  1.53138146E-01  1.53407097E-01  1.53908491E-01  1.54405802E-01  1.54591396E-01
  1.50810272E-01  1.52488872E-01  1.54736310E-01  1.57205805E-01  1.59428120E-01
  1.61182895E-01  1.62724793E-01  1.63884208E-01  1.64196029E-01  1.64411426E-01
  1.64634705E-01  1.64668873E-01  1.64880067E-01  1.66099504E-01  1.68196127E-01
  1.70237333E-01  1.72149613E-01  1.73911676E-01  1.75523937E-01  1.76954165E-01
  1.78233624E-01  1.79368705E-01  1.80350050E-01  1.81195289E-01  1.81913227E-01
  1.82510331E-01  1.82984695E-01  1.83355764E-01  1.84187353E-01
     2  'FLUX 34     '       2      64
  2.79913340E-02  2.79933196E-02  2.80067679E-02  2.80545019E-02  2.80990545E-02
  2.81026550E-02  2.81056203E-02  2.82579586E-02  2.82589998E-02  2.82806456E-02
  2.83285808E-02  2.83941347E-02  2.83835903E-02  2.81444006E-02  2.82250922E-02
  2.83220671E-02  2.84849238E-02  2.85918619E-02  2.89836023E-02  2.89979521E-02
  2.90290695E-02  2.90875454E-02  2.91383900E-02  2.91630607E-02  2.87052952E-02
  2.88872179E-02  2.91391555E-02  2.93904841E-02  2.96141636E-02  3.02775055E-02
  3.02986745E-02  3.03390548E-02  3.04106250E-02  3.04772314E-02  3.05036735E-02
  2.98033804E-02  3.01176123E-02  3.05299386E-02  3.09663918E-02  3.13563123E-02
  3.16581763E-02  3.19340564E-02  3.21485028E-02  3.22056226E-02  3.22440192E-02
  3.22825685E-02  3.22859213E-02  3.23202759E-02  3.25479060E-02  3.29400785E-02
  3.33249383E-02  3.36876400E-02  3.40233557E-02  3.43316533E-02  3.46060544E-02
  3.48521769E-02  3.50710228E-02  3.52606438E-02  3.54242921E-02  3.55635472E-02
  3.56795639E-02  3.57719176E-02  3.58443446E-02  3.60062979E-02
     2  'FLUX 35     '       2      64
  2.74769105E-02  2.74785217E-02  2.74951272E-02  2.75556259E-02  2.76169553E-02
  2.76215281E-02  2.76306067E-02  2.77412124E-02  2.77434830E-02  2.77700592E-02
  2.78306212E-02  2.79147066E-02  2.79081576E-02  2.76741013E-02  2.77539827E-02
  2.78506316E-02  2.80287601E-02  2.81302296E-02  2.84664650E-02  2.84838118E-02
  2.85214409E-02  2.85949633E-02  2.86649428E-02  2.86944825E-02  2.82408968E-02
  2.84197386E-02  2.86763087E-02  2.89377235E-02  2.91617829E-02  2.97793131E-02
  2.98040230E-02  2.98528075E-02  2.99425330E-02  3.00296340E-02  3.00626494E-02
  2.93514784E-02  2.96681076E-02  3.00914869E-02  3.05522047E-02  3.09633408E-02
  3.12823541E-02  3.15684266E-02  3.17875892E-02  3.18465978E-02  3.18867378E-02
  3.19279209E-02  3.19331028E-02  3.19713280E-02  3.22028287E-02  3.25986557E-02
  3.29844542E-02  3.33466381E-02  3.36810872E-02  3.39877643E-02  3.42604294E-02
  3.45048420E-02  3.47221158E-02  3.49103212E-02  3.50727327E-02  3.52109335E-02
  3.53260785E-02  3.54177281E-02  3.54895927E-02  3.56504507E-02
     2  'FLUX 36     '       2      64
  2.81282011E-02  2.81296875E-02  2.81485841E-02  2.82173511E-02  2.82889549E-02
  2.82941740E-02  2.83071510E-02  2.83991676E-02  2.84022111E-02  2.84320991E-02
  2.85008792E-02  2.85966173E-02  2.85919961E-02  2.83544436E-02  2.84361895E-02
  2.85354368E-02  2.87267994E-02  2.88285445E-02  2.91451011E-02  2.91644987E-02
  2.92065646E-02  2.92898994E-02  2.93714441E-02  2.94043832E-02  2.89408620E-02
  2.91230474E-02  2.93891206E-02  2.96632554E-02  2.98939310E-02  3.05045247E-02
  3.05317100E-02  3.05861086E-02  3.06874830E-02  3.07871569E-02  3.08244526E-02
  3.00893560E-02  3.04158032E-02  3.08559705E-02  3.13413478E-02  3.17739844E-02
  3.21094878E-02  3.24086212E-02  3.26369442E-02  3.26981135E-02  3.27405557E-02
  3.27840671E-02  3.27900387E-02  3.28307636E-02  3.30732130E-02  3.34836580E-02
  3.38818133E-02  3.42547931E-02  3.45987901E-02  3.49140167E-02  3.51941772E-02
  3.54452804E-02  3.56684923E-02  3.58618610E-02  3.60287502E-02  3.61707881E-02
  3.62891555E-02  3.63833904E-02  3.64572853E-02  3.66227329E-02
     2  'FLUX 37     '       2      64
  2.91187037E-02  2.91209165E-02  2.91385893E-02  2.92018466E-02  2.92659290E-02
  2.92707179E-02  2.92805843E-02  2.93943845E-02  2.93969344E-02  2.94247959E-02
  2.94880345E-02  2.95755453E-02  2.95688398E-02  2.93259490E-02  2.94088516E-02
  2.95092948E-02  2.96945684E-02  2.98005436E-02  3.01484019E-02  3.01665235E-02
  3.02057248E-02  3.02822236E-02  3.03549170E-02  3.03856619E-02  2.99155749E-02
  3.01011074E-02  3.03668957E-02  3.06382533E-02  3.08710299E-02  3.15106958E-02
  3.15363072E-02  3.15868147E-02  3.16796154E-02  3.17695811E-02  3.18037271E-02
  3.10683213E-02  3.13964151E-02  3.18337716E-02  3.23098302E-02  3.27352472E-02
  3.30661088E-02  3.33618112E-02  3.35873626E-02  3.36478166E-02  3.36892381E-02
  3.37315351E-02  3.37368399E-02  3.37762199E-02  3.40138674E-02  3.44237015E-02
  3.48245203E-02  3.52015384E-02  3.55502255E-02  3.58703807E-02  3.61553989E-02
  3.64111811E-02  3.66387814E-02  3.68361473E-02  3.70066278E-02  3.71518284E-02
  3.72729115E-02  3.73693928E-02  3.74451429E-02  3.76144759E-02
     2  'FLUX 38     '       2      64
  2.86878981E-02  2.86903828E-02  2.87092365E-02  2.87770797E-02  2.88476627E-02
  2.88528316E-02  2.88650859E-02  2.89583169E-02  2.89613660E-02  2.89909020E-02
  2.90586166E-02  2.91529354E-02  2.91481502E-02  2.89117303E-02  2.89926939E-02
  2.90910397E-02  2.92796381E-02  2.93816552E-02  2.96985395E-02  2.97176205E-02
  2.97589228E-02  2.98406556E-02  2.99206711E-02  2.99530569E-02  2.94935741E-02
  2.96743922E-02  2.99369954E-02  3.02077178E-02  3.04365046E-02  3.10432799E-02
  3.10698990E-02  3.11231147E-02  3.12221833E-02  3.13197076E-02  3.13561819E-02
  3.06306649E-02  3.09535917E-02  3.13867927E-02  3.18640471E-02  3.22907753E-02
  3.26233022E-02  3.29172723E-02  3.31394374E-02  3.31990793E-02  3.32403146E-02
  3.32822762E-02  3.32880877E-02  3.33278514E-02  3.35632339E-02  3.39681320E-02
  3.43633294E-02  3.47347297E-02  3.50780711E-02  3.53932567E-02  3.56738754E-02
  3.59257385E-02  3.61499004E-02  3.63443270E-02  3.65123190E-02  3.66554409E-02
  3.67748365E-02  3.68700139E-02  3.69447842E-02  3.71117331E-02
     2  'FLUX 39     '       2      64
  2.86740884E-02  2.86774505E-02  2.86922604E-02  2.87446231E-02  2.87958141E-02
  2.87997462E-02  2.88041923E-02  2.89357938E-02  2.89374869E-02  2.89609116E-02
  2.90131476E-02  2.90854331E-02  2.90767122E-02  2.88438145E-02  2.89220568E-02
  2.90164780E-02  2.91806329E-02  2.92841066E-02  2.96446867E-02  2.96598952E-02
  2.96927933E-02  2.97557674E-02  2.98135206E-02  2.98394449E-02  2.93944739E-02
  2.95708980E-02  2.98169237E-02  3.00650224E-02  3.02834734E-02  3.09110098E-02
  3.09328940E-02  3.09752114E-02  3.10515929E-02  3.11246421E-02  3.11527569E-02
  3.04689333E-02  3.07755899E-02  3.11780684E-02  3.16091441E-02  3.19965743E-02
  3.23002189E-02  3.25698815E-02  3.27738784E-02  3.28280330E-02  3.28649692E-02
  3.29023711E-02  3.29064429E-02  3.29413228E-02  3.31534855E-02  3.35325971E-02
  3.39087248E-02  3.42650339E-02  3.45961340E-02  3.49011645E-02  3.51735428E-02
  3.54185104E-02  3.56369130E-02  3.58266346E-02  3.59907560E-02  3.61307338E-02
  3.62476110E-02  3.63409109E-02  3.64143252E-02  3.65778506E-02
     2  'FLUX 40     '       2      64
  2.94799916E-02  2.94834971E-02  2.94993781E-02  2.95561869E-02  2.96131521E-02
  2.96174251E-02  2.96233613E-02  2.97457017E-02  2.97476761E-02  2.97727659E-02
  2.98293456E-02  2.99082361E-02  2.99004763E-02  2.96649262E-02  2.97442153E-02
  2.98399497E-02  3.00110374E-02  3.01147662E-02  3.04657910E-02  3.04820240E-02
  3.05171553E-02  3.05853058E-02  3.06495540E-02  3.06772701E-02  3.02262660E-02
  3.04047670E-02  3.06559857E-02  3.09107602E-02  3.11326794E-02  3.17559578E-02
  3.17790955E-02  3.18242982E-02  3.19068916E-02  3.19870077E-02  3.20174806E-02
  3.13211456E-02  3.16330008E-02  3.20442542E-02  3.24882753E-02  3.28865796E-02
  3.31978537E-02  3.34737822E-02  3.36822644E-02  3.37379053E-02  3.37756574E-02
  3.38138007E-02  3.38176526E-02  3.38532217E-02  3.40727791E-02  3.44612785E-02
  3.48458290E-02  3.52099538E-02  3.55483182E-02  3.58601324E-02  3.61386575E-02
  3.63892578E-02  3.66127640E-02  3.68070081E-02  3.69751081E-02  3.71185355E-02
  3.72383446E-02  3.73340175E-02  3.74093316E-02  3.75770777E-02
     2  'FLUX 41     '       2      64
  2.80904491E-02  2.80945320E-02  2.81064454E-02  2.81488001E-02  2.81884931E-02
  2.81916223E-02  2.81907711E-02  2.83357315E-02  2.83365455E-02  2.83557586E-02
  2.83978432E-02  2.84565035E-02  2.84461286E-02  2.82247514E-02  2.82978807E-02
  2.83856634E-02  2.85291076E-02  2.86285020E-02  2.89947633E-02  2.90072411E-02
  2.90341973E-02  2.90847346E-02  2.91292444E-02  2.91505978E-02  2.87331957E-02
  2.88993027E-02  2.91250069E-02  2.93492805E-02  2.95517948E-02  3.01586241E-02
  3.01770102E-02  3.02116722E-02  3.02730091E-02  3.03308889E-02  3.03534903E-02
  2.97238808E-02  3.00074369E-02  3.03743761E-02  3.07606105E-02  3.11089605E-02
  3.13830972E-02  3.16259116E-02  3.18090580E-02  3.18570137E-02  3.18894126E-02
  3.19216922E-02  3.19244303E-02  3.19544151E-02  3.21426466E-02  3.24900560E-02
  3.28397118E-02  3.31734531E-02  3.34851407E-02  3.37733887E-02  3.40315886E-02
  3.42643820E-02  3.44723538E-02  3.46533544E-02  3.48101817E-02  3.49441282E-02
  3.50561254E-02  3.51456702E-02  3.52162607E-02  3.53732109E-02
     2  'FLUX 42     '       2      64
  5.39663136E-02  5.39742075E-02  5.39896414E-02  5.40405512E-02  5.40780313E-02
  5.40817156E-02  5.40674031E-02  5.44186868E-02  5.44178896E-02  5.44429421E-02
  5.44936210E-02  5.45617566E-02  5.45343943E-02  5.41194826E-02  5.42548671E-02
  5.44161946E-02  5.46456240E-02  5.48386052E-02  5.56229129E-02  5.56395352E-02
  5.56752011E-02  5.57357222E-02  5.57762645E-02  5.58048300E-02  5.50353825E-02
  5.53446971E-02  5.57462648E-02  5.61335981E-02  5.65017499E-02  5.77025712E-02
  5.77284954E-02  5.77736162E-02  5.78461997E-02  5.79071939E-02  5.79340346E-02
  5.68138845E-02  5.73243350E-02  5.79674281E-02  5.86163551E-02  5.92011623E-02
  5.96580543E-02  6.00764491E-02  6.03996404E-02  6.04845136E-02  6.05390184E-02
  6.05921969E-02  6.05927892E-02  6.06391169E-02  6.09704256E-02  6.15938604E-02
  6.22298233E-02  6.28415421E-02  6.34159371E-02  6.39491752E-02  6.44283965E-02
  6.48614988E-02  6.52491897E-02  6.55872077E-02  6.58805221E-02  6.61313534E-02
  6.63413331E-02  6.65094256E-02  6.66421354E-02  6.69370294E-02
     2  'FLUX 43     '       2      64
  8.39451253E-02  8.39518160E-02  8.40138495E-02  8.42320994E-02  8.44672620E-02
  8.44838992E-02  8.45371187E-02  8.46824422E-02  8.46951157E-02  8.47890899E-02
  8.50064233E-02  8.53082836E-02  8.53057057E-02  8.46773461E-02  8.48966241E-02
  8.51649940E-02  8.57201591E-02  8.59874710E-02  8.67052227E-02  8.67652372E-02
  8.68945792E-02  8.71546566E-02  8.74175727E-02  8.75183195E-02  8.62852633E-02
  8.67687240E-02  8.74935463E-02  8.82561132E-02  8.88797790E-02  9.04014409E-02
  9.04817060E-02  9.06453803E-02  9.09551531E-02  9.12641212E-02  9.13781822E-02
  8.94087031E-02  9.02854726E-02  9.14749578E-02  9.28131044E-02  9.40015167E-02
  9.49181318E-02  9.57285091E-02  9.63408053E-02  9.65054184E-02  9.66194496E-02
  9.67365131E-02  9.67517942E-02  9.68632102E-02  9.75155905E-02  9.86289382E-02
  9.97156650E-02  1.00739576E-01  1.01689294E-01  1.02564178E-01  1.03346020E-01
  1.04050174E-01  1.04679048E-01  1.05226330E-01  1.05700687E-01  1.06106043E-01
  1.06445163E-01  1.06716365E-01  1.06930114E-01  1.07407019E-01
     2  'FLUX 44     '       2      64
  1.08229987E-01  1.08238600E-01  1.08311892E-01  1.08560823E-01  1.08822450E-01
  1.08841389E-01  1.08902290E-01  1.09136932E-01  1.09152079E-01  1.09261341E-01
  1.09509766E-01  1.09849259E-01  1.09840617E-01  1.09067872E-01  1.09337717E-01
  1.09668493E-01  1.10327154E-01  1.10664010E-01  1.11615248E-01  1.11685142E-01
  1.11835249E-01  1.12132035E-01  1.12423047E-01  1.12539418E-01  1.11031510E-01
  1.11625656E-01  1.12503454E-01  1.13422580E-01  1.14185832E-01  1.16103381E-01
  1.16196677E-01  1.16384842E-01  1.16736136E-01  1.17080234E-01  1.17209233E-01
  1.14832260E-01  1.15896471E-01  1.17326230E-01  1.18917748E-01  1.20331109E-01
  1.21417619E-01  1.22379676E-01  1.23103939E-01  1.23297796E-01  1.23430237E-01
  1.23566322E-01  1.23581722E-01  1.23709857E-01  1.24477647E-01  1.25820145E-01
  1.27145335E-01  1.28401801E-01  1.29572570E-01  1.30654991E-01  1.31625429E-01
  1.32501766E-01  1.33286178E-01  1.33970365E-01  1.34564549E-01  1.35073230E-01
  1.35499537E-01  1.35841206E-01  1.36111259E-01  1.36711493E-01
     2  'FLUX 45     '       2      64
  2.92838335E-01  2.92853802E-01  2.93034524E-01  2.93640137E-01  2.94276804E-01
  2.94323176E-01  2.94483066E-01  2.95012742E-01  2.95051128E-01  2.95317650E-01
  2.95923799E-01  2.96746880E-01  2.96729445E-01  2.94887036E-01  2.95536637E-01
  2.96333760E-01  2.97936112E-01  2.98741043E-01  3.00952524E-01  3.01123738E-01
  3.01490843E-01  3.02216560E-01  3.02925080E-01  3.03209931E-01  2.99616992E-01
  3.01034689E-01  3.03143442E-01  3.05360019E-01  3.07187140E-01  3.11659753E-01
  3.11886609E-01  3.12345564E-01  3.13202441E-01  3.14039111E-01  3.14355016E-01
  3.08728695E-01  3.11256170E-01  3.14661533E-01  3.18465471E-01  3.21807623E-01
  3.24315995E-01  3.26567858E-01  3.28279585E-01  3.28740865E-01  3.29046339E-01
  3.29355687E-01  3.29377383E-01  3.29668403E-01  3.31485301E-01  3.34721893E-01
  3.37957203E-01  3.41051936E-01  3.43956292E-01  3.46657664E-01  3.49093705E-01
  3.51304084E-01  3.53291333E-01  3.55032057E-01  3.56549472E-01  3.57853055E-01
  3.58949244E-01  3.59831154E-01  3.60531390E-01  3.62081736E-01
     2  'FLUX 46     '       2      64
  3.23022813E-01  3.23015541E-01  3.23143870E-01  3.23580414E-01  3.24034214E-01
  3.24067950E-01  3.24187815E-01  3.24664652E-01  3.24685365E-01  3.24877143E-01
  3.25323999E-01  3.25926125E-01  3.25906217E-01  3.24498236E-01  3.25005084E-01
  3.25613081E-01  3.26856613E-01  3.27465385E-01  3.29117656E-01  3.29248518E-01
  3.29530984E-01  3.30089688E-01  3.30623031E-01  3.30847263E-01  3.28131229E-01
  3.29211086E-01  3.30836058E-01  3.32540721E-01  3.33916485E-01  3.36979359E-01
  3.37161303E-01  3.37529898E-01  3.38220388E-01  3.38890821E-01  3.39153320E-01
  3.35059792E-01  3.36917877E-01  3.39462250E-01  3.42340618E-01  3.44744056E-01
  3.46328735E-01  3.47844422E-01  3.49042803E-01  3.49359691E-01  3.49552691E-01
  3.49710047E-01  3.49676549E-01  3.49823147E-01  3.51102799E-01  3.53658557E-01
  3.56374204E-01  3.59064668E-01  3.61653179E-01  3.64106387E-01  3.66354883E-01
  3.68420810E-01  3.70297939E-01  3.71958286E-01  3.73417646E-01  3.74680668E-01
  3.75750184E-01  3.76617342E-01  3.77312392E-01  3.78835648E-01
     2  'FLUX 47     '       2      64
  3.76980156E-01  3.76918852E-01  3.76989603E-01  3.77216071E-01  3.77473682E-01
  3.77492249E-01  3.77627760E-01  3.77499640E-01  3.77505094E-01  3.77597988E-01
  3.77850801E-01  3.78173679E-01  3.78194749E-01  3.77801299E-01  3.78003836E-01
  3.78215790E-01  3.78883123E-01  3.79023701E-01  3.78733873E-01  3.78812224E-01
  3.78979653E-01  3.79333377E-01  3.79672915E-01  3.79824102E-01  3.79190862E-01
  3.79468590E-01  3.80048305E-01  3.80722344E-01  3.81071657E-01  3.80043864E-01
  3.80151778E-01  3.80385518E-01  3.80857319E-01  3.81329596E-01  3.81540895E-01
  3.81281823E-01  3.81502092E-01  3.81975561E-01  3.82748932E-01  3.82863969E-01
  3.81995797E-01  3.81512225E-01  3.81207675E-01  3.81157160E-01  3.80981922E-01
  3.80801111E-01  3.80563021E-01  3.80366892E-01  3.80059391E-01  3.80720109E-01
  3.82031202E-01  3.83639485E-01  3.85381222E-01  3.87161613E-01  3.88890177E-01
  3.90542984E-01  3.92092258E-01  3.93499434E-01  3.94762248E-01  3.95874470E-01
  3.96831065E-01  3.97619933E-01  3.98264915E-01  3.99650991E-01
     2  'FLUX 48     '       2      64
  2.83909500E-01  2.83834934E-01  2.83814758E-01  2.83660412E-01  2.83504546E-01
  2.83494264E-01  2.83547074E-01  2.83292055E-01  2.83280492E-01  2.83210486E-01
  2.83081323E-01  2.82855898E-01  2.82868028E-01  2.83491611E-01  2.83359587E-01
  2.83149719E-01  2.82901019E-01  2.82638073E-01  2.81147987E-01  2.81120151E-01
  2.81048119E-01  2.80918360E-01  2.80746698E-01  2.80725718E-01  2.82308370E-01
  2.81747580E-01  2.81048149E-01  2.80377179E-01  2.79601574E-01  2.75240034E-01
  2.75182426E-01  2.75074989E-01  2.74907917E-01  2.74740785E-01  2.74741113E-01
  2.78806925E-01  2.77219236E-01  2.75165319E-01  2.73074061E-01  2.70348340E-01
  2.66803354E-01  2.64096498E-01  2.62153864E-01  2.61567444E-01  2.61106551E-01
  2.60561794E-01  2.60192007E-01  2.59641171E-01  2.57478476E-01  2.55598307E-01
  2.54748762E-01  2.54479796E-01  2.54575580E-01  2.54900217E-01  2.55368829E-01
  2.55912572E-01  2.56488830E-01  2.57061005E-01  2.57607579E-01  2.58112758E-01
  2.58564681E-01  2.58952320E-01  2.59283543E-01  2.59968430E-01
     2  'FLUX 49     '       2      64
  2.29902744E-01  2.29836911E-01  2.29836449E-01  2.29691282E-01  2.29567111E-01
  2.29557440E-01  2.29648560E-01  2.29036272E-01  2.29042664E-01  2.28977531E-01
  2.28849739E-01  2.28613317E-01  2.28653118E-01  2.29569554E-01  2.29352668E-01
  2.29052603E-01  2.28671566E-01  2.28297651E-01  2.26098746E-01  2.26064697E-01
  2.25969866E-01  2.25801617E-01  2.25603551E-01  2.25567400E-01  2.27819577E-01
  2.27002904E-01  2.25960180E-01  2.24982545E-01  2.23906860E-01  2.18243167E-01
  2.18146473E-01  2.17964292E-01  2.17669189E-01  2.17382833E-01  2.17345521E-01
  2.22830787E-01  2.20677078E-01  2.17817336E-01  2.14859158E-01  2.11220711E-01
  2.06749037E-01  2.03276008E-01  2.00731397E-01  2.00076237E-01  1.99458644E-01
  1.98781818E-01  1.98405027E-01  1.97727188E-01  1.94965288E-01  1.92150697E-01
  1.90452695E-01  1.89419910E-01  1.88829333E-01  1.88536212E-01  1.88461751E-01
  1.88522369E-01  1.88671052E-01  1.88873336E-01  1.89100683E-01  1.89333677E-01
  1.89558193E-01  1.89763814E-01  1.89951256E-01  1.90319747E-01
     2  'FLUX 50     '       2      64
  1.92367688E-01  1.92316934E-01  1.92336798E-01  1.92232266E-01  1.92159459E-01
  1.92152441E-01  1.92258865E-01  1.91542938E-01  1.91561818E-01  1.91516519E-01
  1.91422641E-01  1.91228867E-01  1.91277117E-01  1.92188054E-01  1.91972896E-01
  1.91686973E-01  1.91323355E-01  1.90963417E-01  1.88679382E-01  1.88650891E-01
  1.88563049E-01  1.88408792E-01  1.88231289E-01  1.88198641E-01  1.90484002E-01
  1.89654529E-01  1.88588396E-01  1.87605575E-01  1.86528444E-01  1.80785298E-01
  1.80679470E-01  1.80478573E-01  1.80149794E-01  1.79832608E-01  1.79782912E-01
  1.85445637E-01  1.83237836E-01  1.80257484E-01  1.77150503E-01  1.73368886E-01
  1.68774739E-01  1.65174335E-01  1.62518516E-01  1.61828563E-01  1.61197960E-01
  1.60510987E-01  1.60125315E-01  1.59458503E-01  1.56575248E-01  1.53502613E-01
  1.51529565E-01  1.50225163E-01  1.49374321E-01  1.48835585E-01  1.48536474E-01
  1.48391321E-01  1.48353502E-01  1.48391023E-01  1.48473755E-01  1.48581758E-01
  1.48700446E-01  1.48820087E-01  1.48938268E-01  1.49157450E-01
     2  'FLUX 51     '       2      64
  2.37229005E-01  2.37177730E-01  2.37224728E-01  2.37119734E-01  2.37063080E-01
  2.37055704E-01  2.37203985E-01  2.36219674E-01  2.36256987E-01  2.36215115E-01
  2.36117914E-01  2.35891059E-01  2.35956579E-01  2.37118453E-01  2.36849606E-01
  2.36499548E-01  2.36040413E-01  2.35599071E-01  2.32562244E-01  2.32528970E-01
  2.32415959E-01  2.32215077E-01  2.31982440E-01  2.31941238E-01  2.34976739E-01
  2.33880699E-01  2.32454598E-01  2.31151685E-01  2.29728922E-01  2.21971363E-01
  2.21817836E-01  2.21522406E-01  2.21031159E-01  2.20556259E-01  2.20473662E-01
  2.28282481E-01  2.25267813E-01  2.21131325E-01  2.16777161E-01  2.11488158E-01
  2.05078587E-01  2.00010404E-01  1.96261525E-01  1.95179328E-01  1.94346026E-01
  1.93421572E-01  1.92872629E-01  1.91964030E-01  1.87836006E-01  1.83367923E-01
  1.80429712E-01  1.78427920E-01  1.77066728E-01  1.76150903E-01  1.75583243E-01
  1.75243139E-01  1.75065771E-01  1.75008193E-01  1.75027192E-01  1.75094634E-01
  1.75189808E-01  1.75299495E-01  1.75418168E-01  1.75624877E-01
     2  'FLUX 52     '       2      64
  4.76652652E-01  4.76578712E-01  4.76768166E-01  4.76741910E-01  4.76842463E-01
  4.76840556E-01  4.77227777E-01  4.75046188E-01  4.75167900E-01  4.75175381E-01
  4.75152194E-01  4.74894375E-01  4.75042135E-01  4.77140814E-01  4.76710707E-01
  4.76170689E-01  4.75533038E-01  4.74801034E-01  4.68547165E-01  4.68519688E-01
  4.68355685E-01  4.68071967E-01  4.67713773E-01  4.67683643E-01  4.73634124E-01
  4.71516997E-01  4.68781382E-01  4.66375172E-01  4.63646978E-01  4.47362840E-01
  4.47040409E-01  4.46415514E-01  4.45376754E-01  4.44367290E-01  4.44203526E-01
  4.60774243E-01  4.54508901E-01  4.45751339E-01  4.36471611E-01  4.24981922E-01
  4.10806179E-01  3.99532676E-01  3.91052157E-01  3.88732314E-01  3.86832386E-01
  3.84744108E-01  3.83672923E-01  3.81602407E-01  3.72273207E-01  3.62116426E-01
  3.55380446E-01  3.50743979E-01  3.47549349E-01  3.45362097E-01  3.43967438E-01
  3.43094915E-01  3.42599571E-01  3.42385799E-01  3.42355877E-01  3.42445642E-01
  3.42608184E-01  3.42813283E-01  3.43046159E-01  3.43439072E-01
     2  'FLUX 53     '       2      64
  6.98348343E-01  6.98310256E-01  6.98806703E-01  6.99307084E-01  7.00038314E-01
  7.00072527E-01  7.00822532E-01  6.97676480E-01  6.97946668E-01  6.98218882E-01
  6.98702514E-01  6.98975861E-01  6.99197114E-01  7.00994253E-01  7.00832665E-01
  7.00680077E-01  7.00864553E-01  7.00434983E-01  6.92395985E-01  6.92488611E-01
  6.92505658E-01  6.92576051E-01  6.92509055E-01  6.92657113E-01  6.99293375E-01
  6.97038591E-01  6.94242835E-01  6.92093074E-01  6.89233661E-01  6.67206705E-01
  6.66816652E-01  6.66056633E-01  6.64818406E-01  6.63601279E-01  6.63479805E-01
  6.85894132E-01  6.77790165E-01  6.66118264E-01  6.53692067E-01  6.37447298E-01
  6.16400421E-01  5.99535704E-01  5.86659729E-01  5.83162069E-01  5.80281079E-01
  5.77003777E-01  5.75538754E-01  5.72447419E-01  5.58065653E-01  5.42729855E-01
  5.32777965E-01  5.26090086E-01  5.21626472E-01  5.18707037E-01  5.16983747E-01
  5.16042292E-01  5.15655935E-01  5.15669227E-01  5.15932679E-01  5.16345918E-01
  5.16834676E-01  5.17348051E-01  5.17866790E-01  5.18806994E-01
     2  'FLUX 54     '       2      64
  1.50904143E+00  1.50915456E+00  1.51105666E+00  1.51449859E+00  1.51857328E+00
  1.51882255E+00  1.52130044E+00  1.51514792E+00  1.51602483E+00  1.51772845E+00
  1.52111268E+00  1.52473903E+00  1.52525187E+00  1.52310884E+00  1.52491057E+00
  1.52747619E+00  1.53338993E+00  1.53531897E+00  1.52439213E+00  1.52522802E+00
  1.52660227E+00  1.52932966E+00  1.53167069E+00  1.53297329E+00  1.53570485E+00
  1.53538609E+00  1.53613126E+00  1.53900433E+00  1.53912878E+00  1.50633395E+00
  1.50619006E+00  1.50594676E+00  1.50584173E+00  1.50565040E+00  1.50630534E+00
  1.53716409E+00  1.52777028E+00  1.51308119E+00  1.49787569E+00  1.47278130E+00
  1.43433535E+00  1.40378034E+00  1.38043022E+00  1.37338030E+00  1.36845624E+00
  1.36237240E+00  1.35940254E+00  1.35389674E+00  1.32729888E+00  1.30116236E+00
  1.28607917E+00  1.27747178E+00  1.27314055E+00  1.27167821E+00  1.27227604E+00
  1.27414620E+00  1.27682042E+00  1.27993703E+00  1.28321612E+00  1.28645730E+00
  1.28950691E+00  1.29224038E+00  1.29466045E+00  1.29940200E+00
     2  'FLUX 55     '       2      64
  2.61838245E+00  2.61911559E+00  2.62481976E+00  2.63828635E+00  2.65332460E+00
  2.65432620E+00  2.66149259E+00  2.65137577E+00  2.65368485E+00  2.66011763E+00
  2.67352700E+00  2.68982434E+00  2.69102955E+00  2.66920066E+00  2.67868614E+00
  2.69181776E+00  2.71970224E+00  2.73135066E+00  2.73114204E+00  2.73466921E+00
  2.74161148E+00  2.75525784E+00  2.76823688E+00  2.77379251E+00  2.74082828E+00
  2.75475955E+00  2.77828193E+00  2.80811763E+00  2.82907772E+00  2.82480025E+00
  2.82732558E+00  2.83258700E+00  2.84297395E+00  2.85288119E+00  2.85761952E+00
  2.84354758E+00  2.85671449E+00  2.87147737E+00  2.89117312E+00  2.89074588E+00
  2.85995030E+00  2.83690286E+00  2.81851268E+00  2.81315780E+00  2.80862331E+00
  2.80362964E+00  2.80016994E+00  2.79560089E+00  2.77552557E+00  2.76723933E+00
  2.77290511E+00  2.78572083E+00  2.80258751E+00  2.82165360E+00  2.84149098E+00
  2.86136746E+00  2.88068199E+00  2.89879608E+00  2.91548657E+00  2.93052864E+00
  2.94373536E+00  2.95487285E+00  2.96414709E+00  2.98279810E+00
     2  'FLUX 56     '       2      64
  4.42220879E+00  4.42459106E+00  4.43926048E+00  4.47862959E+00  4.52153826E+00
  4.52451324E+00  4.54301167E+00  4.52857494E+00  4.53396416E+00  4.55257082E+00
  4.59228230E+00  4.64269972E+00  4.64545918E+00  4.56649637E+00  4.59698009E+00
  4.63912582E+00  4.72719431E+00  4.76584864E+00  4.81157446E+00  4.82234716E+00
  4.84503508E+00  4.88957977E+00  4.93312454E+00  4.95033121E+00  4.80270195E+00
  4.86114264E+00  4.95489597E+00  5.06593418E+00  5.15242338E+00  5.28236389E+00
  5.29415321E+00  5.31855392E+00  5.36497641E+00  5.40976810E+00  5.42738676E+00
  5.22177172E+00  5.32077932E+00  5.45393038E+00  5.61342144E+00  5.73478222E+00
  5.78848219E+00  5.83922195E+00  5.87981892E+00  5.89074469E+00  5.89703989E+00
  5.90355682E+00  5.90212679E+00  5.90860224E+00  5.96234512E+00  6.06935072E+00
  6.18084335E+00  6.29022741E+00  6.39499950E+00  6.49413776E+00  6.58544207E+00
  6.66974783E+00  6.74681139E+00  6.81566763E+00  6.87680674E+00  6.93029451E+00
  6.97611523E+00  7.01389885E+00  7.04463196E+00  7.10608149E+00
     2  'FLUX 57     '       2      64
  3.08473873E+00  3.08734655E+00  3.10071158E+00  3.13868237E+00  3.17954421E+00
  3.18241668E+00  3.19937968E+00  3.19205523E+00  3.19673562E+00  3.21473193E+00
  3.25340247E+00  3.30333185E+00  3.30566406E+00  3.22250342E+00  3.25318003E+00
  3.29591656E+00  3.38398337E+00  3.42378402E+00  3.48804665E+00  3.49871492E+00
  3.52191997E+00  3.56738019E+00  3.61226320E+00  3.62941456E+00  3.46359229E+00
  3.52804708E+00  3.62984705E+00  3.74870062E+00  3.84458971E+00  4.03344488E+00
  4.04715252E+00  4.07550478E+00  4.12896538E+00  4.18074274E+00  4.19985628E+00
  3.92462158E+00  4.04833555E+00  4.21927738E+00  4.42284822E+00  4.59909487E+00
  4.71721745E+00  4.81853867E+00  4.89914513E+00  4.92105675E+00  4.93587160E+00
  4.95099640E+00  4.95265150E+00  4.96695185E+00  5.07255077E+00  5.24324846E+00
  5.40230608E+00  5.54864073E+00  5.68255806E+00  5.80496740E+00  5.91458750E+00
  6.01360464E+00  6.10247946E+00  6.18069172E+00  6.24928093E+00  6.30866671E+00
  6.35909557E+00  6.40038586E+00  6.43373489E+00  6.49923754E+00
     2  'FLUX 58     '       2      64
  2.31917357E+00  2.32181334E+00  2.33351231E+00  2.36768651E+00  2.40420151E+00
  2.40678263E+00  2.42156458E+00  2.41803741E+00  2.42206049E+00  2.43835282E+00
  2.47336340E+00  2.51896048E+00  2.52088761E+00  2.44254494E+00  2.47074032E+00
  2.51031303E+00  2.59082317E+00  2.62803531E+00  2.69532967E+00  2.70508194E+00
  2.72665477E+00  2.76883745E+00  2.81074548E+00  2.82643342E+00  2.66596437E+00
  2.72782040E+00  2.82460880E+00  2.93722796E+00  3.02976227E+00  3.22978306E+00
  3.24335670E+00  3.27142596E+00  3.32418489E+00  3.37546802E+00  3.39375281E+00
  3.10837436E+00  3.23338318E+00  3.40780449E+00  3.61566234E+00  3.80435085E+00
  3.94435716E+00  4.05926800E+00  4.14888954E+00  4.17322063E+00  4.19013262E+00
  4.20756006E+00  4.21059227E+00  4.22741890E+00  4.34408331E+00  4.52952003E+00
  4.69860125E+00  4.85160446E+00  4.98976183E+00  5.11463261E+00  5.22540140E+00
  5.32465267E+00  5.41311789E+00  5.49051666E+00  5.55805540E+00  5.61628771E+00
  5.66556597E+00  5.70581579E+00  5.73825598E+00  5.80101728E+00
     2  'FLUX 59     '       2      64
  1.70904934E+00  1.71146894E+00  1.72108853E+00  1.74955273E+00  1.77984107E+00
  1.78198504E+00  1.79413080E+00  1.79242289E+00  1.79571831E+00  1.80937994E+00
  1.83868742E+00  1.87701714E+00  1.87856066E+00  1.81167591E+00  1.83539498E+00
  1.86896515E+00  1.93658638E+00  1.96834910E+00  2.02867389E+00  2.03689265E+00
  2.05527902E+00  2.09117317E+00  2.12696910E+00  2.14018607E+00  2.00097179E+00
  2.05436826E+00  2.13749099E+00  2.23433399E+00  2.31482267E+00  2.49661088E+00
  2.50865221E+00  2.53355908E+00  2.58030820E+00  2.62584567E+00  2.64172721E+00
  2.38390207E+00  2.49525356E+00  2.65157533E+00  2.83841300E+00  3.01237679E+00
  3.14728928E+00  3.25515318E+00  3.33834171E+00  3.36101842E+00  3.37681222E+00
  3.39333415E+00  3.39654636E+00  3.41256857E+00  3.52157497E+00  3.69421792E+00
  3.85007834E+00  3.98996687E+00  4.11540842E+00  4.22809887E+00  4.32755804E+00
  4.41627789E+00  4.49504042E+00  4.56372595E+00  4.62349510E+00  4.67490482E+00
  4.71832752E+00  4.75376225E+00  4.78230810E+00  4.83675194E+00
     2  'FLUX 60     '       2      64
  1.54804742E+00  1.55066192E+00  1.56023896E+00  1.58873713E+00  1.61898673E+00
  1.62113023E+00  1.63326454E+00  1.63203406E+00  1.63532519E+00  1.64910412E+00
  1.67859113E+00  1.71723974E+00  1.71877491E+00  1.65087056E+00  1.67471123E+00
  1.70876610E+00  1.77682137E+00  1.80916214E+00  1.87191284E+00  1.88022912E+00
  1.89900136E+00  1.93560088E+00  1.97219753E+00  1.98556852E+00  1.84248018E+00
  1.89715409E+00  1.98203671E+00  2.08129191E+00  2.16446185E+00  2.35693598E+00
  2.36961031E+00  2.39584899E+00  2.44506407E+00  2.49307728E+00  2.50954223E+00
  2.23635197E+00  2.35316753E+00  2.51801825E+00  2.71586037E+00  2.90324903E+00
  3.05225444E+00  3.16902614E+00  3.25847316E+00  3.28282118E+00  3.29999614E+00
  3.31781220E+00  3.32156682E+00  3.33904791E+00  3.45750165E+00  3.64508581E+00
  3.81335855E+00  3.96355534E+00  4.09759426E+00  4.21748924E+00  4.32293463E+00
  4.41669035E+00  4.49967957E+00  4.57188511E+00  4.63458967E+00  4.68843412E+00
  4.73385191E+00  4.77090168E+00  4.80075359E+00  4.85689116E+00
     2  'FLUX 61     '       2      64
  1.53075182E+00  1.53378487E+00  1.54425693E+00  1.57551455E+00  1.60866094E+00
  1.61100841E+00  1.62442636E+00  1.62276590E+00  1.62639380E+00  1.64162660E+00
  1.67416143E+00  1.71685505E+00  1.71860099E+00  1.64375186E+00  1.66983855E+00
  1.70752275E+00  1.78242338E+00  1.81821072E+00  1.88777196E+00  1.89700222E+00
  1.91802049E+00  1.95897293E+00  2.00003862E+00  2.01488423E+00  1.85513842E+00
  1.91593707E+00  2.01035142E+00  2.12141061E+00  2.21501827E+00  2.43457079E+00
  2.44918776E+00  2.47949123E+00  2.53634143E+00  2.59189320E+00  2.61065698E+00
  2.29640031E+00  2.42952085E+00  2.61865258E+00  2.84699965E+00  3.06626153E+00
  3.24349546E+00  3.38009930E+00  3.48456168E+00  3.51300311E+00  3.53296447E+00
  3.55378914E+00  3.55840158E+00  3.57887626E+00  3.71940827E+00  3.94142723E+00
  4.13928843E+00  4.31496477E+00  4.47103119E+00  4.61006021E+00  4.73193407E+00
  4.83996534E+00  4.93532944E+00  5.01812267E+00  5.08988810E+00  5.15141630E+00
  5.20325375E+00  5.24553204E+00  5.27961063E+00  5.34271383E+00
     2  'FLUX 62     '       2      64
  1.27697968E+00  1.27995813E+00  1.28970027E+00  1.31874418E+00  1.34954882E+00
  1.35172927E+00  1.36441302E+00  1.36192846E+00  1.36535239E+00  1.37964129E+00
  1.41008282E+00  1.45003915E+00  1.45176613E+00  1.38235247E+00  1.40640593E+00
  1.44165003E+00  1.51136220E+00  1.54476678E+00  1.60866511E+00  1.61735773E+00
  1.63732183E+00  1.67620552E+00  1.71530616E+00  1.72929406E+00  1.57919788E+00
  1.63608885E+00  1.72462296E+00  1.82967496E+00  1.91863990E+00  2.12820935E+00
  2.14250302E+00  2.17219973E+00  2.22795105E+00  2.28252125E+00  2.30069184E+00
  1.99636626E+00  2.12412715E+00  2.30705547E+00  2.52966952E+00  2.74591208E+00
  2.92244434E+00  3.05625987E+00  3.15858936E+00  3.18643498E+00  3.20604229E+00
  3.22629929E+00  3.23090506E+00  3.25095034E+00  3.39175177E+00  3.61367464E+00
  3.81016994E+00  3.98372936E+00  4.13722944E+00  4.27341938E+00  4.39242458E+00
  4.49759722E+00  4.59018326E+00  4.67039871E+00  4.73980188E+00  4.79921770E+00
  4.84921932E+00  4.89000273E+00  4.92290211E+00  4.98271942E+00
     2  'FLUX 63     '       2      64
  8.42219830E-01  8.44542265E-01  8.51675332E-01  8.72778833E-01  8.95189941E-01
  8.96773160E-01  9.06175911E-01  9.03470039E-01  9.06027496E-01  9.16523278E-01
  9.38796639E-01  9.68004048E-01  9.69346941E-01  9.19177949E-01  9.36474442E-01
  9.62225854E-01  1.01284909E+00  1.03724313E+00  1.08260059E+00  1.08900023E+00
  1.10380721E+00  1.13262916E+00  1.16168010E+00  1.17197466E+00  1.06225741E+00
  1.10368896E+00  1.16829395E+00  1.24576247E+00  1.31168318E+00  1.46664381E+00
  1.47751987E+00  1.50016367E+00  1.54271150E+00  1.58442295E+00  1.59812915E+00
  1.36951602E+00  1.46476138E+00  1.60206270E+00  1.77060938E+00  1.93597984E+00
  2.07172608E+00  2.17274404E+00  2.24997759E+00  2.27088404E+00  2.28566670E+00
  2.30098557E+00  2.30438638E+00  2.31953192E+00  2.42839837E+00  2.60006022E+00
  2.75124788E+00  2.88418770E+00  3.00130010E+00  3.10482740E+00  3.19504070E+00
  3.27455330E+00  3.34437871E+00  3.40476608E+00  3.45693183E+00  3.50153136E+00
  3.53903317E+00  3.56962967E+00  3.59434319E+00  3.63840556E+00
     2  'FLUX 64     '       2      64
  7.57336438E-01  7.59788454E-01  7.66893744E-01  7.87685275E-01  8.09810579E-01
  8.11365843E-01  8.20845962E-01  8.17094386E-01  8.19701433E-01  8.30163121E-01
  8.52266133E-01  8.81200254E-01  8.82620215E-01  8.33608449E-01  8.50435674E-01
  8.75922561E-01  9.25705254E-01  9.49831009E-01  9.92991805E-01  9.99382615E-01
  1.01426816E+00  1.04322660E+00  1.07247257E+00  1.08274424E+00  9.74387407E-01
  1.01515377E+00  1.07888854E+00  1.15621543E+00  1.22230709E+00  1.37664795E+00
  1.38784766E+00  1.41121519E+00  1.45516551E+00  1.49831438E+00  1.51231551E+00
  1.28049970E+00  1.37639439E+00  1.51556802E+00  1.68801153E+00  1.85870731E+00
  1.99917650E+00  2.10172892E+00  2.17999649E+00  2.20129299E+00  2.21620226E+00
  2.23167920E+00  2.23510122E+00  2.25052905E+00  2.36380839E+00  2.54276133E+00
  2.69963670E+00  2.83700347E+00  2.95756745E+00  3.06377935E+00  3.15609217E+00
  3.23724675E+00  3.30835056E+00  3.36973929E+00  3.42269349E+00  3.46791506E+00
  3.50590944E+00  3.53692174E+00  3.56200480E+00  3.60583949E+00
     2  'FLUX 65     '       2      64
  6.48956478E-01  6.51459217E-01  6.58331394E-01  6.78141057E-01  6.99303806E-01
  7.00780094E-01  7.10079014E-01  7.04949081E-01  7.07547784E-01  7.17658937E-01
  7.38908947E-01  7.66660690E-01  7.68142402E-01  7.22155094E-01  7.37882257E-01
  7.62237549E-01  8.09464455E-01  8.32445204E-01  8.71117175E-01  8.77310038E-01
  8.91838014E-01  9.20090020E-01  9.48696375E-01  9.58630443E-01  8.55601490E-01
  8.94176960E-01  9.54768598E-01  1.02940643E+00  1.09346998E+00  1.24117529E+00
  1.25241411E+00  1.27593064E+00  1.32022524E+00  1.36379468E+00  1.37772059E+00
  1.15008724E+00  1.24343777E+00  1.38012838E+00  1.55152631E+00  1.72280252E+00
  1.86384881E+00  1.96447051E+00  2.04125619E+00  2.06203151E+00  2.07663178E+00
  2.09173322E+00  2.09520006E+00  2.11025882E+00  2.22477674E+00  2.40606093E+00
  2.56411028E+00  2.70182657E+00  2.82217383E+00  2.92777133E+00  3.01927257E+00
  3.09948087E+00  3.16957235E+00  3.22997355E+00  3.28199005E+00  3.32635522E+00
  3.36359882E+00  3.39401484E+00  3.41865683E+00  3.46071768E+00
     2  'FLUX 66     '       2      64
  5.16149879E-01  5.18564820E-01  5.24919689E-01  5.42863190E-01  5.62167406E-01
  5.63506067E-01  5.72255850E-01  5.65348446E-01  5.67849874E-01  5.77176094E-01
  5.96652627E-01  6.22003555E-01  6.23523772E-01  5.83054304E-01  5.96853912E-01
  6.18891597E-01  6.61281586E-01  6.81889296E-01  7.13043869E-01  7.18777537E-01
  7.32330382E-01  7.58695304E-01  7.85487354E-01  7.94650793E-01  7.02362120E-01
  7.36680865E-01  7.91067421E-01  8.59455466E-01  9.18345690E-01  1.05100620E+00
  1.06185305E+00  1.08463645E+00  1.12765026E+00  1.17006683E+00  1.18336749E+00
  9.70590591E-01  1.05684483E+00  1.18477631E+00  1.34777343E+00  1.51237524E+00
  1.64772320E+00  1.74157131E+00  1.81315398E+00  1.83259833E+00  1.84617293E+00
  1.86014962E+00  1.86332023E+00  1.87735951E+00  1.98843920E+00  2.16425276E+00
  2.31637287E+00  2.44808149E+00  2.56255150E+00  2.66249919E+00  2.74878860E+00
  2.82416821E+00  2.88984013E+00  2.94631028E+00  2.99485230E+00  3.03619576E+00
  3.07087302E+00  3.09921360E+00  3.12222290E+00  3.16040826E+00
     2  'FLUX 67     '       2      64
  3.62104088E-01  3.64198327E-01  3.69636565E-01  3.84561121E-01  4.00835007E-01
  4.01945114E-01  4.09621149E-01  4.00647253E-01  4.02909189E-01  4.10849184E-01
  4.27312493E-01  4.48642492E-01  4.50146586E-01  4.18372005E-01  4.29210484E-01
  4.47344959E-01  4.81925458E-01  4.98489887E-01  5.18484712E-01  5.23395181E-01
  5.35090864E-01  5.57888925E-01  5.81189513E-01  5.88979006E-01  5.14604926E-01
  5.41969776E-01  5.86122572E-01  6.43314779E-01  6.92557812E-01  7.98659444E-01
  8.08433235E-01  8.29082310E-01  8.68212044E-01  9.06950057E-01  9.18775380E-01
  7.36401200E-01  8.09083998E-01  9.19113994E-01  1.06248868E+00  1.20898533E+00
  1.32893956E+00  1.40913165E+00  1.47039199E+00  1.48703527E+00  1.49851120E+00
  1.51035166E+00  1.51300395E+00  1.52501976E+00  1.62471771E+00  1.78206861E+00
  1.91676700E+00  2.03239679E+00  2.13217854E+00  2.21876645E+00  2.29318237E+00
  2.35792184E+00  2.41412473E+00  2.46233273E+00  2.50369048E+00  2.53886199E+00
  2.56833839E+00  2.59245396E+00  2.61208797E+00  2.64358616E+00
     2  'FLUX 68     '       2      64
  1.98533610E-01  1.99994743E-01  2.03992337E-01  2.14517236E-01  2.26323724E-01
  2.27107644E-01  2.32965469E-01  2.22219363E-01  2.24017084E-01  2.29788020E-01
  2.41673708E-01  2.56986290E-01  2.58358836E-01  2.38779366E-01  2.45534584E-01
  2.57842600E-01  2.81120062E-01  2.91654736E-01  2.97101736E-01  3.00703287E-01
  3.09334636E-01  3.26285601E-01  3.43816876E-01  3.49451244E-01  3.01517367E-01
  3.18817496E-01  3.47944558E-01  3.87595445E-01  4.21337575E-01  4.86610711E-01
  4.94271666E-01  5.10614157E-01  5.41832089E-01  5.72975934E-01  5.82077265E-01
  4.51438814E-01  5.01989782E-01  5.81530154E-01  6.88969314E-01  8.00207138E-01
  8.90481412E-01  9.47932363E-01  9.92078781E-01  1.00391293E+00  1.01215482E+00
  1.02055478E+00  1.02234864E+00  1.03096282E+00  1.10739565E+00  1.22663140E+00
  1.32691669E+00  1.41190076E+00  1.48450196E+00  1.54698360E+00  1.60037065E+00
  1.64658284E+00  1.68653619E+00  1.72071290E+00  1.74997151E+00  1.77481878E+00
  1.79563069E+00  1.81268954E+00  1.82664275E+00  1.84808362E+00
     2  'FLUX 69     '       2      64
  5.08408472E-02  5.14394268E-02  5.32585979E-02  5.76742701E-02  6.30481616E-02
  6.33924678E-02  6.62126243E-02  5.72279543E-02  5.81347682E-02  6.06219396E-02
  6.57751262E-02  7.24205375E-02  7.32949451E-02  6.82429820E-02  7.01198876E-02
  7.45378584E-02  8.28801394E-02  8.59291628E-02  7.87163004E-02  8.02693740E-02
  8.39771256E-02  9.15226564E-02  9.96706933E-02  1.02065332E-01  8.83153006E-02
  9.30355415E-02  1.02328911E-01  1.16809838E-01  1.28375471E-01  1.40500128E-01
  1.44091919E-01  1.51943997E-01  1.67414874E-01  1.83321476E-01  1.87521100E-01
  1.38573021E-01  1.56212345E-01  1.86927229E-01  2.32198447E-01  2.80009866E-01
  3.18187237E-01  3.40687573E-01  3.58336776E-01  3.62943381E-01  3.66088659E-01
  3.69239450E-01  3.69874626E-01  3.73246551E-01  4.07191545E-01  4.57590252E-01
  4.98208165E-01  5.31762421E-01  5.59940815E-01  5.83895981E-01  6.04212880E-01
  6.21699154E-01  6.36753738E-01  6.49604559E-01  6.60592020E-01  6.69919372E-01
  6.77738726E-01  6.84181750E-01  6.89520597E-01  6.97160900E-01
     2  'FUNSUR  1   '       2       4
  4.92611565E-02  5.10098487E-02  4.92611527E-02  5.10098524E-02
     2  'FUNSUR  2   '       2       4
  1.88427120E-01  1.92928687E-01  1.88427106E-01  1.92928672E-01
     2  'FUNSUR  3   '       2       4
  3.76045644E-01  3.81263256E-01  3.76045674E-01  3.81263256E-01
     2  'FUNSUR  4   '       2       4
  3.49292457E-01  3.51465553E-01  3.49292427E-01  3.51465553E-01
     2  'FUNSUR  5   '       2       4
  2.63543308E-01  2.61760354E-01  2.63543338E-01  2.61760384E-01
     2  'FUNSUR  6   '       2       4
  3.43822002E-01  3.40710998E-01  3.43822032E-01  3.40710998E-01
     2  'FUNSUR  7   '       2       4
  3.00115585E-01  2.97701478E-01  3.00115585E-01  2.97701538E-01
     2  'FUNSUR  8   '       2       4
  4.23859805E-01  4.20435071E-01  4.23859805E-01  4.20435131E-01
     2  'FUNSUR  9   '       2       4
  4.67040032E-01  4.63176996E-01  4.67040032E-01  4.63177085E-01
     2  'FUNSUR 10   '       2       4
  5.13792753E-01  5.09795606E-01  5.13792694E-01  5.09795725E-01
     2  'FUNSUR 11   '       2       4
  5.54997563E-01  5.51012218E-01  5.54997504E-01  5.51012278E-01
     2  'FUNSUR 12   '       2       4
  5.92028916E-01  5.88372648E-01  5.92028856E-01  5.88372707E-01
     2  'FUNSUR 13   '       2       4
  6.17441297E-01  6.14160776E-01  6.17441237E-01  6.14160836E-01
     2  'FUNSUR 14   '       2       4
  6.37328386E-01  6.34524107E-01  6.37328327E-01  6.34524167E-01
     2  'FUNSUR 15   '       2       4
  6.51801944E-01  6.49412513E-01  6.51801884E-01  6.49412632E-01
     2  'FUNSUR 16   '       2       4
  6.00848854E-01  5.99016845E-01  6.00848794E-01  5.99016964E-01
     2  'FUNSUR 17   '       2       4
  6.08977079E-01  6.07444704E-01  6.08977020E-01  6.07444763E-01
     2  'FUNSUR 18   '       2       4
  6.16922677E-01  6.15641594E-01  6.16922617E-01  6.15641594E-01
     2  'FUNSUR 19   '       2       4
  6.22686744E-01  6.21628821E-01  6.22686684E-01  6.21628940E-01
     2  'FUNSUR 20   '       2       4
  1.25736976E+00  1.25587678E+00  1.25736964E+00  1.25587702E+00
     2  'FUNSUR 21   '       2       4
  1.26332712E+00  1.26246619E+00  1.26332700E+00  1.26246643E+00
     2  'FUNSUR 22   '       2       4
  9.47322011E-01  9.46974635E-01  9.47321892E-01  9.46974695E-01
     2  'FUNSUR 23   '       2       4
  6.30399704E-01  6.30279779E-01  6.30399644E-01  6.30279839E-01
     2  'FUNSUR 24   '       2       4
  7.64916658E-01  7.64898717E-01  7.64916539E-01  7.64898837E-01
     2  'FUNSUR 25   '       2       4
  7.59713233E-01  7.59822428E-01  7.59713113E-01  7.59822488E-01
     2  'FUNSUR 26   '       2       4
  6.60280943E-01  6.60440564E-01  6.60280883E-01  6.60440683E-01
     2  'FUNSUR 27   '       2       4
  1.22429407E+00  1.22480953E+00  1.22429383E+00  1.22480977E+00
     2  'FUNSUR 28   '       2       4
  2.70199388E-01  2.70334691E-01  2.70199388E-01  2.70334691E-01
     2  'FUNSUR 29   '       2       4
  3.32579464E-01  3.32749784E-01  3.32579404E-01  3.32749814E-01
     2  'FUNSUR 30   '       2       4
  3.02660465E-01  3.02816570E-01  3.02660495E-01  3.02816540E-01
     2  'FUNSUR 31   '       2       4
  4.86908108E-01  4.87155706E-01  4.86908078E-01  4.87155795E-01
     2  'FUNSUR 32   '       2       4
  2.11022303E-01  2.11128488E-01  2.11022288E-01  2.11128518E-01
     2  'FUNSUR 33   '       2       4
  1.83316499E-01  1.83408037E-01  1.83316484E-01  1.83408082E-01
     2  'FUNSUR 34   '       2       4
  3.58383469E-02  3.58562320E-02  3.58383432E-02  3.58562395E-02
     2  'FUNSUR 35   '       2       4
  3.54830287E-02  3.55007425E-02  3.54830250E-02  3.55007499E-02
     2  'FUNSUR 36   '       2       4
  3.64504755E-02  3.64686474E-02  3.64504717E-02  3.64686511E-02
     2  'FUNSUR 37   '       2       4
  3.74391526E-02  3.74577455E-02  3.74391489E-02  3.74577530E-02
     2  'FUNSUR 38   '       2       4
  3.69394422E-02  3.69576737E-02  3.69394384E-02  3.69576775E-02
     2  'FUNSUR 39   '       2       4
  3.64106074E-02  3.64284813E-02  3.64106037E-02  3.64284851E-02
     2  'FUNSUR 40   '       2       4
  3.74056511E-02  3.74239683E-02  3.74056473E-02  3.74239758E-02
     2  'FUNSUR 41   '       2       4
  3.52139510E-02  3.52311246E-02  3.52139510E-02  3.52311283E-02
     2  'FUNSUR 42   '       2       4
  6.66391924E-02  6.66716918E-02  6.66391850E-02  6.66716993E-02
     2  'FUNSUR 43   '       2       4
  1.06918082E-01  1.06970057E-01  1.06918067E-01  1.06970079E-01
     2  'FUNSUR 44   '       2       4
  1.36104226E-01  1.36169270E-01  1.36104211E-01  1.36169299E-01
     2  'FUNSUR 45   '       2       4
  3.60538125E-01  3.60705405E-01  3.60538095E-01  3.60705465E-01
     2  'FUNSUR 46   '       2       4
  3.77379686E-01  3.77542853E-01  3.77379686E-01  3.77542943E-01
     2  'FUNSUR 47   '       2       4
  3.98439676E-01  3.98588598E-01  3.98439646E-01  3.98588657E-01
     2  'FUNSUR 48   '       2       4
  2.59492636E-01  2.59568751E-01  2.59492606E-01  2.59568810E-01
     2  'FUNSUR 49   '       2       4
  1.90157339E-01  1.90199926E-01  1.90157324E-01  1.90199956E-01
     2  'FUNSUR 50   '       2       4
  1.49129793E-01  1.49156049E-01  1.49129793E-01  1.49156064E-01
     2  'FUNSUR 51   '       2       4
  1.75672412E-01  1.75697789E-01  1.75672412E-01  1.75697818E-01
     2  'FUNSUR 52   '       2       4
  3.43595028E-01  3.43641102E-01  3.43595028E-01  3.43641162E-01
     2  'FUNSUR 53   '       2       4
  5.18731058E-01  5.18827140E-01  5.18730998E-01  5.18827200E-01
     2  'FUNSUR 54   '       2       4
  1.29673886E+00  1.29717934E+00  1.29673886E+00  1.29717946E+00
     2  'FUNSUR 55   '       2       4
  2.96875215E+00  2.97040105E+00  2.96875215E+00  2.97040129E+00
     2  'FUNSUR 56   '       2       4
  7.05697680E+00  7.06216526E+00  7.05697680E+00  7.06216574E+00
     2  'FUNSUR 57   '       2       4
  6.44760084E+00  6.45286560E+00  6.44760084E+00  6.45286608E+00
     2  'FUNSUR 58   '       2       4
  5.75262308E+00  5.75748396E+00  5.75262308E+00  5.75748491E+00
     2  'FUNSUR 59   '       2       4
  4.79581213E+00  4.79988241E+00  4.79581165E+00  4.79988289E+00
     2  'FUNSUR 60   '       2       4
  4.81578302E+00  4.81983376E+00  4.81578302E+00  4.81983376E+00
     2  'FUNSUR 61   '       2       4
  5.29785299E+00  5.30223179E+00  5.29785347E+00  5.30223227E+00
     2  'FUNSUR 62   '       2       4
  4.94170427E+00  4.94566393E+00  4.94170427E+00  4.94566441E+00
     2  'FUNSUR 63   '       2       4
  3.60938382E+00  3.61215138E+00  3.60938382E+00  3.61215162E+00
     2  'FUNSUR 64   '       2       4
  3.57814479E+00  3.58075166E+00  3.57814455E+00  3.58075190E+00
     2  'FUNSUR 65   '       2       4
  3.43542314E+00  3.43776631E+00  3.43542314E+00  3.43776631E+00
     2  'FUNSUR 66   '       2       4
  3.13878179E+00  3.14074445E+00  3.13878179E+00  3.14074469E+00
     2  'FUNSUR 67   '       2       4
  2.62703013E+00  2.62849355E+00  2.62703061E+00  2.62849450E+00
     2  'FUNSUR 68   '       2       4
  1.83788240E+00  1.83875048E+00  1.83788252E+00  1.83875096E+00
     2  'FUNSUR 69   '       2       4
  6.94190800E-01  6.94422841E-01  6.94190800E-01  6.94422960E-01
     2  '1/EIGENVALUE'       2       1
  1.11782026E+00
     1  'K-EFFECTIVE '       2       1
  1.11782026E+00
     1  'K-INFINITY  '       2       1
  1.11782026E+00
     1  'EPS-CONVERGE'       2       5
  4.99999987E-05  9.99999975E-06  4.99999987E-05  1.00000000E+01  1.00000000E+02
     1  'STATE-VECTOR'       1      40
       -99         0         3         3         1       138       127         0
        69        64         0         1         0         0         0         0
         0         0         0         0         0         0         0         0
         0         0         0         0         0         0         0         0
         0         0         0         0         0         0         0         0
