 3
1.505	4
1.994	4
1.784	4
                 1 1 1 1 1 1
           1 1 1 1 1 1 1 1 1 1 1 1
         1 1 1 1 1 1 1 1 1 1 1 1 1 1
       1 1 1 1 1 2 2 2 2 2 2 1 1 1 1 1 
     1 1 1 1 2 2 2 2 2 2 2 2 2 2 1 1 1 1
     1 1 1 2 2 2 2 2 2 2 2 2 2 2 2 1 1 1 
   1 1 1 2 2 2 2 2 2 2 2 2 2 2 2 2 2 1 1 1 
   1 1 1 2 2 2 2 2 2 2 2 2 2 2 2 2 2 1 1 1
 1 1 1 2 2 2 2 2 2 2 2 2 2 2 2 2 2 2 2 1 1 1
 1 1 1 2 2 2 2 2 2 2 2 2 2 2 2 2 2 2 2 1 1 1
 1 1 1 2 2 2 2 2 2 2 3 3 2 2 2 2 2 2 2 1 1 1
 1 1 1 2 2 2 2 2 2 2 3 3 2 2 2 2 2 2 2 1 1 1
 1 1 1 2 2 2 2 2 2 2 2 2 2 2 2 2 2 2 2 1 1 1
 1 1 1 2 2 2 2 2 2 2 2 2 2 2 2 2 2 2 2 1 1 1
   1 1 1 2 2 2 2 2 2 2 2 2 2 2 2 2 2 1 1 1 
   1 1 1 2 2 2 2 2 2 2 2 2 2 2 2 2 2 1 1 1 
     1 1 1 2 2 2 2 2 2 2 2 2 2 2 2 1 1 1 
     1 1 1 1 2 2 2 2 2 2 2 2 2 2 1 1 1 1 
       1 1 1 1 1 2 2 2 2 2 2 1 1 1 1 1 
         1 1 1 1 1 1 1 1 1 1 1 1 1 1 
           1 1 1 1 1 1 1 1 1 1 1 1
                 1 1 1 1 1 1
