 Dwell Times in FPD
   137.10   132.74   128.66   128.65   132.74   137.09   154.13   130.80   114.83   107.49
   103.11   101.55   101.55   103.11   107.47   114.81   130.78   154.09   137.86   117.96
   103.22    94.34    89.60    87.67    88.62    88.62    87.66    89.59    94.33   103.20
   117.93   137.82   132.76   112.00    97.26    88.33    83.30   108.64   108.07   110.29
   110.29   108.06   108.62    83.28    88.31    97.23   111.97   132.72   136.40   111.72
    96.35    86.96   109.32   105.29   103.77   103.91   106.28   106.27   103.90   103.75
   105.27   109.30    86.94    96.32   111.68   136.35   114.58    97.61    88.82   111.08
   106.23   103.71   104.07   104.52   105.92   105.92   104.51   104.05   103.69   106.20
   111.04    88.79    97.58   114.54   124.01   102.33    89.30   113.81   108.48   104.28
   102.57   103.44   103.63   103.05   103.04   103.62   103.42   102.55   104.25   108.45
   113.77    89.27   102.29   123.96   111.12    93.31    84.00   109.80   106.43   103.34
   102.19   103.09   103.10   102.13   102.13   103.09   103.07   102.17   103.32   106.40
   109.76    83.97    93.28   111.08   131.76   103.72    87.74   108.61   107.55   105.53
   103.95   103.17   103.31   103.25   102.51   102.51   103.24   103.29   103.15   103.92
   105.50   107.51   108.57    87.71   103.68   131.71   124.92    98.11    84.17   105.79
   106.83   105.68   103.82   103.35   103.61   103.88   103.86   103.85   103.86   103.59
   103.33   103.79   105.64   106.80   105.75    84.14    98.08   124.88   120.50    95.27
    82.20   103.57   103.35   102.70   102.88   103.14   103.82   104.62    94.61    94.60
   104.60   103.80   103.11   102.85   102.67   103.31   103.53    82.17    95.24   120.45
   120.28    95.02    81.84   102.80   102.05   101.44   102.18   102.86   103.84   104.94
    95.24    95.24   104.93   103.82   102.83   102.15   101.41   102.01   102.76    81.81
    94.99   120.24   124.35    97.45    83.24   103.66   102.06   101.08   101.89   102.64
   103.66   104.76   106.61   106.61   104.75   103.64   102.61   101.86   101.05   102.02
   103.63    83.21    97.41   124.30   131.06   102.92    86.67   106.30   102.69   100.94
   102.01   102.48   103.36   103.93   103.78   103.77   103.92   103.34   102.45   101.98
   100.91   102.66   106.27    86.64   102.89   131.02   110.62    92.70    83.13   108.10
   104.92   102.58   102.01   103.29   103.56   102.75   102.75   103.55   103.27   101.98
   102.55   104.88   108.07    83.10    92.67   110.58   124.24   102.61    89.68   114.55
   109.23   104.88   103.11   103.92   103.98   103.19   103.19   103.97   103.90   103.09
   104.86   109.20   114.52    89.66   102.58   124.20   116.18    99.63    91.92   114.77
   108.28   105.00   104.91   104.87   105.24   105.23   104.86   104.90   104.99   108.25
   114.74    91.89    99.60   116.14   139.66   115.46   101.81    91.52   112.38   107.17
   105.00   104.67   106.67   106.67   104.67   104.98   107.15   112.36    91.50   101.78
   115.43   139.61   137.51   116.70   100.97    90.79    84.96   110.22   109.23   111.24
   111.24   109.22   110.20    84.95    90.77   100.95   116.67   137.47   142.81   121.78
   105.92    96.26    91.03    88.81    89.63    89.63    88.80    91.02    96.25   105.90
   121.75   142.78   158.63   134.00   117.13   109.28   104.59   102.88   102.87   104.58
   109.27   117.12   133.98   158.60   139.42   134.73   130.46   130.46   134.73   139.41
 Channel Powers in MW
   3.542   3.658   3.774   3.774   3.658   3.542   3.151   3.713   4.229   4.518
   4.709   4.782   4.782   4.709   4.518   4.230   3.713   3.151   3.522   4.117
   4.704   5.147   5.420   5.539   5.479   5.479   5.539   5.420   5.148   4.705
   4.118   3.523   3.658   4.336   4.993   5.498   5.830   5.875   5.905   5.785
   5.785   5.906   5.875   5.831   5.499   4.994   4.337   3.659   3.560   4.347
   5.040   5.584   5.838   6.061   6.150   6.142   6.004   6.004   6.142   6.151
   6.062   5.839   5.585   5.041   4.348   3.561   4.238   4.975   5.467   5.745
   6.008   6.154   6.132   6.106   6.024   6.024   6.106   6.133   6.155   6.009
   5.746   5.468   4.976   4.239   3.916   4.745   5.437   5.606   5.882   6.120
   6.222   6.170   6.159   6.193   6.193   6.159   6.171   6.223   6.121   5.883
   5.608   5.439   4.747   3.917   4.370   5.204   5.780   5.811   5.995   6.175
   6.245   6.191   6.190   6.249   6.249   6.191   6.192   6.246   6.177   5.996
   5.812   5.782   5.205   4.371   3.685   4.682   5.534   5.876   5.932   6.046
   6.139   6.186   6.178   6.181   6.226   6.226   6.182   6.179   6.187   6.140
   6.047   5.934   5.877   5.536   4.683   3.686   3.887   4.949   5.769   6.032
   5.972   6.037   6.147   6.175   6.160   6.144   6.145   6.145   6.145   6.161
   6.176   6.148   6.039   5.974   6.034   5.771   4.951   3.888   4.030   5.097
   5.908   6.162   6.175   6.214   6.203   6.188   6.147   6.100   6.059   6.060
   6.101   6.148   6.189   6.205   6.216   6.177   6.164   5.909   5.098   4.031
   4.037   5.110   5.933   6.208   6.254   6.291   6.246   6.205   6.146   6.081
   6.019   6.019   6.082   6.147   6.206   6.247   6.293   6.256   6.210   5.935
   5.112   4.038   3.905   4.983   5.834   6.156   6.253   6.314   6.263   6.218
   6.157   6.092   5.985   5.985   6.092   6.158   6.219   6.265   6.316   6.255
   6.158   5.836   4.985   3.906   3.705   4.718   5.603   6.003   6.214   6.322
   6.256   6.228   6.174   6.141   6.150   6.150   6.141   6.175   6.229   6.257
   6.324   6.216   6.005   5.604   4.719   3.706   4.389   5.238   5.841   5.902
   6.082   6.221   6.256   6.179   6.162   6.211   6.211   6.163   6.180   6.257
   6.223   6.083   5.904   5.843   5.240   4.391   3.908   4.732   5.414   5.570
   5.841   6.084   6.189   6.141   6.137   6.184   6.184   6.138   6.142   6.190
   6.085   5.842   5.571   5.415   4.733   3.909   4.179   4.873   5.282   5.559
   5.893   6.077   6.083   6.085   6.063   6.063   6.085   6.083   6.078   5.895
   5.560   5.283   4.874   4.180   3.477   4.205   4.769   5.305   5.678   5.955
   6.078   6.096   5.981   5.981   6.097   6.078   5.955   5.679   5.306   4.770
   4.206   3.477   3.531   4.160   4.809   5.348   5.715   5.790   5.842   5.735
   5.735   5.842   5.790   5.716   5.349   4.810   4.161   3.532   3.400   3.987
   4.584   5.044   5.334   5.467   5.416   5.417   5.467   5.334   5.045   4.585
   3.988   3.400   3.061   3.624   4.145   4.443   4.642   4.719   4.720   4.643
   4.444   4.146   3.624   3.061   3.482   3.604   3.722   3.722   3.604   3.483
 Bundle Powers in kW
    62.83    60.97    66.47    62.60    63.67    57.54    56.39    62.32    75.13    76.03
    84.07    81.41    85.68    78.90    78.98    69.23    63.81    50.48    63.63    69.86
    84.26    87.42    97.91    96.15   103.00    97.77   100.86    91.89    90.89    77.52
    70.72    56.35    66.38    74.23    90.77    95.07   107.02   100.84   114.45   105.23
   115.60   103.24   111.19   100.31    97.85    82.69    74.84    58.56    64.16    74.22
    92.84    98.85   112.77   107.14   122.53   113.34   126.16   114.73   124.61   110.18
   116.93    99.14   100.35    84.24    75.60    57.46    71.18    91.15    98.61   114.26
   110.27   127.41   119.18   133.82   122.91   134.69   121.06   130.48   113.96   119.12
   100.37   100.42    83.33    74.48    64.78    85.29    94.93   112.26   110.37   128.71
   121.82   138.34   127.80   141.75   128.64   140.27   124.80   133.05   115.02   118.92
    99.49    98.88    79.18    69.01    77.75    88.27   107.82   107.33   126.94   121.76
   139.67   130.35   145.92   133.44   146.84   132.22   142.93   125.87   132.94   114.46
   117.38   101.29    93.40    72.01    65.40    78.24   100.41   101.74   123.11   119.78
   138.32   130.40   147.30   135.93   150.64   136.83   149.38   133.44   143.00   125.03
   130.76   111.46   113.48    94.15    82.59    59.98    64.18    88.11    98.88   117.65
   115.23   134.76   128.38   146.24   136.08   151.95   139.39   153.17   138.17   149.55
   132.56   140.90   122.52   126.56   105.31   104.87    82.32    68.05    70.96    85.12
   107.66   107.48   128.96   124.10   142.92   134.12   150.98   139.48   154.54   144.13
   153.41   137.22   147.52   129.66   136.52   116.61   119.92   101.14    90.51    66.20
    66.32    90.72   101.40   120.30   116.85   136.90   129.87   147.69   137.26   153.34
   144.11   154.41   139.44   150.97   134.19   143.13   124.23   129.27   107.68   107.87
    85.23    71.03    68.34    82.74   105.53   105.93   127.47   122.64   141.54   132.82
   149.59   138.09   152.85   139.59   151.73   136.08   146.51   128.71   135.51   115.35
   118.39    99.37    88.49    64.39    60.28    83.09    94.78   114.38   111.73   131.62
   125.43   143.29   133.39   149.05   136.53   150.15   135.65   147.18   130.53   138.84
   119.83   123.93   102.28   101.01    78.61    65.66    72.29    93.81   101.71   117.87
   114.67   133.15   125.80   142.65   131.80   146.27   132.93   145.41   130.02   139.52
   121.76   127.19   107.49   108.16    88.50    77.96    68.97    79.08    98.68    99.25
   118.52   114.59   132.49   124.24   139.63   127.98   141.06   127.15   137.65   121.21
   128.07   109.88   111.77    94.58    85.03    64.64    73.85    82.55    99.32    99.57
   117.94   112.99   129.51   120.23   133.87   121.90   132.89   118.20   126.18   109.12
   112.86    97.60    90.06    70.47    56.60    74.28    83.04    98.61    97.74   115.42
   109.02   123.51   113.76   125.14   112.28   121.15   105.69   110.90    97.31    91.01
    72.87    63.04    57.26    73.11    81.00    95.99    98.73   109.73   102.10   114.44
   104.15   113.14    99.46   105.21    93.19    88.68    72.50    64.73    54.93    69.03
    75.92    89.28    90.52    99.56    96.61   101.76    94.87    96.38    85.80    82.39
    68.14    61.89    49.26    62.43    67.95    77.71    77.79    84.54    80.32    82.85
    74.76    73.66    60.91    54.94    56.58    62.71    61.71    65.52    60.03    61.74
   176.47   169.42   185.95   173.59   178.45   160.43   158.70   173.91   210.89   211.11
   234.54   224.05   238.35   218.13   221.19   192.98   179.60   141.22   178.71   194.57
   236.21   242.67   272.98   263.94   284.51   265.62   279.85   254.04   254.47   215.87
   198.74   157.30   186.05   206.02   253.70   263.26   298.18   277.20   315.93   282.81
   317.46   281.38   308.86   277.23   273.48   229.51   209.73   163.09   179.71   205.41
   258.37   271.97   313.25   294.02   338.41   306.89   344.66   306.42   342.23   300.93
   324.40   272.82   279.18   232.45   211.33   159.87   197.18   253.22   268.77   315.27
   300.19   351.08   322.62   365.84   326.72   366.77   325.52   358.56   310.16   328.86
   272.68   277.86   229.48   208.28   180.12   237.70   259.87   308.53   296.06   352.73
   329.18   378.30   342.69   385.41   343.85   382.43   336.11   364.74   310.63   326.04
   267.89   273.82   218.91   193.53   217.77   243.60   297.66   287.38   346.16   326.74
   381.00   349.45   396.47   356.32   398.36   353.53   389.36   338.36   362.74   305.16
   321.50   276.63   260.16   200.21   183.93   217.50   279.57   277.40   336.62   318.33
   376.19   348.79   399.68   361.87   407.00   363.65   404.35   356.29   388.81   334.10
   355.91   297.99   313.36   259.89   231.42   167.53   179.31   247.00   273.23   325.24
   308.51   367.08   342.86   396.79   362.04   409.57   367.31   411.68   365.88   404.58
   353.83   383.04   325.88   346.71   287.76   292.31   229.07   191.51   199.79   237.08
   300.55   294.93   354.69   333.75   389.16   357.95   407.72   367.55   413.66   375.72
   412.05   364.28   400.20   347.33   373.24   315.95   332.55   280.08   253.99   185.09
   185.52   254.75   281.24   334.32   318.24   375.42   348.88   401.01   364.38   411.58
   374.71   412.73   366.96   407.70   358.56   390.52   335.79   356.68   296.41   301.52
   237.62   200.09   192.55   230.74   295.14   291.91   352.20   332.20   386.83   355.60
   404.74   364.54   409.40   364.11   408.17   362.03   398.45   346.42   372.14   314.66
   329.28   275.75   248.54   180.14   168.62   233.32   262.85   317.94   304.55   361.42
   337.93   390.58   356.30   402.96   361.34   404.68   360.41   399.51   350.30   379.75
   324.47   342.02   281.47   282.31   219.09   184.92   201.34   261.93   279.12   324.50
   307.93   364.44   338.85   388.76   352.29   396.54   354.62   394.98   348.76   381.20
   328.13   348.50   289.98   299.74   244.97   218.69   193.43   218.65   273.25   267.02
   324.87   309.39   363.24   334.72   380.89   342.68   383.92   341.25   376.50   327.54
   350.94   294.48   307.09   258.84   237.01   179.75   206.00   226.08   273.33   267.71
   324.55   306.97   355.84   323.85   365.27   325.93   363.72   319.98   347.20   295.67
   309.82   263.35   249.18   194.58   156.58   206.19   225.46   272.26   267.08   319.50
   297.58   339.45   304.60   342.42   304.33   334.42   289.18   306.53   263.93   251.14
   199.86   175.77   158.06   203.26   222.74   267.08   272.13   304.55   278.34   314.54
   280.20   312.38   273.12   292.44   256.63   246.16   199.10   180.21   152.19   193.00
   210.55   249.47   250.03   276.22   262.56   281.18   260.41   268.50   237.63   230.19
   188.59   172.80   137.19   175.27   189.09   217.49   215.00   235.20   221.06   231.08
   207.43   206.47   169.50   154.04   157.67   175.75   171.12   183.28   166.78   173.33
   281.92   271.21   295.50   277.22   284.78   258.35   254.13   279.86   337.12   337.64
   371.07   353.62   374.65   346.95   352.88   310.77   288.77   228.58   285.26   312.22
   377.01   387.95   431.78   414.74   438.84   411.65   438.09   403.97   405.74   347.17
   319.05   254.10   295.94   328.83   402.57   419.14   471.12   437.82   487.95   433.50
   482.24   438.69   483.48   440.45   434.72   367.39   335.04   262.63   285.69   326.70
   406.27   428.44   489.94   463.14   524.06   473.75   518.44   465.41   523.45   470.88
   506.83   432.07   439.75   368.90   336.02   256.89   314.33   397.28   417.82   484.82
   467.79   541.19   499.65   554.54   494.12   548.72   498.98   549.67   483.68   508.65
   424.65   431.60   363.09   331.04   288.68   375.68   406.65   469.38   452.32   537.31
   507.43   574.33   522.95   577.84   521.49   576.96   516.54   556.80   478.68   494.53
   412.38   427.32   348.36   308.63   346.87   386.37   461.64   438.09   518.90   498.17
   575.81   532.85   594.60   538.94   595.45   536.77   586.87   517.50   547.91   462.32
   485.97   431.37   410.78   321.10   294.38   348.53   441.02   433.01   507.14   480.04
   564.31   529.85   598.03   545.49   603.72   545.99   602.14   539.81   583.99   507.05
   531.76   453.53   484.32   412.25   369.24   270.26   289.12   394.14   433.88   503.84
   471.62   549.51   519.82   593.56   545.36   604.81   545.05   603.50   547.02   602.05
   535.86   574.32   493.33   524.67   450.49   461.89   367.70   307.33   320.64   380.92
   476.07   464.51   543.52   511.10   585.59   541.80   604.51   545.46   599.06   549.55
   603.99   546.89   598.47   528.95   565.45   489.36   518.25   446.03   405.98   298.86
   299.71   407.61   448.87   523.24   496.53   572.67   533.40   600.55   546.95   602.22
   546.10   595.62   543.66   604.47   543.61   589.98   517.91   550.57   468.92   478.68
   382.22   321.33   309.41   371.41   469.05   462.56   545.02   513.80   586.20   540.74
   602.17   542.56   593.97   534.79   600.18   545.31   598.47   531.05   569.20   491.98
   516.19   440.46   397.74   290.90   272.47   373.45   419.63   497.68   474.66   552.25
   518.86   589.21   540.02   598.38   539.39   596.91   541.77   598.03   534.58   576.16
   500.47   527.60   445.21   448.24   352.24   296.48   323.56   415.15   438.28   495.71
   471.32   553.69   519.61   586.31   534.54   591.93   535.63   592.00   532.13   577.58
   503.27   527.60   446.83   468.09   390.07   349.07   308.43   347.84   426.11   410.37
   492.00   476.46   554.46   514.64   575.36   520.99   576.97   521.43   571.84   504.84
   534.20   449.15   466.37   404.72   374.50   288.09   325.89   354.59   418.33   411.29
   498.63   477.48   545.52   497.75   549.90   495.98   552.73   495.55   533.83   457.55
   470.00   403.38   387.52   308.73   249.58   323.35   349.74   420.22   418.72   497.21
   465.30   520.05   464.34   516.90   470.57   517.50   453.66   474.70   407.52   386.00
   313.48   277.20   251.36   319.53   351.65   421.21   430.78   476.25   434.22   478.56
   430.20   482.74   430.91   460.37   405.31   385.28   312.74   283.14   243.31   307.21
   336.82   396.71   397.19   432.43   407.14   433.96   409.21   424.27   378.88   365.46
   300.05   273.03   220.87   280.88   303.96   346.72   341.92   369.77   348.97   365.55
   331.52   329.48   271.85   245.36   253.77   280.43   273.29   291.27   266.96   276.77
   373.34   364.38   388.96   371.21   377.50   349.74   336.44   376.87   446.41   452.64
   484.87   461.00   480.37   461.63   467.25   420.06   385.36   310.60   376.37   418.93
   497.80   518.94   564.25   538.56   511.07   489.94   559.89   537.37   536.00   468.03
   425.12   344.90   389.41   438.52   527.17   556.90   613.82   577.43   610.12   504.84
   544.27   563.36   622.40   584.26   571.35   492.34   443.83   355.88   376.36   434.69
   522.68   558.11   628.13   606.75   661.30   596.62   573.45   531.85   641.78   610.54
   648.97   570.90   567.44   486.55   443.11   347.52   420.59   511.80   513.95   581.02
   600.08   675.57   634.25   665.88   562.13   603.06   618.33   677.87   622.18   637.21
   526.66   523.97   478.96   436.75   388.84   491.76   526.28   532.09   525.86   653.78
   639.44   695.57   644.84   678.88   632.11   689.57   645.79   682.70   601.07   559.18
   484.55   545.08   465.25   408.59   458.21   513.29   582.60   504.16   571.75   613.48
   693.68   656.68   704.08   654.77   701.58   656.23   701.41   642.96   655.94   527.26
   542.44   555.09   536.76   432.66   390.02   468.18   574.47   558.48   561.66   541.29
   665.52   649.62   705.43   658.58   701.03   654.21   704.25   657.60   694.33   617.83
   580.63   519.50   607.69   546.85   488.51   365.84   390.31   520.43   574.90   633.28
   546.87   604.71   630.93   699.76   657.63   695.60   629.38   674.13   650.04   703.19
   652.42   675.63   562.28   588.26   582.12   601.71   494.27   408.41   425.60   511.77
   621.42   607.18   663.94   629.83   696.26   658.38   701.22   636.51   616.35   584.70
   681.62   655.35   704.69   649.24   676.12   615.89   659.37   592.39   536.52   403.83
   404.98   538.98   597.34   670.31   636.87   698.25   659.17   708.49   654.95   676.45
   573.14   604.23   631.80   700.82   661.90   706.85   650.35   686.15   616.92   626.28
   513.86   426.62   411.29   499.99   614.89   610.45   682.97   648.92   706.39   661.75
   702.17   636.28   615.58   575.27   681.05   656.67   709.61   659.59   698.13   634.00
   663.47   587.10   526.17   392.87   368.86   494.93   560.00   638.96   605.69   673.24
   647.03   704.65   657.51   695.28   635.59   681.11   650.20   705.18   659.00   696.35
   626.44   655.10   587.05   587.88   473.99   393.00   436.21   544.06   568.84   567.71
   550.16   668.94   647.12   700.85   652.71   695.64   649.20   700.15   655.91   697.68
   625.00   595.79   526.99   596.37   519.72   461.57   408.05   464.07   542.09   478.51
   552.20   596.95   679.43   643.69   689.61   636.54   683.52   644.64   692.90   635.81
   648.41   518.34   524.42   522.53   489.82   387.91   427.68   460.78   475.22   481.73
   616.16   612.31   673.17   621.20   630.53   587.34   668.57   629.41   664.14   579.30
   530.03   465.66   491.37   411.13   335.16   416.28   415.64   491.40   543.33   633.79
   603.21   639.75   535.82   577.62   594.46   652.88   591.90   596.98   483.38   444.98
   407.61   362.24   336.22   410.28   459.40   548.15   569.91   612.81   558.15   541.50
   502.19   604.22   568.16   598.12   533.66   491.14   404.88   367.28   327.12   405.82
   452.49   523.40   528.28   552.80   484.84   505.69   531.54   554.38   506.31   480.72
   399.46   356.48   299.40   374.36   410.77   459.12   455.02   474.20   455.03   477.77
   444.52   436.21   365.76   323.92   343.63   371.79   366.01   383.47   358.76   366.63
   445.72   446.58   473.83   459.90   457.00   427.29   397.64   453.20   530.32   550.37
   590.34   585.37   600.48   572.18   562.02   509.73   460.14   377.53   445.63   503.44
   588.44   623.44   674.15   673.11   694.69   678.58   689.77   653.18   637.02   565.22
   508.66   421.22   463.64   531.27   625.16   663.97   718.26   694.22   736.36   704.29
   733.61   700.61   728.99   695.29   675.56   598.12   535.77   437.67   450.13   532.78
   634.04   677.68   724.75   705.33   744.93   709.05   741.04   710.58   743.17   706.37
   737.88   680.83   685.15   606.05   539.60   427.78   516.50   626.71   674.12   723.16
   688.75   722.34   661.23   689.82   670.07   699.46   655.07   693.73   682.41   717.02
   681.56   681.41   601.29   529.28   474.77   595.32   663.40   717.76   707.61   724.34
   676.99   677.73   636.78   685.44   651.76   669.22   641.60   709.22   685.03   731.66
   681.64   678.02   574.74   490.30   547.94   630.88   720.62   706.83   742.25   683.18
   699.39   631.71   658.75   641.18   674.68   624.68   664.04   662.47   714.54   709.41
   734.80   699.35   649.21   528.03   462.73   567.51   688.80   698.39   740.38   703.36
   688.67   635.70   651.94   615.29   661.38   628.34   647.61   618.03   667.97   654.19
   731.72   709.30   735.99   667.36   583.54   443.88   470.71   617.27   693.01   747.57
   687.54   702.99   641.66   657.00   610.23   638.91   619.41   650.45   607.10   642.42
   623.36   673.96   672.48   717.78   708.55   713.92   596.85   485.01   503.51   614.41
   729.05   717.20   722.49   668.99   672.30   620.14   638.17   602.12   643.79   622.35
   633.40   606.04   653.14   638.53   702.93   686.75   757.14   706.50   633.86   486.48
   487.23   635.32   708.92   761.52   691.50   708.78   641.48   654.57   605.95   631.75
   619.97   640.93   600.92   638.17   621.44   675.96   673.52   728.49   720.65   731.53
   615.68   504.26   486.94   600.17   720.37   717.72   735.46   683.48   683.28   626.45
   642.15   603.77   641.83   614.54   634.98   610.09   660.66   649.27   719.97   698.63
   758.52   698.74   620.73   472.47   445.85   587.28   673.52   747.52   721.24   749.60
   661.93   671.42   617.57   643.83   623.26   655.19   612.07   651.43   638.44   697.94
   714.69   758.79   707.68   695.35   570.87   464.76   529.89   652.61   704.35   742.48
   714.93   718.31   662.81   662.49   621.81   670.68   637.51   655.62   630.07   699.74
   685.77   748.93   712.40   725.81   633.68   549.76   489.37   573.24   675.46   678.51
   727.52   681.39   705.39   638.28   666.33   649.18   683.10   633.71   674.06   672.98
   719.81   703.21   713.42   660.38   593.32   473.61   523.00   592.07   666.82   669.97
   705.63   674.69   687.84   651.33   698.41   667.06   686.02   655.29   713.48   677.86
   706.91   660.64   615.84   510.06   419.54   525.67   589.03   663.82   666.54   725.89
   698.13   737.03   705.88   736.61   702.79   735.89   693.75   707.72   658.60   612.27
   518.94   440.54   425.31   518.52   581.14   659.46   682.79   718.75   692.85   726.79
   697.52   728.11   684.28   704.74   648.05   605.88   514.36   449.37   408.83   494.54
   552.31   625.01   643.22   680.90   670.69   686.60   664.31   663.60   611.47   574.35
   489.34   431.62   367.91   449.89   500.23   553.06   564.19   592.68   577.72   581.98
   541.44   520.13   442.92   386.99   420.38   450.33   453.54   467.26   439.99   438.36
   477.98   489.85   512.51   506.56   494.42   470.42   423.64   492.89   567.57   601.37
   637.22   645.02   651.79   629.48   606.57   559.10   496.16   415.53   474.56   546.62
   628.40   678.57   723.59   738.27   755.87   747.52   745.78   714.70   684.63   618.89
   549.32   464.77   494.63   577.85   667.53   720.71   766.99   759.17   784.16   773.63
   787.80   769.39   773.31   757.27   726.15   656.50   580.37   484.23   481.91   582.08
   679.81   736.73   765.56   768.49   788.21   776.28   792.86   778.01   790.78   772.49
   781.95   748.07   740.87   668.29   585.52   472.93   566.65   674.74   737.10   769.43
   758.96   770.38   735.66   746.15   740.19   754.81   730.93   749.92   753.83   771.29
   751.74   741.76   664.24   572.32   521.23   641.16   728.53   768.67   773.82   774.87
   743.67   728.37   705.47   730.35   715.54   719.87   712.83   757.67   758.33   786.09
   752.19   735.33   632.64   527.87   588.08   691.88   778.11   775.89   793.19   752.27
   742.38   695.70   701.14   696.46   711.01   686.28   709.99   726.77   766.18   777.57
   789.76   768.88   699.86   579.91   494.78   620.18   739.74   768.55   793.76   769.30
   741.66   699.89   692.74   671.19   693.84   679.44   685.46   677.97   714.18   726.56
   783.59   778.78   784.10   730.72   627.12   487.11   513.83   660.63   755.99   793.65
   762.12   758.79   710.73   699.53   666.35   674.64   668.65   682.79   660.55   680.62
   684.85   725.24   743.89   777.17   777.82   765.12   652.19   519.96   538.29   669.54
   778.50   784.02   776.46   738.82   719.28   678.77   674.77   655.41   683.56   671.98
   669.53   660.62   693.35   704.54   753.87   761.11   800.38   769.03   677.88   531.27
   531.71   678.67   770.37   802.59   763.86   756.66   706.14   693.99   660.45   668.59
   670.58   682.12   654.65   674.76   679.55   721.25   741.61   779.68   786.26   780.12
   670.51   538.92   521.16   654.24   768.68   783.19   785.79   751.55   729.76   686.35
   680.13   658.28   678.30   664.39   672.35   666.00   701.36   715.08   767.22   770.38
   799.71   759.60   662.96   515.14   488.34   629.26   734.18   789.97   787.01   791.78
   730.44   715.31   676.91   682.62   675.60   689.83   668.54   691.79   700.98   746.10
   777.06   802.77   774.07   743.55   622.39   496.20   580.72   701.23   770.92   792.70
   779.65   766.78   725.60   707.64   683.12   707.25   692.83   697.96   693.44   741.36
   752.74   795.70   778.53   780.40   693.25   589.07   526.57   630.68   732.40   748.58
   781.75   754.01   753.18   708.64   715.85   711.78   726.59   701.51   724.16   739.29
   770.46   769.54   764.93   725.65   639.22   520.02   567.07   656.82   731.65   741.26
   761.82   746.10   743.35   725.69   750.75   736.12   740.88   729.22   762.40   749.75
   758.32   727.07   667.00   561.49   466.08   575.20   654.87   726.21   735.74   771.10
   763.73   783.35   771.61   786.44   768.93   779.26   757.91   752.58   722.17   665.88
   571.89   474.73   474.20   567.47   642.76   712.65   745.42   763.01   760.62   779.68
   765.59   775.24   749.09   754.88   707.35   653.26   565.06   484.08   454.27   537.45
   607.06   673.18   704.38   736.21   738.59   746.85   728.79   713.11   667.24   616.24
   534.83   463.59   406.71   486.58   549.59   597.36   620.84   643.32   636.63   628.46
   592.25   557.85   483.38   414.49   463.14   487.35   499.63   505.50   482.84   470.56
   470.38   494.40   506.55   512.51   489.87   478.01   415.47   496.09   559.04   606.51
   629.44   651.78   645.02   637.25   601.41   567.63   492.95   423.70   464.68   549.23
   618.79   684.54   714.63   745.73   747.50   755.88   738.30   723.65   678.65   628.49
   546.71   474.65   484.13   580.25   656.37   726.03   757.16   773.23   769.34   787.78
   773.63   784.20   759.24   767.08   720.82   667.65   577.96   494.73   472.82   585.39
   668.14   740.71   747.94   781.83   772.40   790.72   777.99   792.87   776.33   788.29
   768.60   765.69   736.87   679.95   582.21   482.03   572.18   664.08   741.59   751.58
   771.14   753.71   749.83   730.87   754.78   740.20   746.20   735.74   770.50   759.10
   769.59   737.26   674.89   566.78   527.73   632.48   735.14   752.01   785.90   758.17
   757.54   712.73   719.80   715.51   730.36   705.52   728.46   743.79   775.02   773.99
   768.85   728.71   641.32   521.36   579.75   699.67   768.68   789.56   777.38   766.01
   726.63   709.89   686.22   710.99   696.48   701.19   695.79   742.50   752.43   793.38
   776.08   778.31   692.06   588.23   486.97   626.94   730.52   783.89   778.57   783.40
   726.39   714.04   677.87   685.40   679.41   693.85   671.24   692.84   700.02   741.82
   769.49   793.96   768.75   739.94   620.35   494.91   519.81   652.01   764.91   777.60
   776.96   743.70   725.07   684.71   680.52   660.49   682.76   668.67   674.70   666.45
   699.65   710.89   758.98   762.32   793.86   756.20   660.81   513.97   531.12   677.69
   768.82   800.16   760.91   753.67   704.37   693.21   660.52   669.46   671.95   683.58
   655.47   674.86   678.90   719.44   739.01   776.66   784.23   778.71   669.73   538.44
   538.76   670.32   779.90   786.05   779.47   741.42   721.09   679.41   674.65   654.59
   682.10   670.60   668.64   660.55   694.12   706.30   756.84   764.06   802.81   770.57
   678.85   531.85   515.00   662.78   759.40   799.50   770.18   767.03   714.91   701.23
   665.90   672.28   664.37   678.32   658.33   680.22   686.48   729.92   751.73   785.99
   783.40   768.89   654.41   521.30   496.07   622.22   743.35   773.87   802.56   776.87
   745.93   700.85   691.69   668.48   689.80   675.62   682.68   677.00   715.44   730.59
   791.97   787.20   790.17   734.37   629.43   488.46   588.91   693.07   780.21   778.34
   795.51   752.59   741.23   693.34   697.90   692.81   707.26   683.18   707.73   725.72
   766.93   779.83   792.88   771.11   701.40   580.87   519.88   639.06   725.47   764.76
   769.38   770.31   739.17   724.07   701.46   726.56   711.80   715.90   708.73   753.30
   754.15   781.91   748.74   732.57   630.83   526.70   561.36   666.85   726.91   758.17
   749.62   762.28   729.13   740.82   736.11   750.77   725.74   743.43   746.21   761.95
   741.40   731.80   656.96   567.19   474.63   571.77   665.75   722.04   752.46   757.81
   779.18   768.88   786.42   771.63   783.39   763.81   771.20   735.85   726.34   654.99
   575.31   466.18   483.99   564.96   653.15   707.24   754.79   749.02   775.20   765.58
   779.69   760.66   763.08   745.51   712.75   642.86   567.57   474.29   463.52   534.75
   616.16   667.16   713.05   728.75   746.83   738.60   736.24   704.44   673.25   607.14
   537.53   454.34   414.43   483.33   557.80   592.21   628.43   636.62   643.32   620.86
   597.40   549.64   486.63   406.76   470.53   482.82   505.49   499.64   487.37   463.17
   427.25   456.97   459.88   473.83   446.59   445.75   377.46   460.07   509.66   561.96
   572.14   600.46   585.36   590.36   550.41   530.37   453.26   397.70   421.13   508.56
   565.12   636.92   653.10   689.72   678.55   694.69   673.13   674.20   623.51   588.52
   503.53   445.72   437.57   535.65   597.99   675.44   695.18   728.90   700.55   733.58
   704.29   736.39   694.28   718.35   664.08   625.28   531.38   463.74   427.67   539.47
   605.91   685.00   680.70   737.76   706.28   743.10   710.55   741.05   709.09   745.00
   705.42   724.87   677.81   634.17   532.90   450.23   529.14   601.13   681.24   681.40
   716.87   682.29   693.64   655.01   699.43   670.07   689.86   661.30   722.45   688.88
   723.31   674.27   626.86   516.63   490.17   574.59   677.84   681.46   731.48   684.88
   709.08   641.50   669.16   651.74   685.44   636.82   677.81   677.10   724.48   707.77
   717.94   663.57   595.47   474.89   527.88   649.03   699.16   734.60   709.23   714.37
   662.34   663.94   624.61   674.65   641.19   658.80   631.79   699.51   683.33   742.42
   707.01   720.81   631.05   548.09   443.75   583.37   667.17   735.78   709.11   731.53
   654.03   667.83   617.93   647.55   628.31   661.39   615.34   652.03   635.81   688.82
   703.53   740.57   698.58   688.99   567.66   462.86   484.87   596.67   713.71   708.35
   717.58   672.30   673.80   623.23   642.32   607.04   650.43   619.43   638.96   610.31
   657.12   641.80   703.17   687.72   747.78   693.20   617.44   470.84   486.34   633.68
   706.30   756.92   686.56   702.74   638.37   653.00   605.94   633.34   622.32   643.80
   602.17   638.26   620.26   672.45   669.16   722.68   717.40   729.25   614.58   503.65
   504.12   615.50   731.32   720.44   728.29   673.34   675.80   621.32   638.07   600.87
   640.91   619.99   631.80   606.04   654.69   641.62   708.96   691.68   761.73   709.11
   635.49   487.37   472.33   620.56   698.54   758.30   698.44   719.78   649.12   660.53
   610.00   634.92   614.51   641.84   603.82   642.24   626.56   683.43   683.65   735.66
   717.92   720.56   600.33   487.07   464.63   570.70   695.16   707.49   758.58   714.51
   697.78   638.31   651.34   612.01   655.17   623.28   643.88   617.65   671.54   662.07
   749.78   721.42   747.71   673.70   587.44   445.97   549.61   633.51   725.62   712.21
   748.74   685.62   699.61   629.98   655.56   637.49   670.70   621.86   662.58   662.92
   718.46   715.09   742.65   704.52   652.77   530.03   473.49   593.17   660.21   713.24
   703.05   719.67   672.87   673.97   633.66   683.08   649.19   666.38   638.36   705.50
   681.52   727.68   678.66   675.62   573.38   489.49   509.94   615.70   660.49   706.76
   677.73   713.37   655.21   685.98   667.04   698.43   651.37   687.92   674.79   705.76
   670.10   666.96   592.20   523.12   440.44   518.82   612.14   658.48   707.59   693.65
   735.81   702.74   736.59   705.90   737.08   698.20   725.99   666.64   663.94   589.14
   525.77   419.63   449.27   514.26   605.77   647.94   704.65   684.21   728.06   697.51
   726.80   692.89   718.81   682.87   659.55   581.24   518.61   425.39   431.54   489.26
   574.26   611.40   663.55   664.27   686.58   670.70   680.93   643.27   625.08   552.38
   494.61   408.90   386.93   442.87   520.07   541.40   581.95   577.71   592.69   564.21
   553.10   500.27   449.95   367.95   438.33   439.97   467.25   453.55   450.35   420.41
   349.70   377.47   371.20   388.96   364.39   373.36   310.54   385.29   419.99   467.20
   461.59   480.35   461.00   484.89   452.67   446.45   376.92   336.50   344.83   425.03
   467.94   535.92   537.30   559.84   489.91   511.07   538.58   564.30   519.00   497.88
   419.01   376.45   355.80   443.73   492.23   571.24   584.17   622.32   563.31   544.24
   504.85   610.15   577.48   613.90   556.99   527.28   438.61   389.50   347.43   442.99
   486.43   567.31   570.79   648.86   610.46   641.72   531.82   573.46   596.66   661.37
   606.84   628.24   558.22   522.80   434.80   376.45   436.63   478.84   523.83   526.53
   637.07   622.07   677.78   618.27   603.04   562.14   665.93   634.32   675.68   600.20
   581.15   514.08   511.93   420.70   408.47   465.12   544.93   484.42   559.04   600.94
   682.58   645.70   689.51   632.08   678.89   644.88   695.66   639.54   653.92   525.98
   532.23   526.42   491.90   388.95   432.54   536.61   554.93   542.29   527.12   655.79
   642.84   701.31   656.17   701.55   654.78   704.13   656.77   693.80   613.61   571.89
   504.29   582.76   513.43   458.34   365.73   488.37   546.69   607.51   519.36   580.48
   617.69   694.20   657.50   704.18   654.19   701.05   658.64   705.53   649.74   665.67
   541.43   561.82   558.64   574.63   468.31   390.13   408.29   494.12   601.54   581.95
   588.09   562.13   675.47   652.30   703.09   649.98   674.11   629.40   695.67   657.73
   699.90   631.08   604.87   547.03   633.46   575.06   520.58   390.42   403.71   536.36
   592.22   659.18   615.71   675.93   649.09   704.55   655.25   681.56   584.68   616.38
   636.57   701.33   658.51   696.42   630.00   664.12   607.36   621.60   511.92   425.72
   426.49   513.71   626.09   616.73   685.95   650.18   706.68   661.77   700.72   631.75
   604.21   573.16   676.52   655.05   708.63   659.33   698.43   637.05   670.51   597.51
   539.13   405.10   392.75   526.01   586.93   663.28   633.82   697.95   659.44   709.48
   656.57   680.99   575.25   615.61   636.34   702.28   661.88   706.56   649.09   683.16
   610.62   615.06   500.13   411.41   392.88   473.86   587.71   586.88   654.92   626.29
   696.19   658.88   705.08   650.15   681.10   635.61   695.34   657.60   704.79   647.18
   673.41   605.85   639.13   560.15   495.06   368.97   461.44   519.58   596.20   526.85
   595.64   624.87   697.56   655.83   700.10   649.19   695.67   652.77   700.95   647.24
   669.08   550.29   567.86   568.98   544.20   436.32   387.80   489.69   522.39   524.29
   518.22   648.28   635.71   692.82   644.60   683.51   636.57   689.67   643.78   679.54
   597.07   552.32   478.62   542.23   464.19   408.15   411.02   491.25   465.55   529.92
   579.19   664.04   629.34   668.53   587.34   630.55   621.25   673.25   612.41   616.28
   481.83   475.33   460.89   427.78   362.16   407.51   444.88   483.29   596.88   591.82
   652.81   594.42   577.61   535.84   639.80   603.28   633.88   543.42   491.49   415.73
   416.37   335.24   367.20   404.80   491.06   533.57   598.04   568.11   604.19   502.18
   541.51   558.19   612.88   569.99   548.24   459.48   410.36   336.28   356.41   399.39
   480.65   506.25   554.33   531.52   505.68   484.85   552.84   528.33   523.47   452.55
   405.89   327.18   323.87   365.71   436.17   444.48   477.75   455.03   474.22   455.05
   459.16   410.82   374.41   299.44   366.61   358.75   383.47   366.02   371.81   343.65
   258.32   284.76   277.21   295.50   271.22   281.95   228.54   288.72   310.72   352.84
   346.92   374.64   353.62   371.08   337.67   337.16   279.91   254.18   254.04   318.99
   347.10   405.67   403.92   438.06   411.63   438.84   414.77   431.82   388.01   377.07
   312.28   285.32   262.56   334.96   367.31   434.64   440.38   483.42   438.65   482.22
   433.50   487.99   437.87   471.19   419.21   402.66   328.91   296.02   256.82   335.94
   368.81   439.66   431.98   506.74   470.82   523.41   465.39   518.45   473.78   524.13
   463.22   490.03   428.54   406.37   326.79   285.76   330.95   363.00   431.49   424.55
   508.55   483.60   549.60   498.94   548.70   494.13   554.58   499.71   541.28   467.89
   484.93   417.93   397.39   314.42   308.54   348.26   427.20   412.28   494.41   478.57
   556.70   516.47   576.92   521.48   577.86   523.00   574.41   507.52   537.43   452.44
   469.51   406.76   375.79   288.77   321.01   410.66   431.25   485.84   462.20   547.79
   517.41   586.80   536.72   595.44   538.96   594.65   532.93   575.93   498.29   519.04
   438.21   461.77   386.49   346.98   270.18   369.13   412.13   484.18   453.41   531.63
   506.94   583.89   539.73   602.09   545.98   603.74   545.54   598.12   529.96   564.44
   480.17   507.29   433.14   441.15   348.63   294.47   307.24   367.59   461.75   450.36
   524.53   493.21   574.19   535.76   601.97   546.98   603.49   545.07   604.88   545.45
   593.69   519.95   549.66   471.76   503.99   434.01   394.26   289.21   298.77   405.85
   445.90   518.09   489.22   565.31   528.83   598.36   546.82   603.95   549.55   599.09
   545.52   604.61   541.91   585.74   511.25   543.68   464.65   476.21   381.03   320.74
   321.24   382.10   478.54   468.79   550.41   517.78   589.85   543.51   604.39   543.63
   595.62   546.13   602.29   547.04   600.68   533.53   572.83   496.67   523.40   449.00
   407.73   299.80   290.82   397.62   440.33   516.04   491.85   569.06   530.93   598.36
   545.25   600.14   534.79   594.01   542.62   602.27   540.86   586.35   513.94   545.18
   462.69   469.19   371.52   309.51   296.39   352.14   448.11   445.09   527.46   500.35
   576.04   534.49   597.96   541.74   596.91   539.42   598.44   540.11   589.34   518.98
   552.40   474.79   497.82   419.75   373.56   272.55   348.97   389.96   467.96   446.72
   527.48   503.17   577.50   532.07   591.97   535.63   591.96   534.59   586.41   519.72
   553.82   471.44   495.84   438.40   415.27   323.65   288.01   374.40   404.61   466.25
   449.05   534.10   504.77   571.78   521.41   576.97   521.02   575.42   514.72   554.56
   476.57   492.12   410.47   426.22   347.93   308.51   308.65   387.43   403.29   469.90
   457.47   533.76   495.50   552.70   495.98   549.93   497.80   545.60   477.56   498.73
   411.38   418.43   354.68   325.98   277.14   313.41   385.91   407.44   474.62   453.61
   517.46   470.55   516.91   464.36   520.10   465.36   497.29   418.80   420.31   349.82
   323.43   249.64   283.08   312.68   385.21   405.25   460.32   430.88   482.72   430.20
   478.58   434.25   476.30   430.85   421.28   351.72   319.60   251.42   272.98   300.00
   365.41   378.84   424.24   409.20   433.96   407.16   432.47   397.24   396.76   336.88
   307.27   243.35   245.33   271.81   329.45   331.50   365.54   348.97   369.79   341.95
   346.75   304.00   280.92   220.91   276.76   266.95   291.28   273.30   280.44   253.80
   160.41   178.44   173.59   185.96   169.43   176.49   141.19   179.57   192.95   221.17
   218.12   238.34   224.05   234.55   211.13   210.92   173.94   158.74   157.27   198.70
   215.83   254.43   254.02   279.83   265.62   284.51   263.96   273.01   242.71   236.26
   194.61   178.75   163.05   209.68   229.46   273.43   277.19   308.82   281.36   317.46
   282.82   315.95   277.23   298.23   263.32   253.76   206.07   186.10   159.83   211.27
   232.40   279.12   272.77   324.35   300.89   342.20   306.42   344.67   306.91   338.46
   294.07   313.32   272.03   258.44   205.47   179.76   208.23   229.42   277.79   272.62
   328.79   310.11   358.51   325.49   366.77   326.73   365.87   322.67   351.14   300.25
   315.36   268.84   253.30   197.23   193.48   218.85   273.74   267.82   325.97   310.57
   364.68   336.07   382.41   343.85   385.43   342.72   378.35   329.25   352.82   296.14
   308.62   259.95   237.77   180.17   200.15   260.08   276.56   321.41   305.09   362.66
   338.30   389.31   353.51   398.36   356.34   396.52   349.51   381.08   326.82   346.26
   287.46   297.75   243.67   217.84   167.48   231.35   259.81   313.27   297.91   355.83
   334.03   388.75   356.25   404.32   363.65   407.02   361.91   399.75   348.87   376.29
   318.42   336.72   277.48   279.66   217.57   183.99   191.46   229.00   292.22   287.68
   346.62   325.80   382.96   353.77   404.54   365.86   411.68   367.33   409.62   362.10
   396.88   342.95   367.19   308.61   325.34   273.32   247.08   179.36   185.03   253.91
   280.00   332.45   315.86   373.16   347.26   400.13   364.24   412.03   375.72   413.69
   367.59   407.79   358.03   389.27   333.85   354.80   295.02   300.64   237.16   199.85
   200.03   237.55   301.43   296.33   356.59   335.71   390.44   358.50   407.66   366.94
   412.74   374.73   411.63   364.44   401.10   348.97   375.53   318.34   334.42   281.33
   254.83   185.58   180.09   248.47   275.67   329.19   314.58   372.05   346.35   398.39
   361.99   408.15   364.12   409.43   364.58   404.82   355.68   386.93   332.29   352.31
   292.00   295.23   230.81   192.61   184.87   219.03   282.23   281.40   341.93   324.40
   379.68   350.25   399.47   360.39   404.68   361.36   403.01   356.36   390.67   338.02
   361.52   304.64   318.04   262.92   233.39   168.67   218.63   244.90   299.66   289.91
   348.42   328.07   381.15   348.73   394.97   354.63   396.57   352.34   388.83   338.92
   364.52   308.01   324.59   279.20   262.01   201.39   179.71   236.94   258.77   307.02
   294.42   350.89   327.50   376.47   341.24   383.92   342.71   380.94   334.78   363.31
   309.46   324.95   267.09   273.32   218.71   193.48   194.53   249.12   263.29   309.76
   295.63   347.16   319.96   363.71   325.94   365.29   323.88   355.90   307.03   324.62
   267.77   273.40   226.14   206.06   175.72   199.82   251.09   263.89   306.49   289.15
   334.40   304.32   342.42   304.62   339.49   297.62   319.55   267.13   272.32   225.51
   206.23   156.62   180.17   199.06   246.12   256.60   292.41   273.11   312.37   280.21
   314.56   278.37   304.59   272.18   267.13   222.78   203.30   158.09   172.77   188.57
   230.16   237.61   268.48   260.41   281.18   262.57   276.25   250.06   249.50   210.59
   193.04   152.22   154.02   169.48   206.45   207.42   231.07   221.07   235.21   215.02
   217.52   189.11   175.30   137.22   173.32   166.78   183.29   171.13   175.76   157.68
    57.53    63.66    62.60    66.47    60.97    62.83    50.48    63.80    69.22    78.97
    78.90    85.68    81.41    84.08    76.04    75.14    62.33    56.41    56.33    70.70
    77.51    90.88    91.88   100.86    97.77   103.00    96.15    97.92    87.44    84.27
    69.88    63.64    58.55    74.82    82.68    97.83   100.30   111.18   103.24   115.60
   105.24   114.46   100.86   107.04    95.09    90.79    74.25    66.40    57.45    75.58
    84.22   100.33    99.12   116.91   110.17   124.60   114.73   126.16   113.35   122.54
   107.15   112.79    98.87    92.87    74.24    64.18    74.46    83.31   100.39   100.35
   119.09   113.94   130.47   121.06   134.69   122.92   133.84   119.19   127.43   110.30
   114.29    98.63    91.17    71.20    68.99    79.16    98.86    99.47   118.89   115.00
   133.03   124.78   140.26   128.64   141.75   127.82   138.36   121.85   128.74   110.40
   112.29    94.95    85.31    64.80    71.99    93.38   101.27   117.35   114.43   132.92
   125.85   142.92   132.21   146.84   133.45   145.94   130.38   139.70   121.79   126.98
   107.36   107.86    88.30    77.77    59.97    82.57    94.12   113.45   111.43   130.73
   125.01   142.98   133.43   149.37   136.83   150.65   135.94   147.33   130.43   138.36
   119.81   123.14   101.77   100.45    78.27    65.42    68.03    82.30   104.84   105.29
   126.53   122.50   140.87   132.54   149.53   138.17   153.18   139.40   151.97   136.11
   146.27   128.42   134.80   115.27   117.69    98.91    88.14    64.20    66.18    90.49
   101.11   119.89   116.58   136.49   129.64   147.50   137.21   153.40   144.13   154.55
   139.50   151.00   134.15   142.95   124.14   129.00   107.52   107.70    85.14    70.98
    71.01    85.21   107.84   107.65   129.23   124.20   143.10   134.17   150.95   139.43
   154.42   144.12   153.36   137.28   147.73   129.90   136.94   116.89   120.34   101.43
    90.75    66.34    64.38    88.47    99.34   118.36   115.32   135.48   128.69   146.49
   136.07   151.72   139.59   152.86   138.11   149.62   132.86   141.58   122.68   127.51
   105.96   105.56    82.76    68.36    65.64    78.58   100.98   102.26   123.90   119.81
   138.81   130.52   147.17   135.64   150.15   136.54   149.07   133.41   143.32   125.46
   131.66   111.76   114.41    94.80    83.11    60.30    77.93    88.48   108.13   107.47
   127.16   121.74   139.51   130.02   145.41   132.94   146.29   131.82   142.68   125.83
   133.18   114.71   117.90   101.74    93.84    72.31    64.63    85.01    94.55   111.75
   109.86   128.05   121.20   137.64   127.15   141.07   127.99   139.65   124.26   132.52
   114.62   118.55    99.28    98.71    79.10    68.99    70.45    90.04    97.58   112.84
   109.10   126.17   118.20   132.89   121.90   133.88   120.24   129.53   113.01   117.96
    99.59    99.35    82.57    73.87    63.02    72.85    90.99    97.30   110.88   105.68
   121.14   112.28   125.14   113.77   123.53   109.04   115.44    97.76    98.64    83.06
    74.30    56.62    64.72    72.49    88.66    93.18   105.20    99.45   113.14   104.15
   114.45   102.11   109.74    98.75    96.01    81.02    73.13    57.27    61.88    68.13
    82.38    85.79    96.37    94.87   101.77    96.62    99.57    90.53    89.29    75.94
    69.04    54.94    54.93    60.90    73.65    74.76    82.84    80.32    84.55    77.79
    77.72    67.96    62.44    49.27    61.74    60.03    65.52    61.71    62.72    56.59
 Plane Powers in MW
    40.26   110.06   169.88   210.95   239.75   259.79   259.79   239.75   210.95   169.88
   110.07    40.26
 Irradiation-Region Powers in MW
   796.48  1240.77    24.16
