     1  'SIGNATURE   '       3      12
L_FLUX      
     1  'FLUXDIRECT  '       0      -1
     2  'FLUX  1     '       2      64
  3.67619485E-01  3.66501510E-01  3.65768939E-01  3.56703848E-01  3.47295314E-01
  3.46835524E-01  3.42823207E-01  3.61678541E-01  3.63758147E-01  3.62017870E-01
  3.53659034E-01  3.40227365E-01  3.38457912E-01  3.36487681E-01  3.37103724E-01
  3.41860831E-01  3.21066827E-01  3.27336401E-01  3.62156361E-01  3.59287947E-01
  3.53297085E-01  3.39149535E-01  3.22769791E-01  3.17961395E-01  3.26116621E-01
  3.21499765E-01  3.06447655E-01  2.95823425E-01  2.99272984E-01  3.22961330E-01
  3.19822133E-01  3.11817616E-01  2.94592023E-01  2.76274681E-01  2.69522548E-01
  2.96273321E-01  2.83359140E-01  2.64736772E-01  2.35683337E-01  2.08480641E-01
  1.84062883E-01  1.64195910E-01  1.53727919E-01  1.46999210E-01  1.43117696E-01
  1.38957992E-01  1.35114163E-01  1.29812703E-01  1.17812358E-01  1.02046125E-01
  8.98832157E-02  8.01159963E-02  7.21135885E-02  6.53633475E-02  6.00361936E-02
  5.55630736E-02  5.17895371E-02  4.87893559E-02  4.63647470E-02  4.44369055E-02
  4.29577231E-02  4.19999920E-02  4.14624773E-02  3.89652848E-02
     2  'FLUX  2     '       2      64
  1.60650945E+00  1.60254920E+00  1.59831321E+00  1.55982256E+00  1.51885533E+00
  1.51671612E+00  1.49890852E+00  1.58111191E+00  1.58821225E+00  1.57978725E+00
  1.54370368E+00  1.48694086E+00  1.47900927E+00  1.47295332E+00  1.47436833E+00
  1.49024630E+00  1.40424085E+00  1.42766643E+00  1.57076955E+00  1.55891800E+00
  1.53380716E+00  1.47506225E+00  1.40724969E+00  1.38712275E+00  1.42294550E+00
  1.40502942E+00  1.34382951E+00  1.29487634E+00  1.30173290E+00  1.39458013E+00
  1.38097072E+00  1.34688103E+00  1.27404642E+00  1.19690192E+00  1.16846979E+00
  1.28659737E+00  1.23239231E+00  1.14968634E+00  1.02077603E+00  9.00489330E-01
  7.95326889E-01  7.09611416E-01  6.63054228E-01  6.34600163E-01  6.18444502E-01
  6.01367414E-01  5.85747719E-01  5.64231634E-01  5.09950340E-01  4.38156933E-01
  3.82642597E-01  3.38068306E-01  3.01587522E-01  2.70912826E-01  2.46528119E-01
  2.26063639E-01  2.08820596E-01  1.95005074E-01  1.83783546E-01  1.74803197E-01
  1.67848215E-01  1.63172171E-01  1.60373017E-01  1.48746282E-01
     2  'FLUX  3     '       2      64
  3.40613008E+00  3.39613748E+00  3.38355422E+00  3.30643129E+00  3.22339582E+00
  3.21900988E+00  3.17977142E+00  3.34292459E+00  3.35400820E+00  3.33538508E+00
  3.26227665E+00  3.15111923E+00  3.13499165E+00  3.12815642E+00  3.12784314E+00
  3.15143251E+00  2.97915530E+00  3.01673079E+00  3.28904891E+00  3.26564741E+00
  3.21560311E+00  3.10008907E+00  2.96923757E+00  2.92912459E+00  3.00610089E+00
  2.96967959E+00  2.84786201E+00  2.74061775E+00  2.73992062E+00  2.90193892E+00
  2.87496090E+00  2.80763435E+00  2.66500354E+00  2.51605105E+00  2.46061206E+00
  2.70239592E+00  2.59140348E+00  2.42151809E+00  2.15893936E+00  1.91460896E+00
  1.70529425E+00  1.52982700E+00  1.42765450E+00  1.36870432E+00  1.33543110E+00
  1.30122924E+00  1.27153325E+00  1.22954607E+00  1.10824525E+00  9.48446810E-01
  8.24870467E-01  7.25593388E-01  6.44323885E-01  5.76098800E-01  5.21528780E-01
  4.75722343E-01  4.37134624E-01  4.06021327E-01  3.80638987E-01  3.60212743E-01
  3.44258457E-01  3.33208442E-01  3.26238751E-01  3.00015956E-01
     2  'FLUX  4     '       2      64
  3.67906976E+00  3.67537761E+00  3.65999603E+00  3.58342695E+00  3.49859571E+00
  3.49396229E+00  3.44707417E+00  3.61814237E+00  3.62651563E+00  3.60664868E+00
  3.53176880E+00  3.42208052E+00  3.40428519E+00  3.39435339E+00  3.39043665E+00
  3.40724850E+00  3.22999024E+00  3.26431417E+00  3.54213929E+00  3.51889706E+00
  3.46788001E+00  3.35126781E+00  3.22189450E+00  3.18046522E+00  3.25595522E+00
  3.22232628E+00  3.09879446E+00  2.97952843E+00  2.96529126E+00  3.12689781E+00
  3.09850025E+00  3.02827120E+00  2.88052940E+00  2.72832632E+00  2.67062616E+00
  2.92370558E+00  2.81211424E+00  2.62659788E+00  2.34107709E+00  2.08239532E+00
  1.87326193E+00  1.68196797E+00  1.55676138E+00  1.49077332E+00  1.45430183E+00
  1.41857731E+00  1.38907993E+00  1.34704912E+00  1.19642437E+00  1.00844681E+00
  8.66103649E-01  7.53045142E-01  6.61304772E-01  5.84975064E-01  5.23996532E-01
  4.73077863E-01  4.30401504E-01  3.95953208E-01  3.67848277E-01  3.45197231E-01
  3.27434272E-01  3.14876199E-01  3.06689858E-01  2.78397650E-01
     2  'FLUX  5     '       2      64
  3.57791686E+00  3.57677555E+00  3.55756283E+00  3.48863626E+00  3.41067386E+00
  3.40596080E+00  3.35903025E+00  3.51040149E+00  3.50946856E+00  3.48550272E+00
  3.41630340E+00  3.32204843E+00  3.30552864E+00  3.31597853E+00  3.30418754E+00
  3.29385924E+00  3.14591146E+00  3.15500832E+00  3.35780668E+00  3.33777022E+00
  3.29335141E+00  3.19670677E+00  3.09254265E+00  3.05756164E+00  3.14395642E+00
  3.11242819E+00  3.00696635E+00  2.87946081E+00  2.82811809E+00  2.90065622E+00
  2.87485957E+00  2.81447291E+00  2.69116712E+00  2.56684232E+00  2.52000809E+00
  2.77423215E+00  2.66773582E+00  2.48480606E+00  2.21211147E+00  1.96926820E+00
  1.78483248E+00  1.60889995E+00  1.48567927E+00  1.42933774E+00  1.39945042E+00
  1.37143242E+00  1.35044336E+00  1.31677938E+00  1.16011512E+00  9.64889288E-01
  8.17311704E-01  7.00679958E-01  6.06642663E-01  5.29259562E-01  4.67241526E-01
  4.15842205E-01  3.73116553E-01  3.38491291E-01  3.10213804E-01  2.87335217E-01
  2.69211680E-01  2.55791366E-01  2.46287733E-01  2.20391765E-01
     2  'FLUX  6     '       2      64
  4.07510710E+00  4.06845665E+00  4.04335880E+00  3.97585654E+00  3.89862585E+00
  3.89301682E+00  3.84868884E+00  3.96313405E+00  3.95777965E+00  3.93158555E+00
  3.86463571E+00  3.77782845E+00  3.76366615E+00  3.80710411E+00  3.78306031E+00
  3.75634551E+00  3.61167789E+00  3.59352136E+00  3.70535135E+00  3.68662667E+00
  3.64596295E+00  3.56015325E+00  3.47122312E+00  3.43877029E+00  3.56751657E+00
  3.51762605E+00  3.40119147E+00  3.26060224E+00  3.18081856E+00  3.13437366E+00
  3.11267662E+00  3.06233621E+00  2.96226621E+00  2.86375213E+00  2.82493806E+00
  3.10480213E+00  2.97781467E+00  2.78865242E+00  2.53123331E+00  2.30159616E+00
  2.11233950E+00  1.90443921E+00  1.75608265E+00  1.69987082E+00  1.67121041E+00
  1.64590096E+00  1.62895501E+00  1.59331965E+00  1.41934383E+00  1.20457315E+00
  1.03601742E+00  8.99160028E-01  7.86425233E-01  6.92129672E-01  6.15186751E-01
  5.50646663E-01  4.96450633E-01  4.51995820E-01  4.15336370E-01  3.85391027E-01
  3.61409366E-01  3.43272209E-01  3.29973489E-01  2.96548545E-01
     2  'FLUX  7     '       2      64
  3.00543833E+00  3.00277209E+00  2.99158335E+00  2.96156144E+00  2.92892623E+00
  2.92621756E+00  2.90923667E+00  2.92729187E+00  2.92419410E+00  2.91071916E+00
  2.87991667E+00  2.84073210E+00  2.83697915E+00  2.88978553E+00  2.86888027E+00
  2.84113526E+00  2.76824021E+00  2.74282861E+00  2.72100949E+00  2.71217990E+00
  2.69259477E+00  2.65364146E+00  2.61503124E+00  2.59994555E+00  2.71655631E+00
  2.67211127E+00  2.59453034E+00  2.50227714E+00  2.43251181E+00  2.30073810E+00
  2.28848362E+00  2.26233149E+00  2.21256113E+00  2.16414094E+00  2.14548302E+00
  2.37152052E+00  2.27334499E+00  2.13189030E+00  1.95522642E+00  1.79332197E+00
  1.65792358E+00  1.51905179E+00  1.42328477E+00  1.39148557E+00  1.37594450E+00
  1.36280870E+00  1.35509360E+00  1.33377898E+00  1.21552610E+00  1.05268812E+00
  9.17273998E-01  8.03793430E-01  7.08248079E-01  6.27234936E-01  5.59910178E-01
  5.02926707E-01  4.54766780E-01  4.14819181E-01  3.81612390E-01  3.54258686E-01
  3.32105398E-01  3.14848036E-01  3.01525801E-01  2.73460656E-01
     2  'FLUX  8     '       2      64
  3.34338045E+00  3.33994961E+00  3.32950592E+00  3.30233860E+00  3.27317715E+00
  3.27066231E+00  3.26015663E+00  3.24533057E+00  3.24227548E+00  3.22972679E+00
  3.20257282E+00  3.16757250E+00  3.16685629E+00  3.24199677E+00  3.21481681E+00
  3.18031430E+00  3.11061144E+00  3.07354259E+00  2.98645639E+00  2.97890401E+00
  2.96255660E+00  2.93097687E+00  2.90065575E+00  2.88812494E+00  3.03686094E+00
  2.97835112E+00  2.89128304E+00  2.79500175E+00  2.71320558E+00  2.50574160E+00
  2.49604821E+00  2.47614694E+00  2.43949914E+00  2.40434432E+00  2.39078188E+00
  2.64172292E+00  2.52876878E+00  2.37967634E+00  2.20986032E+00  2.05270195E+00
  1.91364908E+00  1.77022636E+00  1.67459559E+00  1.64474869E+00  1.63068759E+00
  1.61915648E+00  1.61292088E+00  1.59273183E+00  1.48332894E+00  1.31976640E+00
  1.17450070E+00  1.04744983E+00  9.36888754E-01  8.40592206E-01  7.58658886E-01
  6.87955022E-01  6.27179503E-01  5.75988710E-01  5.32862365E-01  4.96907413E-01
  4.67460871E-01  4.44276512E-01  4.26238239E-01  3.88297349E-01
     2  'FLUX  9     '       2      64
  2.64219284E+00  2.64041066E+00  2.63714075E+00  2.62726545E+00  2.61785531E+00
  2.61697316E+00  2.61957955E+00  2.56879878E+00  2.56863832E+00  2.56397319E+00
  2.55402637E+00  2.54001141E+00  2.54352736E+00  2.61089611E+00  2.58897662E+00
  2.56330872E+00  2.52506948E+00  2.49399328E+00  2.37331080E+00  2.37032008E+00
  2.36373472E+00  2.35179901E+00  2.34169245E+00  2.33656335E+00  2.46226001E+00
  2.41239905E+00  2.34711695E+00  2.28314781E+00  2.22215009E+00  2.02210069E+00
  2.01733494E+00  2.00847721E+00  1.99338639E+00  1.97906423E+00  1.97358179E+00
  2.16903663E+00  2.08162045E+00  1.97045648E+00  1.85539114E+00  1.74730670E+00
  1.64495444E+00  1.54012012E+00  1.47345459E+00  1.45397151E+00  1.44518661E+00
  1.43830752E+00  1.43510056E+00  1.42208171E+00  1.35502899E+00  1.24052608E+00
  1.12974417E+00  1.02773237E+00  9.35476184E-01  8.52592766E-01  7.80220032E-01
  7.16399670E-01  6.60491765E-01  6.12631917E-01  5.71741700E-01  5.37229657E-01
  5.08660197E-01  4.85986531E-01  4.68248487E-01  4.29910123E-01
     2  'FLUX 10     '       2      64
  2.16232991E+00  2.16102433E+00  2.16093516E+00  2.15922284E+00  2.15888429E+00
  2.15881038E+00  2.16617513E+00  2.10713696E+00  2.10815835E+00  2.10728455E+00
  2.10552621E+00  2.10171175E+00  2.10647225E+00  2.16229796E+00  2.14536858E+00
  2.12639451E+00  2.10537529E+00  2.08036757E+00  1.96092832E+00  1.96019101E+00
  1.95833457E+00  1.95569026E+00  1.95487130E+00  1.95333350E+00  2.05451751E+00
  2.01413965E+00  1.96542931E+00  1.92194188E+00  1.87664092E+00  1.70436954E+00
  1.70217538E+00  1.69879031E+00  1.69403470E+00  1.68964136E+00  1.68806934E+00
  1.83740389E+00  1.77088475E+00  1.68836546E+00  1.60900259E+00  1.53350186E+00
  1.45840216E+00  1.38304913E+00  1.33728230E+00  1.32483399E+00  1.31959069E+00
  1.31569231E+00  1.31431901E+00  1.30617964E+00  1.26529074E+00  1.18405998E+00
  1.09898102E+00  1.01687598E+00  9.39987540E-01  8.68963659E-01  8.05444062E-01
  7.48326778E-01  6.97434366E-01  6.53209686E-01  6.14935994E-01  5.82263768E-01
  5.54940045E-01  5.33050478E-01  5.15758991E-01  4.78109270E-01
     2  'FLUX 11     '       2      64
  1.79945946E+00  1.79841614E+00  1.79936624E+00  1.80065143E+00  1.80337608E+00
  1.80360591E+00  1.81139684E+00  1.75864506E+00  1.75992489E+00  1.76051033E+00
  1.76181901E+00  1.76206517E+00  1.76650274E+00  1.80972707E+00  1.79716027E+00
  1.78345859E+00  1.77145791E+00  1.75241160E+00  1.65165460E+00  1.65181887E+00
  1.65187061E+00  1.65277696E+00  1.65523231E+00  1.65515256E+00  1.73257422E+00
  1.70155239E+00  1.66576934E+00  1.63589883E+00  1.60306621E+00  1.46704531E+00
  1.46609688E+00  1.46512997E+00  1.46465683E+00  1.46433258E+00  1.46435428E+00
  1.57481551E+00  1.52572095E+00  1.46564054E+00  1.41085374E+00  1.35847020E+00
  1.30441153E+00  1.25092638E+00  1.21978056E+00  1.21192908E+00  1.20884168E+00
  1.20681584E+00  1.20647335E+00  1.20148838E+00  1.17733252E+00  1.12077105E+00
  1.05692899E+00  9.92562056E-01  9.30291712E-01  8.71255338E-01  8.17262888E-01
  7.67815888E-01  7.23048806E-01  6.83597684E-01  6.49042130E-01  6.19229615E-01
  5.94060481E-01  5.73725343E-01  5.57519019E-01  5.21876991E-01
     2  'FLUX 12     '       2      64
  1.51555407E+00  1.51459050E+00  1.51613379E+00  1.51934075E+00  1.52398813E+00
  1.52439284E+00  1.53184676E+00  1.48672414E+00  1.48808205E+00  1.48957467E+00
  1.49282503E+00  1.49577212E+00  1.49969888E+00  1.53167212E+00  1.52286077E+00
  1.51357174E+00  1.50823903E+00  1.49413812E+00  1.41254723E+00  1.41327238E+00
  1.41453457E+00  1.41767597E+00  1.42209601E+00  1.42293370E+00  1.47942567E+00
  1.45660090E+00  1.43190014E+00  1.41283941E+00  1.39004099E+00  1.28640676E+00
  1.28628433E+00  1.28686345E+00  1.28903794E+00  1.29124629E+00  1.29222119E+00
  1.37031484E+00  1.33552754E+00  1.29409575E+00  1.25848556E+00  1.22360027E+00
  1.18590522E+00  1.14983368E+00  1.12983930E+00  1.12526023E+00  1.12373924E+00
  1.12290180E+00  1.12315202E+00  1.12049544E+00  1.10718894E+00  1.06808186E+00
  1.02043891E+00  9.70311880E-01  9.20283675E-01  8.71680737E-01  8.26265931E-01
  7.83955097E-01  7.45077372E-01  7.10353673E-01  6.79589868E-01  6.52779162E-01
  6.29934072E-01  6.11297905E-01  5.96274674E-01  5.63356876E-01
     2  'FLUX 13     '       2      64
  1.28295374E+00  1.28225255E+00  1.28387451E+00  1.28775072E+00  1.29284334E+00
  1.29332197E+00  1.29953647E+00  1.26393950E+00  1.26517451E+00  1.26699877E+00
  1.27089190E+00  1.27499962E+00  1.27816951E+00  1.30013013E+00  1.29435039E+00
  1.28850949E+00  1.28716683E+00  1.27742922E+00  1.21598339E+00  1.21691680E+00
  1.21865559E+00  1.22257459E+00  1.22754061E+00  1.22877562E+00  1.26728201E+00
  1.25155723E+00  1.23557413E+00  1.22440183E+00  1.20966005E+00  1.13564122E+00
  1.13598049E+00  1.13730180E+00  1.14061141E+00  1.14392948E+00  1.14529860E+00
  1.19685173E+00  1.17377651E+00  1.14701688E+00  1.12569594E+00  1.10450518E+00
  1.07976961E+00  1.05540335E+00  1.04209459E+00  1.03957665E+00  1.03890526E+00
  1.03882885E+00  1.03946853E+00  1.03812277E+00  1.03101468E+00  1.00485051E+00
  9.70478415E-01  9.32769477E-01  8.93975019E-01  8.55378389E-01  8.18560302E-01
  7.83685267E-01  7.51177967E-01  7.21769750E-01  6.95429325E-01  6.72251523E-01
  6.52328908E-01  6.35936022E-01  6.22591913E-01  5.93314886E-01
     2  'FLUX 14     '       2      64
  1.10225475E+00  1.10141349E+00  1.10298467E+00  1.10660040E+00  1.11130452E+00
  1.11168897E+00  1.11698401E+00  1.09001088E+00  1.09105718E+00  1.09275627E+00
  1.09647930E+00  1.10042763E+00  1.10288548E+00  1.11797845E+00  1.11443400E+00
  1.11100829E+00  1.11215246E+00  1.10554743E+00  1.06023419E+00  1.06116378E+00
  1.06294096E+00  1.06681383E+00  1.07132983E+00  1.07259071E+00  1.09856808E+00
  1.08797228E+00  1.07817793E+00  1.07230043E+00  1.06303775E+00  1.01044273E+00
  1.01092029E+00  1.01241529E+00  1.01583362E+00  1.01914561E+00  1.02052891E+00
  1.05479872E+00  1.03962755E+00  1.02274656E+00  1.01039851E+00  9.96715367E-01
  9.80129838E-01  9.67557430E-01  9.62662220E-01  9.62046683E-01  9.62202370E-01
  9.62632895E-01  9.63337183E-01  9.63396013E-01  9.63394105E-01  9.47885096E-01
  9.24176633E-01  8.96592855E-01  8.67150187E-01  8.37069869E-01  8.07731867E-01
  7.79462814E-01  7.52730727E-01  7.28233695E-01  7.06053555E-01  6.86349869E-01
  6.69266164E-01  6.55082047E-01  6.43417776E-01  6.17943406E-01
     2  'FLUX 15     '       2      64
  9.77602541E-01  9.76930737E-01  9.78303909E-01  9.81730938E-01  9.85974967E-01
  9.86410022E-01  9.90677297E-01  9.69937325E-01  9.70828712E-01  9.72498119E-01
  9.76032197E-01  9.79945421E-01  9.81887221E-01  9.91762042E-01  9.89704192E-01
  9.87907887E-01  9.90088522E-01  9.85840499E-01  9.52646494E-01  9.53554034E-01
  9.55296576E-01  9.58972514E-01  9.63156819E-01  9.64472711E-01  9.81309652E-01
  9.74379063E-01  9.68612671E-01  9.66102004E-01  9.60791707E-01  9.24272478E-01
  9.24900651E-01  9.26517129E-01  9.29974616E-01  9.33344126E-01  9.34773803E-01
  9.55971062E-01  9.46538329E-01  9.36628997E-01  9.30686772E-01  9.23580706E-01
  9.13072348E-01  9.05006528E-01  9.02522743E-01  9.02664304E-01  9.03131902E-01
  9.03718352E-01  9.04420376E-01  9.04790938E-01  9.07157362E-01  8.98193598E-01
  8.82023633E-01  8.62068832E-01  8.39988470E-01  8.16844344E-01  7.93788314E-01
  7.71208763E-01  7.49563754E-01  7.29487240E-01  7.11124480E-01  6.94666326E-01
  6.80281818E-01  6.68242633E-01  6.58257067E-01  6.36478186E-01
     2  'FLUX 16     '       2      64
  8.05302739E-01  8.04783881E-01  8.05886388E-01  8.08732748E-01  8.12220991E-01
  8.12560320E-01  8.15602064E-01  8.01337242E-01  8.02011371E-01  8.03391278E-01
  8.06327343E-01  8.09688091E-01  8.11047435E-01  8.16611886E-01  8.15669119E-01
  8.15000594E-01  8.17590714E-01  8.15147758E-01  7.93383658E-01  7.94144988E-01
  7.95631766E-01  7.98734307E-01  8.02198887E-01  8.03307354E-01  8.12559783E-01
  8.08679819E-01  8.06113005E-01  8.05866539E-01  8.03395152E-01  7.80889452E-01
  7.81487763E-01  7.82944143E-01  7.85964608E-01  7.88927495E-01  7.90138245E-01
  8.01033795E-01  7.96140254E-01  7.91595161E-01  7.90043175E-01  7.87296593E-01
  7.81998336E-01  7.78692365E-01  7.78395712E-01  7.78928876E-01  7.79463172E-01
  7.80088902E-01  7.80732095E-01  7.81424582E-01  7.84429252E-01  7.79806137E-01
  7.69662559E-01  7.56398320E-01  7.41219401E-01  7.24933267E-01  7.08395898E-01
  6.91962957E-01  6.76017225E-01  6.61067247E-01  6.47269130E-01  6.34804368E-01
  6.23832166E-01  6.14583552E-01  6.06854677E-01  5.90025425E-01
     2  'FLUX 17     '       2      64
  7.21077621E-01  7.20206141E-01  7.21304178E-01  7.23980963E-01  7.27095604E-01
  7.27485657E-01  7.30878353E-01  7.19241798E-01  7.19877899E-01  7.21212566E-01
  7.24056125E-01  7.27079511E-01  7.28302479E-01  7.32191682E-01  7.32109904E-01
  7.32369959E-01  7.36262441E-01  7.34858453E-01  7.17825174E-01  7.18608499E-01
  7.20133424E-01  7.23225415E-01  7.26309478E-01  7.27568090E-01  7.33191788E-01
  7.30923533E-01  7.30688930E-01  7.32627571E-01  7.32063472E-01  7.15940654E-01
  7.16586292E-01  7.18097568E-01  7.21107602E-01  7.23832548E-01  7.25149512E-01
  7.31170952E-01  7.28739262E-01  7.27612555E-01  7.29166627E-01  7.28214264E-01
  7.23615885E-01  7.24490821E-01  7.29055703E-01  7.30755925E-01  7.31698334E-01
  7.32479334E-01  7.32847333E-01  7.34006703E-01  7.43133605E-01  7.44682670E-01
  7.39965260E-01  7.31771231E-01  7.21350074E-01  7.09520102E-01  6.97039962E-01
  6.84321344E-01  6.71741962E-01  6.59762263E-01  6.48569226E-01  6.38353825E-01
  6.29281461E-01  6.21567249E-01  6.15061283E-01  6.00935698E-01
     2  'FLUX 18     '       2      64
  6.93567812E-01  6.93331480E-01  6.94286704E-01  6.97091222E-01  7.00490177E-01
  7.00718582E-01  7.02533722E-01  6.93708301E-01  6.94214940E-01  6.95522368E-01
  6.98358595E-01  7.01951683E-01  7.02777922E-01  7.03623533E-01  7.03813493E-01
  7.04414010E-01  7.07943499E-01  7.07294881E-01  6.96085334E-01  6.96813881E-01
  6.98290467E-01  7.01345980E-01  7.04789639E-01  7.05790877E-01  7.06770957E-01
  7.06130862E-01  7.07105398E-01  7.09605098E-01  7.10261881E-01  7.01817513E-01
  7.02508330E-01  7.04079270E-01  7.07237840E-01  7.10465908E-01  7.11575508E-01
  7.10651457E-01  7.10839212E-01  7.12369859E-01  7.16265321E-01  7.19163001E-01
  7.20552027E-01  7.22264230E-01  7.23589897E-01  7.24468708E-01  7.25152791E-01
  7.25940585E-01  7.26809263E-01  7.28031814E-01  7.30198443E-01  7.29407907E-01
  7.25136518E-01  7.18487620E-01  7.10164726E-01  7.00704992E-01  6.90660954E-01
  6.80351675E-01  6.70082569E-01  6.60234213E-01  6.50974631E-01  6.42475069E-01
  6.34886444E-01  6.28399730E-01  6.22900426E-01  6.10969245E-01
     2  'FLUX 19     '       2      64
  6.43200576E-01  6.42794728E-01  6.43764436E-01  6.46653771E-01  6.50028527E-01
  6.50238335E-01  6.52287722E-01  6.44565284E-01  6.45045698E-01  6.46387815E-01
  6.49339318E-01  6.53006494E-01  6.53742790E-01  6.53622866E-01  6.54228568E-01
  6.55381978E-01  6.59881532E-01  6.59731746E-01  6.50731802E-01  6.51513457E-01
  6.53110802E-01  6.56368434E-01  6.59835279E-01  6.60937607E-01  6.59739316E-01
  6.60040617E-01  6.62413120E-01  6.66322887E-01  6.68137908E-01  6.63109124E-01
  6.63878381E-01  6.65598750E-01  6.69005454E-01  6.72347963E-01  6.73548579E-01
  6.69438243E-01  6.71179354E-01  6.74856722E-01  6.80956900E-01  6.85293496E-01
  6.86924219E-01  6.90118372E-01  6.93516254E-01  6.95125222E-01  6.96103930E-01
  6.97070718E-01  6.97895706E-01  6.99155927E-01  7.04148531E-01  7.06715703E-01
  7.05491006E-01  7.01807678E-01  6.96380079E-01  6.89731836E-01  6.82336748E-01
  6.74524426E-01  6.66578770E-01  6.58831835E-01  6.51455402E-01  6.44614339E-01
  6.38452470E-01  6.33140922E-01  6.28598809E-01  6.18767023E-01
     2  'FLUX 20     '       2      64
  1.16215277E+00  1.16133571E+00  1.16335607E+00  1.16940963E+00  1.17632949E+00
  1.17680776E+00  1.18084812E+00  1.16848803E+00  1.16940117E+00  1.17218423E+00
  1.17835212E+00  1.18605006E+00  1.18733406E+00  1.18394959E+00  1.18625498E+00
  1.18971968E+00  1.20061171E+00  1.20178342E+00  1.19031525E+00  1.19197452E+00
  1.19539762E+00  1.20232975E+00  1.20950162E+00  1.21196032E+00  1.20333207E+00
  1.20644820E+00  1.21463513E+00  1.22559965E+00  1.23208177E+00  1.23201251E+00
  1.23373830E+00  1.23752701E+00  1.24491417E+00  1.25208068E+00  1.25474441E+00
  1.23710036E+00  1.24483454E+00  1.25778043E+00  1.27549624E+00  1.28912592E+00
  1.29681504E+00  1.30771208E+00  1.31741166E+00  1.32135558E+00  1.32354105E+00
  1.32556033E+00  1.32702363E+00  1.32972836E+00  1.34294677E+00  1.35384393E+00
  1.35785687E+00  1.35731268E+00  1.35342121E+00  1.34708071E+00  1.33899057E+00
  1.32978535E+00  1.31994998E+00  1.31000054E+00  1.30026960E+00  1.29105222E+00
  1.28260374E+00  1.27520049E+00  1.26876521E+00  1.25491071E+00
     2  'FLUX 21     '       2      64
  1.04750860E+00  1.04608619E+00  1.04791880E+00  1.05326807E+00  1.05915987E+00
  1.05967271E+00  1.06373620E+00  1.05558443E+00  1.05640996E+00  1.05897593E+00
  1.06459236E+00  1.07125568E+00  1.07226229E+00  1.06688213E+00  1.07022905E+00
  1.07471704E+00  1.08624697E+00  1.08857143E+00  1.08411682E+00  1.08569074E+00
  1.08893287E+00  1.09534264E+00  1.10146070E+00  1.10389280E+00  1.09114504E+00
  1.09608579E+00  1.10670090E+00  1.11962211E+00  1.12808800E+00  1.13639271E+00
  1.13807976E+00  1.14169669E+00  1.14853334E+00  1.15484059E+00  1.15741444E+00
  1.13453984E+00  1.14487851E+00  1.16158271E+00  1.18211472E+00  1.19671595E+00
  1.20409870E+00  1.21970618E+00  1.23550940E+00  1.24086261E+00  1.24344969E+00
  1.24552298E+00  1.24641657E+00  1.24923754E+00  1.26985204E+00  1.28843272E+00
  1.29955959E+00  1.30602992E+00  1.30907130E+00  1.30954850E+00  1.30797493E+00
  1.30499852E+00  1.30103970E+00  1.29648089E+00  1.29164577E+00  1.28679585E+00
  1.28215170E+00  1.27792144E+00  1.27410650E+00  1.26602077E+00
     2  'FLUX 22     '       2      64
  7.01282382E-01  7.00377643E-01  7.02062666E-01  7.07808256E-01  7.14239657E-01
  7.14666545E-01  7.17691123E-01  7.09643126E-01  7.10389256E-01  7.13072479E-01
  7.18973696E-01  7.26599216E-01  7.27456272E-01  7.20675647E-01  7.23822474E-01
  7.28266299E-01  7.39333212E-01  7.41655529E-01  7.38557816E-01  7.40163207E-01
  7.43537903E-01  7.50302076E-01  7.57302046E-01  7.59644687E-01  7.44712889E-01
  7.50267565E-01  7.61093676E-01  7.74004757E-01  7.82858133E-01  7.94184744E-01
  7.96063125E-01  8.00054491E-01  8.07708383E-01  8.15212727E-01  8.17838013E-01
  7.89922476E-01  8.01776350E-01  8.20185959E-01  8.42915297E-01  8.61888528E-01
  8.75256598E-01  8.88849258E-01  8.98394644E-01  9.02113676E-01  9.04050171E-01
  9.05827463E-01  9.07081246E-01  9.09598947E-01  9.21112418E-01  9.35246944E-01
  9.45537746E-01  9.52936530E-01  9.58042264E-01  9.61349607E-01  9.63096261E-01
  9.63728786E-01  9.63509500E-01  9.62647378E-01  9.61368263E-01  9.59843040E-01
  9.58213925E-01  9.56598938E-01  9.55034077E-01  9.51823652E-01
     2  'FLUX 23     '       2      64
  4.62119848E-01  4.61722523E-01  4.62685823E-01  4.65950459E-01  4.69541341E-01
  4.69783634E-01  4.71338272E-01  4.68214303E-01  4.68604594E-01  4.70115542E-01
  4.73444402E-01  4.77770150E-01  4.78142679E-01  4.73128408E-01  4.75240141E-01
  4.78109151E-01  4.84860986E-01  4.86725539E-01  4.87622619E-01  4.88536626E-01
  4.90462869E-01  4.94298995E-01  4.98206526E-01  4.99564797E-01  4.88999337E-01
  4.92983282E-01  5.00137269E-01  5.08340240E-01  5.14266491E-01  5.24314463E-01
  5.25402427E-01  5.27690291E-01  5.32041013E-01  5.36281466E-01  5.37792385E-01
  5.19067466E-01  5.27115464E-01  5.39113998E-01  5.53484082E-01  5.65713525E-01
  5.74675798E-01  5.83527684E-01  5.89519739E-01  5.91807544E-01  5.92979908E-01
  5.94042659E-01  5.94784796E-01  5.96314549E-01  6.03473663E-01  6.12754881E-01
  6.19933724E-01  6.25449657E-01  6.29603744E-01  6.32663071E-01  6.34730160E-01
  6.36072457E-01  6.36837900E-01  6.37132525E-01  6.37093306E-01  6.36820614E-01
  6.36396587E-01  6.35884106E-01  6.35318100E-01  6.34214938E-01
     2  'FLUX 24     '       2      64
  4.64888304E-01  4.63408679E-01  4.65055972E-01  4.71198291E-01  4.78091717E-01
  4.78549838E-01  4.81739223E-01  4.72746789E-01  4.73541558E-01  4.76494491E-01
  4.82952029E-01  4.91337836E-01  4.92259920E-01  4.84860271E-01  4.88407075E-01
  4.93408948E-01  5.05190790E-01  5.07416904E-01  5.03978848E-01  5.05753577E-01
  5.09526372E-01  5.17078817E-01  5.24907529E-01  5.27459264E-01  5.10727286E-01
  5.16934335E-01  5.29034793E-01  5.43300092E-01  5.53095400E-01  5.65678716E-01
  5.67894042E-01  5.72577775E-01  5.81523418E-01  5.90311766E-01  5.93313456E-01
  5.60840368E-01  5.74324012E-01  5.95894277E-01  6.22327089E-01  6.44189656E-01
  6.59266412E-01  6.74213052E-01  6.84381962E-01  6.88257635E-01  6.90253437E-01
  6.92060053E-01  6.93306863E-01  6.95935607E-01  7.07956970E-01  7.23146558E-01
  7.34934688E-01  7.44216681E-01  7.51510262E-01  7.57234395E-01  7.61518121E-01
  7.64753342E-01  7.67136395E-01  7.68784463E-01  7.69882083E-01  7.70554781E-01
  7.70902336E-01  7.70988643E-01  7.70874798E-01  7.70835876E-01
     2  'FLUX 25     '       2      64
  3.94712120E-01  3.93281937E-01  3.95101011E-01  4.01955962E-01  4.09683257E-01
  4.10206139E-01  4.13814217E-01  4.04133111E-01  4.04907525E-01  4.08074200E-01
  4.15234029E-01  4.24649775E-01  4.25708532E-01  4.17476475E-01  4.21343952E-01
  4.26659256E-01  4.40396458E-01  4.42888975E-01  4.38895315E-01  4.40874010E-01
  4.45118874E-01  4.53724831E-01  4.62712646E-01  4.65707392E-01  4.46644008E-01
  4.53684956E-01  4.67601389E-01  4.83972490E-01  4.95072603E-01  5.09186208E-01
  5.11734307E-01  5.17160058E-01  5.27620018E-01  5.37976921E-01  5.41605890E-01
  5.04007280E-01  5.19651473E-01  5.44576883E-01  5.75515747E-01  6.01487637E-01
  6.20025575E-01  6.38375401E-01  6.50719583E-01  6.55407906E-01  6.57796264E-01
  6.59957767E-01  6.61441684E-01  6.64606988E-01  6.79204881E-01  6.97842360E-01
  7.12538600E-01  7.24350393E-01  7.33882904E-01  7.41619349E-01  7.47683287E-01
  7.52525687E-01  7.56358624E-01  7.59288251E-01  7.61518359E-01  7.63179541E-01
  7.64373243E-01  7.65152335E-01  7.65598476E-01  7.66822815E-01
     2  'FLUX 26     '       2      64
  4.68864501E-01  4.69031125E-01  4.69490945E-01  4.71064001E-01  4.72581089E-01
  4.72695291E-01  4.72778916E-01  4.76678759E-01  4.76755321E-01  4.77483720E-01
  4.79048610E-01  4.81190771E-01  4.80920941E-01  4.73942190E-01  4.76259470E-01
  4.79102224E-01  4.83947188E-01  4.86999720E-01  4.97684717E-01  4.98141438E-01
  4.99117702E-01  5.00946403E-01  5.02601624E-01  5.03342390E-01  4.90219235E-01
  4.95361805E-01  5.02542257E-01  5.09826243E-01  5.16284704E-01  5.35287857E-01
  5.35924375E-01  5.37140429E-01  5.39294004E-01  5.41315496E-01  5.42099357E-01
  5.21786690E-01  5.30850768E-01  5.42684615E-01  5.55350661E-01  5.66832602E-01
  5.76275587E-01  5.85387647E-01  5.91368914E-01  5.93498647E-01  5.94544053E-01
  5.95435321E-01  5.95976472E-01  5.97272336E-01  6.03956819E-01  6.14329755E-01
  6.23528302E-01  6.31473005E-01  6.38252914E-01  6.44017994E-01  6.48749650E-01
  6.52684033E-01  6.55926406E-01  6.58517182E-01  6.60580993E-01  6.62197888E-01
  6.63431406E-01  6.64312363E-01  6.64909124E-01  6.66347861E-01
     2  'FLUX 27     '       2      64
  5.57296455E-01  5.54637492E-01  5.57464719E-01  5.68844140E-01  5.81750572E-01
  5.82630336E-01  5.88583052E-01  5.72526395E-01  5.73673546E-01  5.78853250E-01
  5.90809345E-01  6.06752694E-01  6.08543038E-01  5.94767153E-01  6.01252675E-01
  6.10001683E-01  6.33284748E-01  6.37148976E-01  6.30283535E-01  6.33603036E-01
  6.40807748E-01  6.55549943E-01  6.71081066E-01  6.76230729E-01  6.43488824E-01
  6.55552685E-01  6.79531336E-01  7.07500398E-01  7.26313710E-01  7.50248373E-01
  7.54741311E-01  7.64332592E-01  7.82918751E-01  8.01468730E-01  8.07955027E-01
  7.41560996E-01  7.68914461E-01  8.12997937E-01  8.67859185E-01  9.14124310E-01
  9.47629809E-01  9.80642855E-01  1.00267136E+00  1.01092565E+00  1.01509404E+00
  1.01882124E+00  1.02134347E+00  1.02685046E+00  1.05246091E+00  1.08612657E+00
  1.11356544E+00  1.13637209E+00  1.15546644E+00  1.17159629E+00  1.18485844E+00
  1.19599569E+00  1.20532048E+00  1.21293461E+00  1.21916449E+00  1.22420239E+00
  1.22819149E+00  1.23117733E+00  1.23333216E+00  1.23848665E+00
     2  'FLUX 28     '       2      64
  1.76641956E-01  1.76746517E-01  1.76906556E-01  1.77427500E-01  1.77848071E-01
  1.77883804E-01  1.77759513E-01  1.80467859E-01  1.80487156E-01  1.80753663E-01
  1.81270361E-01  1.81959018E-01  1.81744963E-01  1.78211391E-01  1.79345712E-01
  1.80732980E-01  1.82725400E-01  1.84323609E-01  1.90721482E-01  1.90883920E-01
  1.91228077E-01  1.91806227E-01  1.92225114E-01  1.92474261E-01  1.85953617E-01
  1.88524887E-01  1.91906452E-01  1.95215076E-01  1.98357403E-01  2.08750322E-01
  2.08985269E-01  2.09395438E-01  2.10041896E-01  2.10575968E-01  2.10802600E-01
  2.01041758E-01  2.05442369E-01  2.10987851E-01  2.16621652E-01  2.21762568E-01
  2.26025119E-01  2.30180219E-01  2.32922971E-01  2.33876869E-01  2.34323367E-01
  2.34689772E-01  2.34892860E-01  2.35422999E-01  2.38406986E-01  2.43337408E-01
  2.47898951E-01  2.51969099E-01  2.55553722E-01  2.58701086E-01  2.61380196E-01
  2.63691664E-01  2.65673965E-01  2.67330676E-01  2.68714190E-01  2.69854933E-01
  2.70776063E-01  2.71483064E-01  2.72012949E-01  2.73237765E-01
     2  'FLUX 29     '       2      64
  2.32811302E-01  2.32918695E-01  2.33019426E-01  2.33493939E-01  2.33899921E-01
  2.33932972E-01  2.33708233E-01  2.36613333E-01  2.36584529E-01  2.36797735E-01
  2.37263843E-01  2.37979218E-01  2.37752363E-01  2.34142125E-01  2.35268518E-01
  2.36600280E-01  2.38550588E-01  2.40123034E-01  2.46688336E-01  2.46828809E-01
  2.47140571E-01  2.47712091E-01  2.48204902E-01  2.48459861E-01  2.41791338E-01
  2.44420096E-01  2.47850269E-01  2.51151979E-01  2.54277676E-01  2.64635503E-01
  2.64882594E-01  2.65325755E-01  2.66091138E-01  2.66831219E-01  2.67116249E-01
  2.56965786E-01  2.61468261E-01  2.67238408E-01  2.73205072E-01  2.78753966E-01
  2.83546597E-01  2.88025856E-01  2.90865064E-01  2.91844010E-01  2.92303056E-01
  2.92681217E-01  2.92892039E-01  2.93451905E-01  2.96464890E-01  3.01683575E-01
  3.06647569E-01  3.11165661E-01  3.15210789E-01  3.18813145E-01  3.21921229E-01
  3.24633867E-01  3.26984882E-01  3.28970402E-01  3.30644190E-01  3.32036793E-01
  3.33171457E-01  3.34051728E-01  3.34720522E-01  3.36251557E-01
     2  'FLUX 30     '       2      64
  2.26803154E-01  2.26894766E-01  2.26902857E-01  2.27062389E-01  2.27127165E-01
  2.27136582E-01  2.26815000E-01  2.29716346E-01  2.29662567E-01  2.29738086E-01
  2.29892477E-01  2.30181098E-01  2.29941562E-01  2.27059126E-01  2.27927774E-01
  2.28933409E-01  2.30150387E-01  2.31429443E-01  2.37355232E-01  2.37410709E-01
  2.37540454E-01  2.37746477E-01  2.37861991E-01  2.37980485E-01  2.32763365E-01
  2.34838873E-01  2.37391993E-01  2.39741892E-01  2.42116585E-01  2.50701129E-01
  2.50839055E-01  2.51056045E-01  2.51390964E-01  2.51699924E-01  2.51828879E-01
  2.44160712E-01  2.47582987E-01  2.51858741E-01  2.56097853E-01  2.60073185E-01
  2.63537019E-01  2.66781718E-01  2.68850982E-01  2.69543797E-01  2.69858211E-01
  2.70104736E-01  2.70219505E-01  2.70581156E-01  2.72730768E-01  2.76713401E-01
  2.80646712E-01  2.84311712E-01  2.87652403E-01  2.90670723E-01  2.93309689E-01
  2.95637935E-01  2.97675610E-01  2.99412549E-01  3.00888956E-01  3.02126884E-01
  3.03143233E-01  3.03938717E-01  3.04550260E-01  3.05937737E-01
     2  'FLUX 31     '       2      64
  3.79711211E-01  3.79828423E-01  3.79842728E-01  3.80089223E-01  3.80218744E-01
  3.80233973E-01  3.79808068E-01  3.83674562E-01  3.83599967E-01  3.83711159E-01
  3.83951545E-01  3.84394228E-01  3.84076834E-01  3.80152851E-01  3.81337911E-01
  3.82703692E-01  3.84404212E-01  3.86141002E-01  3.94108057E-01  3.94191414E-01
  3.94386679E-01  3.94713819E-01  3.94930333E-01  3.95108014E-01  3.87967169E-01
  3.90812039E-01  3.94331455E-01  3.97577643E-01  4.00827080E-01  4.12391931E-01
  4.12592262E-01  4.12917584E-01  4.13438886E-01  4.13934022E-01  4.14133012E-01
  4.03623253E-01  4.08313930E-01  4.14198488E-01  4.20065582E-01  4.25556570E-01
  4.30332243E-01  4.34778422E-01  4.37592149E-01  4.38523918E-01  4.38940316E-01
  4.39259589E-01  4.39401478E-01  4.39874917E-01  4.42761093E-01  4.48295087E-01
  4.53880101E-01  4.59169120E-01  4.64056879E-01  4.68526036E-01  4.72479224E-01
  4.76001769E-01  4.79113013E-01  4.81789201E-01  4.84082580E-01  4.86020625E-01
  4.87623960E-01  4.88889962E-01  4.89873737E-01  4.92088318E-01
     2  'FLUX 32     '       2      64
  1.66377276E-01  1.66412085E-01  1.66449755E-01  1.66629151E-01  1.66777566E-01
  1.66790590E-01  1.66699961E-01  1.67969882E-01  1.67954251E-01  1.68033689E-01
  1.68211728E-01  1.68484911E-01  1.68386295E-01  1.66878745E-01  1.67354807E-01
  1.67911038E-01  1.68716803E-01  1.69389963E-01  1.72207028E-01  1.72262296E-01
  1.72385454E-01  1.72610834E-01  1.72795385E-01  1.72900513E-01  1.70100257E-01
  1.71217322E-01  1.72664016E-01  1.74047232E-01  1.75360993E-01  1.79678157E-01
  1.79777384E-01  1.79954261E-01  1.80257812E-01  1.80546582E-01  1.80661559E-01
  1.76485762E-01  1.78359598E-01  1.80749089E-01  1.83197603E-01  1.85440376E-01
  1.87324852E-01  1.89145371E-01  1.90344751E-01  1.90740362E-01  1.90915316E-01
  1.91051409E-01  1.91110939E-01  1.91303432E-01  1.92564726E-01  1.94867313E-01
  1.97169855E-01  1.99352816E-01  2.01377511E-01  2.03236982E-01  2.04890162E-01
  2.06370518E-01  2.07684293E-01  2.08819956E-01  2.09797725E-01  2.10627735E-01
  2.11317420E-01  2.11864874E-01  2.12292805E-01  2.13252380E-01
     2  'FLUX 33     '       2      64
  1.41484827E-01  1.41500816E-01  1.41589567E-01  1.41924143E-01  1.42272472E-01
  1.42297834E-01  1.42341346E-01  1.42883420E-01  1.42893806E-01  1.43037513E-01
  1.43371254E-01  1.43844545E-01  1.43814176E-01  1.42574787E-01  1.42992929E-01
  1.43496156E-01  1.44449338E-01  1.44980535E-01  1.46700844E-01  1.46794796E-01
  1.46999419E-01  1.47406444E-01  1.47807732E-01  1.47970065E-01  1.45567015E-01
  1.46512493E-01  1.47871569E-01  1.49260640E-01  1.50445029E-01  1.53659731E-01
  1.53795019E-01  1.54064283E-01  1.54566348E-01  1.55064732E-01  1.55250207E-01
  1.51453957E-01  1.53140366E-01  1.55396938E-01  1.57872930E-01  1.60098225E-01
  1.61916569E-01  1.63667232E-01  1.64808556E-01  1.65198371E-01  1.65375635E-01
  1.65519968E-01  1.65591314E-01  1.65802374E-01  1.67036518E-01  1.69150591E-01
  1.71205789E-01  1.73130333E-01  1.74903542E-01  1.76526368E-01  1.77966431E-01
  1.79255143E-01  1.80399001E-01  1.81388363E-01  1.82240963E-01  1.82965562E-01
  1.83568493E-01  1.84047699E-01  1.84422791E-01  1.85263902E-01
     2  'FLUX 34     '       2      64
  2.81113107E-02  2.81133372E-02  2.81267930E-02  2.81746723E-02  2.82193106E-02
  2.82229204E-02  2.82257814E-02  2.83792634E-02  2.83802841E-02  2.84019820E-02
  2.84500420E-02  2.85157785E-02  2.85051484E-02  2.82647088E-02  2.83457804E-02
  2.84432098E-02  2.86066625E-02  2.87141297E-02  2.91083623E-02  2.91227289E-02
  2.91539244E-02  2.92125233E-02  2.92634703E-02  2.92881727E-02  2.88281571E-02
  2.90110018E-02  2.92640887E-02  2.95164157E-02  2.97410097E-02  3.04077957E-02
  3.04289833E-02  3.04693729E-02  3.05409487E-02  3.06076277E-02  3.06339934E-02
  2.99310386E-02  3.02467085E-02  3.06606349E-02  3.10980901E-02  3.14882696E-02
  3.18011977E-02  3.21142375E-02  3.23263891E-02  3.23977619E-02  3.24294195E-02
  3.24541219E-02  3.24642099E-02  3.24990042E-02  3.27300578E-02  3.31261791E-02
  3.35140713E-02  3.38793509E-02  3.42173837E-02  3.45278159E-02  3.48041691E-02
  3.50521244E-02  3.52726988E-02  3.54638994E-02  3.56289782E-02  3.57695185E-02
  3.58866602E-02  3.59799527E-02  3.60531583E-02  3.62169556E-02
     2  'FLUX 35     '       2      64
  2.75949892E-02  2.75966134E-02  2.76132654E-02  2.76739448E-02  2.77354401E-02
  2.77400333E-02  2.77490336E-02  2.78605912E-02  2.78628599E-02  2.78895050E-02
  2.79502328E-02  2.80345902E-02  2.80279685E-02  2.77926829E-02  2.78729498E-02
  2.79700533E-02  2.81488337E-02  2.82508172E-02  2.85893101E-02  2.86066886E-02
  2.86444109E-02  2.87181288E-02  2.87882965E-02  2.88178883E-02  2.83620562E-02
  2.85418257E-02  2.87995655E-02  2.90620159E-02  2.92869993E-02  2.99077835E-02
  2.99325213E-02  2.99813636E-02  3.00711822E-02  3.01584397E-02  3.01914103E-02
  2.94775181E-02  2.97955964E-02  3.02206390E-02  3.06824930E-02  3.10940053E-02
  3.14245485E-02  3.17492895E-02  3.19655053E-02  3.20390463E-02  3.20724174E-02
  3.20988372E-02  3.21112424E-02  3.21495011E-02  3.23841609E-02  3.27836350E-02
  3.31722833E-02  3.35369296E-02  3.38735878E-02  3.41823250E-02  3.44568901E-02
  3.47030871E-02  3.49220447E-02  3.51117812E-02  3.52756009E-02  3.54150571E-02
  3.55313085E-02  3.56238857E-02  3.56965065E-02  3.58591788E-02
     2  'FLUX 36     '       2      64
  2.82493886E-02  2.82509085E-02  2.82698367E-02  2.83388235E-02  2.84106322E-02
  2.84158569E-02  2.84287948E-02  2.85216868E-02  2.85247229E-02  2.85547003E-02
  2.86236890E-02  2.87197363E-02  2.87150461E-02  2.84762587E-02  2.85583902E-02
  2.86580920E-02  2.88501699E-02  2.89524291E-02  2.92711854E-02  2.92906277E-02
  2.93328092E-02  2.94163693E-02  2.94981468E-02  2.95311622E-02  2.90653370E-02
  2.92484611E-02  2.95157488E-02  2.97909714E-02  3.00226063E-02  3.06364223E-02
  3.06636393E-02  3.07181235E-02  3.08196265E-02  3.09194978E-02  3.09567750E-02
  3.02188657E-02  3.05468179E-02  3.09887044E-02  3.14752907E-02  3.19083557E-02
  3.22558992E-02  3.25955451E-02  3.28203999E-02  3.28974240E-02  3.29321884E-02
  3.29603069E-02  3.29736955E-02  3.30144130E-02  3.32599729E-02  3.36740687E-02
  3.40750888E-02  3.44505385E-02  3.47967818E-02  3.51140983E-02  3.53961885E-02
  3.56491022E-02  3.58740240E-02  3.60689498E-02  3.62372771E-02  3.63805965E-02
  3.65000889E-02  3.65952626E-02  3.66699398E-02  3.68372351E-02
     2  'FLUX 37     '       2      64
  2.92446110E-02  2.92468593E-02  2.92645730E-02  2.93280128E-02  2.93922722E-02
  2.93970779E-02  2.94068623E-02  2.95216627E-02  2.95242146E-02  2.95521542E-02
  2.96155680E-02  2.97033563E-02  2.96965837E-02  2.94523891E-02  2.95357015E-02
  2.96366140E-02  2.98225880E-02  2.99290977E-02  3.02793495E-02  3.02975085E-02
  3.03368196E-02  3.04135103E-02  3.04863937E-02  3.05172075E-02  3.00447475E-02
  3.02312505E-02  3.04982848E-02  3.07707302E-02  3.10044978E-02  3.16476487E-02
  3.16732712E-02  3.17238383E-02  3.18167508E-02  3.19068879E-02  3.19409929E-02
  3.12026571E-02  3.15322913E-02  3.19714360E-02  3.24487276E-02  3.28746401E-02
  3.32175270E-02  3.35533358E-02  3.37758362E-02  3.38515863E-02  3.38855386E-02
  3.39126885E-02  3.39254811E-02  3.39649208E-02  3.42057720E-02  3.46193574E-02
  3.50231417E-02  3.54027152E-02  3.57537046E-02  3.60760018E-02  3.63629945E-02
  3.66206318E-02  3.68499868E-02  3.70489545E-02  3.72208953E-02  3.73674035E-02
  3.74896303E-02  3.75870764E-02  3.76636162E-02  3.78348418E-02
     2  'FLUX 38     '       2      64
  2.88123973E-02  2.88149081E-02  2.88338065E-02  2.89018545E-02  2.89726499E-02
  2.89778281E-02  2.89900228E-02  2.90841796E-02  2.90872268E-02  2.91168410E-02
  2.91847624E-02  2.92793903E-02  2.92745307E-02  2.90368404E-02  2.91181970E-02
  2.92170141E-02  2.94063371E-02  2.95088757E-02  2.98280362E-02  2.98471544E-02
  2.98885852E-02  2.99705472E-02  3.00507881E-02  3.00832484E-02  2.96213962E-02
  2.98031811E-02  3.00670303E-02  3.03388629E-02  3.05686370E-02  3.11788097E-02
  3.12054809E-02  3.12587656E-02  3.13579813E-02  3.14557180E-02  3.14921737E-02
  3.07636634E-02  3.10881492E-02  3.15231532E-02  3.20017338E-02  3.24290842E-02
  3.27736661E-02  3.31076235E-02  3.33265774E-02  3.34013067E-02  3.34348753E-02
  3.34621891E-02  3.34751084E-02  3.35148498E-02  3.37532274E-02  3.41616720E-02
  3.45596969E-02  3.49335410E-02  3.52791101E-02  3.55963893E-02  3.58789191E-02
  3.61325964E-02  3.63584571E-02  3.65544520E-02  3.67238671E-02  3.68682742E-02
  3.69887836E-02  3.70848998E-02  3.71604525E-02  3.73292416E-02
     2  'FLUX 39     '       2      64
  2.87990663E-02  2.88024638E-02  2.88173053E-02  2.88698189E-02  2.89211273E-02
  2.89250724E-02  2.89294105E-02  2.90621314E-02  2.90638153E-02  2.90872920E-02
  2.91396603E-02  2.92121712E-02  2.92033628E-02  2.89691892E-02  2.90478170E-02
  2.91427057E-02  2.93074958E-02  2.94115134E-02  2.97745988E-02  2.97898464E-02
  2.98228320E-02  2.98859458E-02  2.99438406E-02  2.99698133E-02  2.95224767E-02
  2.96998732E-02  2.99471077E-02  3.01962532E-02  3.04156728E-02  3.10468767E-02
  3.10687926E-02  3.11111454E-02  3.11876144E-02  3.12607884E-02  3.12888585E-02
  3.06020100E-02  3.09102219E-02  3.13144848E-02  3.17468494E-02  3.21349390E-02
  3.24498825E-02  3.27562392E-02  3.29576768E-02  3.30254659E-02  3.30558009E-02
  3.30796167E-02  3.30904350E-02  3.31254005E-02  3.33405659E-02  3.37232612E-02
  3.41022238E-02  3.44609804E-02  3.47942896E-02  3.51013914E-02  3.53756584E-02
  3.56224217E-02  3.58424969E-02  3.60337533E-02  3.61992754E-02  3.63405049E-02
  3.64584923E-02  3.65527086E-02  3.66268829E-02  3.67922150E-02
     2  'FLUX 40     '       2      64
  2.96089221E-02  2.96124592E-02  2.96283774E-02  2.96853576E-02  2.97424663E-02
  2.97467373E-02  2.97525842E-02  2.98760217E-02  2.98779700E-02  2.99031213E-02
  2.99598724E-02  3.00390087E-02  3.00311670E-02  2.97943018E-02  2.98739914E-02
  2.99702063E-02  3.01419459E-02  3.02462280E-02  3.05997655E-02  3.06160357E-02
  3.06512658E-02  3.07195783E-02  3.07839904E-02  3.08117662E-02  3.03583555E-02
  3.05378288E-02  3.07902787E-02  3.10461354E-02  3.12690623E-02  3.18960398E-02
  3.19191962E-02  3.19644548E-02  3.20471451E-02  3.21274176E-02  3.21578495E-02
  3.14584300E-02  3.17718610E-02  3.21849473E-02  3.26302908E-02  3.30292992E-02
  3.33521403E-02  3.36656459E-02  3.38715352E-02  3.39411609E-02  3.39719206E-02
  3.39962915E-02  3.40070277E-02  3.40426452E-02  3.42652537E-02  3.46573964E-02
  3.50448266E-02  3.54114398E-02  3.57520729E-02  3.60659882E-02  3.63464430E-02
  3.65988649E-02  3.68240774E-02  3.70198824E-02  3.71894054E-02  3.73341180E-02
  3.74550484E-02  3.75516601E-02  3.76277529E-02  3.77973430E-02
     2  'FLUX 41     '       2      64
  2.82138661E-02  2.82179788E-02  2.82299053E-02  2.82723866E-02  2.83121355E-02
  2.83152796E-02  2.83143111E-02  2.84604523E-02  2.84612365E-02  2.84804981E-02
  2.85226889E-02  2.85815224E-02  2.85710469E-02  2.83484124E-02  2.84219235E-02
  2.85101496E-02  2.86541544E-02  2.87540853E-02  2.91229431E-02  2.91354414E-02
  2.91624665E-02  2.92131118E-02  2.92577017E-02  2.92790961E-02  2.88593806E-02
  2.90264338E-02  2.92532835E-02  2.94785481E-02  2.96820216E-02  3.02925929E-02
  3.03109977E-02  3.03457044E-02  3.04070748E-02  3.04650497E-02  3.04875877E-02
  2.98549607E-02  3.01400367E-02  3.05087380E-02  3.08962502E-02  3.12453546E-02
  3.15299369E-02  3.18058915E-02  3.19865346E-02  3.20470929E-02  3.20734829E-02
  3.20939831E-02  3.21027488E-02  3.21327969E-02  3.23239118E-02  3.26747596E-02
  3.30271572E-02  3.33632529E-02  3.36770713E-02  3.39672938E-02  3.42273191E-02
  3.44618112E-02  3.46713737E-02  3.48538458E-02  3.50120068E-02  3.51471491E-02
  3.52601968E-02  3.53506133E-02  3.54219340E-02  3.55806015E-02
     2  'FLUX 42     '       2      64
  5.42044342E-02  5.42124212E-02  5.42278439E-02  5.42788506E-02  5.43163009E-02
  5.43199629E-02  5.43053821E-02  5.46592586E-02  5.46584092E-02  5.46835139E-02
  5.47342226E-02  5.48024885E-02  5.47749400E-02  5.43576293E-02  5.44937365E-02
  5.46558648E-02  5.48861846E-02  5.50802238E-02  5.58698326E-02  5.58864884E-02
  5.59221879E-02  5.59827536E-02  5.60232699E-02  5.60518503E-02  5.52781187E-02
  5.55891991E-02  5.59928417E-02  5.63818626E-02  5.67517765E-02  5.79598770E-02
  5.79858012E-02  5.80309033E-02  5.81033640E-02  5.81643097E-02  5.81909716E-02
  5.70654459E-02  5.75786643E-02  5.82248345E-02  5.88757880E-02  5.94616570E-02
  5.99364005E-02  6.04116209E-02  6.07328229E-02  6.08384274E-02  6.08831681E-02
  6.09166734E-02  6.09273836E-02  6.09746277E-02  6.13120347E-02  6.19426146E-02
  6.25841096E-02  6.32005259E-02  6.37790784E-02  6.43161461E-02  6.47988617E-02
  6.52352124E-02  6.56259507E-02  6.59667403E-02  6.62625730E-02  6.65156618E-02
  6.67276159E-02  6.68973476E-02  6.70314357E-02  6.73295707E-02
     2  'FLUX 43     '       2      64
  8.43176395E-02  8.43244344E-02  8.43866318E-02  8.46056119E-02  8.48414749E-02
  8.48581344E-02  8.49112719E-02  8.50588307E-02  8.50714892E-02  8.51657540E-02
  8.53837878E-02  8.56866688E-02  8.56839344E-02  8.50520208E-02  8.52723867E-02
  8.55420753E-02  8.60994011E-02  8.63682106E-02  8.70918483E-02  8.71520862E-02
  8.72818083E-02  8.75426158E-02  8.78063589E-02  8.79073441E-02  8.66676569E-02
  8.71538222E-02  8.78821835E-02  8.86479691E-02  8.92744362E-02  9.08052847E-02
  9.08857211E-02  9.10496861E-02  9.13600028E-02  9.16697532E-02  9.17838216E-02
  8.98058712E-02  9.06870142E-02  9.18816328E-02  9.32237357E-02  9.44141075E-02
  9.53640118E-02  9.62852240E-02  9.68880504E-02  9.70950797E-02  9.71880406E-02
  9.72636938E-02  9.72987637E-02  9.74101201E-02  9.80705172E-02  9.91934687E-02
  1.00287870E-01  1.01318516E-01  1.02274321E-01  1.03154957E-01  1.03942052E-01
  1.04651183E-01  1.05284721E-01  1.05836272E-01  1.06314555E-01  1.06723428E-01
  1.07065625E-01  1.07339390E-01  1.07555278E-01  1.08037241E-01
     2  'FLUX 44     '       2      64
  1.08716257E-01  1.08724982E-01  1.08798474E-01  1.09048210E-01  1.09310523E-01
  1.09329529E-01  1.09390184E-01  1.09628089E-01  1.09643213E-01  1.09752789E-01
  1.10001951E-01  1.10342607E-01  1.10333726E-01  1.09556422E-01  1.09827675E-01
  1.10160127E-01  1.10821381E-01  1.11160174E-01  1.12119414E-01  1.12189531E-01
  1.12340018E-01  1.12637646E-01  1.12929501E-01  1.13046117E-01  1.11529782E-01
  1.12127364E-01  1.13009632E-01  1.13932751E-01  1.14699610E-01  1.16629422E-01
  1.16722904E-01  1.16911404E-01  1.17263272E-01  1.17608212E-01  1.17737196E-01
  1.15349188E-01  1.16418980E-01  1.17855370E-01  1.19452000E-01  1.20868184E-01
  1.21994883E-01  1.23089358E-01  1.23802692E-01  1.24046534E-01  1.24155566E-01
  1.24240860E-01  1.24280378E-01  1.24408983E-01  1.25186503E-01  1.26540825E-01
  1.27875581E-01  1.29140407E-01  1.30318731E-01  1.31408215E-01  1.32385179E-01
  1.33267656E-01  1.34057850E-01  1.34747341E-01  1.35346368E-01  1.35859385E-01
  1.36289507E-01  1.36634350E-01  1.36907026E-01  1.37513578E-01
     2  'FLUX 45     '       2      64
  2.94183284E-01  2.94199198E-01  2.94380218E-01  2.94987708E-01  2.95626223E-01
  2.95672625E-01  2.95832127E-01  2.96370089E-01  2.96408415E-01  2.96675712E-01
  2.97283679E-01  2.98109561E-01  2.98091620E-01  2.96237469E-01  2.96890855E-01
  2.97692150E-01  2.99300939E-01  3.00110757E-01  3.02342921E-01  3.02514583E-01
  3.02882701E-01  3.03610474E-01  3.04320902E-01  3.04606348E-01  3.00992191E-01
  3.02418500E-01  3.04538369E-01  3.06765020E-01  3.08601201E-01  3.13104957E-01
  3.13332289E-01  3.13791901E-01  3.14650297E-01  3.15488845E-01  3.15804720E-01
  3.10150921E-01  3.12692314E-01  3.16114128E-01  3.19930792E-01  3.23279887E-01
  3.25881839E-01  3.28445435E-01  3.30137640E-01  3.30709755E-01  3.30965102E-01
  3.31158370E-01  3.31236035E-01  3.31528723E-01  3.33370864E-01  3.36637974E-01
  3.39897722E-01  3.43013674E-01  3.45937133E-01  3.48656416E-01  3.51108730E-01
  3.53334546E-01  3.55336130E-01  3.57089937E-01  3.58619332E-01  3.59933674E-01
  3.61039370E-01  3.61929148E-01  3.62635881E-01  3.64201933E-01
     2  'FLUX 46     '       2      64
  3.24563891E-01  3.24557096E-01  3.24685723E-01  3.25123787E-01  3.25578690E-01
  3.25612396E-01  3.25731456E-01  3.26218575E-01  3.26239169E-01  3.26431483E-01
  3.26879710E-01  3.27483743E-01  3.27463001E-01  3.26043218E-01  3.26553643E-01
  3.27165961E-01  3.28415155E-01  3.29029173E-01  3.30704927E-01  3.30836177E-01
  3.31119239E-01  3.31679225E-01  3.32213521E-01  3.32438201E-01  3.29700768E-01
  3.30789387E-01  3.32425147E-01  3.34139436E-01  3.35524559E-01  3.38621467E-01
  3.38803649E-01  3.39172721E-01  3.39863598E-01  3.40534866E-01  3.40797126E-01
  3.36676031E-01  3.38547885E-01  3.41108352E-01  3.43998879E-01  3.46410155E-01
  3.48059952E-01  3.49794805E-01  3.50979686E-01  3.51391494E-01  3.51532102E-01
  3.51641715E-01  3.51625383E-01  3.51787329E-01  3.53093535E-01  3.55681151E-01
  3.58421654E-01  3.61133546E-01  3.63740981E-01  3.66211534E-01  3.68475884E-01
  3.70556504E-01  3.72447371E-01  3.74120235E-01  3.75591010E-01  3.76864135E-01
  3.77942532E-01  3.78817141E-01  3.79518360E-01  3.81056428E-01
     2  'FLUX 47     '       2      64
  3.78840774E-01  3.78780037E-01  3.78851652E-01  3.79080296E-01  3.79339516E-01
  3.79358292E-01  3.79493147E-01  3.79377633E-01  3.79383326E-01  3.79477292E-01
  3.79731983E-01  3.80057365E-01  3.80077422E-01  3.79668355E-01  3.79875809E-01
  3.80093843E-01  3.80768657E-01  3.80916893E-01  3.80658239E-01  3.80737126E-01
  3.80905688E-01  3.81261051E-01  3.81601751E-01  3.81753743E-01  3.81091565E-01
  3.81380886E-01  3.81974936E-01  3.82662654E-01  3.83025944E-01  3.82050157E-01
  3.82158607E-01  3.82393390E-01  3.82866681E-01  3.83340180E-01  3.83551568E-01
  3.83248270E-01  3.83488476E-01  3.83985996E-01  3.84782881E-01  3.84921789E-01
  3.84052575E-01  3.83558244E-01  3.83302242E-01  3.83205026E-01  3.83096516E-01
  3.82931828E-01  3.82672101E-01  3.82501543E-01  3.82220954E-01  3.82915139E-01
  3.84252518E-01  3.85882795E-01  3.87643427E-01  3.89440984E-01  3.91184628E-01
  3.92851323E-01  3.94413441E-01  3.95832181E-01  3.97105426E-01  3.98227036E-01
  3.99191797E-01  3.99987459E-01  4.00638014E-01  4.02037710E-01
     2  'FLUX 48     '       2      64
  2.85307020E-01  2.85233140E-01  2.85213679E-01  2.85061419E-01  2.84907311E-01
  2.84897059E-01  2.84949422E-01  2.84706563E-01  2.84695357E-01  2.84626454E-01
  2.84499019E-01  2.84275919E-01  2.84287274E-01  2.84895658E-01  2.84768373E-01
  2.84564674E-01  2.84323364E-01  2.84068137E-01  2.82609373E-01  2.82582045E-01
  2.82511115E-01  2.82382965E-01  2.82212228E-01  2.82192171E-01  2.83745736E-01
  2.83196390E-01  2.82511085E-01  2.81854361E-01  2.81093717E-01  2.76790529E-01
  2.76733935E-01  2.76628166E-01  2.76463449E-01  2.76297688E-01  2.76299000E-01
  2.80312240E-01  2.78746128E-01  2.76719809E-01  2.74659306E-01  2.71970510E-01
  2.68348992E-01  2.65363246E-01  2.63462543E-01  2.62834311E-01  2.62416333E-01
  2.62015432E-01  2.61584669E-01  2.61061311E-01  2.58919418E-01  2.57066131E-01
  2.56237090E-01  2.55984336E-01  2.56093413E-01  2.56429404E-01  2.56907523E-01
  2.57459730E-01  2.58043528E-01  2.58622348E-01  2.59174854E-01  2.59685218E-01
  2.60141671E-01  2.60533065E-01  2.60867357E-01  2.61559576E-01
     2  'FLUX 49     '       2      64
  2.31002182E-01  2.30937019E-01  2.30937511E-01  2.30795026E-01  2.30673239E-01
  2.30663747E-01  2.30754912E-01  2.30152369E-01  2.30159029E-01  2.30095297E-01
  2.29970068E-01  2.29736865E-01  2.29776025E-01  2.30677903E-01  2.30465591E-01
  2.30171770E-01  2.29798764E-01  2.29432344E-01  2.27261454E-01  2.27228165E-01
  2.27134824E-01  2.26969093E-01  2.26772889E-01  2.26737916E-01  2.28961334E-01
  2.28155732E-01  2.27127418E-01  2.26164952E-01  2.25104690E-01  2.19498754E-01
  2.19403401E-01  2.19223693E-01  2.18932465E-01  2.18648985E-01  2.18613237E-01
  2.24042103E-01  2.21910730E-01  2.19080642E-01  2.16157719E-01  2.12562814E-01
  2.07989112E-01  2.04148695E-01  2.01666564E-01  2.00874507E-01  2.00338334E-01
  1.99884981E-01  1.99371472E-01  1.98770940E-01  1.96026504E-01  1.93234965E-01
  1.91554159E-01  1.90534502E-01  1.89954221E-01  1.89669400E-01  1.89601675E-01
  1.89667940E-01  1.89821482E-01  1.90027937E-01  1.90258875E-01  1.90495014E-01
  1.90722167E-01  1.90930024E-01  1.91119298E-01  1.91492066E-01
     2  'FLUX 50     '       2      64
  1.93256676E-01  1.93206578E-01  1.93227366E-01  1.93125725E-01  1.93055570E-01
  1.93048716E-01  1.93155512E-01  1.92447618E-01  1.92466944E-01  1.92423046E-01
  1.92331851E-01  1.92141682E-01  1.92189381E-01  1.93086609E-01  1.92875832E-01
  1.92595765E-01  1.92240298E-01  1.91887379E-01  1.89628631E-01  1.89600900E-01
  1.89514816E-01  1.89363420E-01  1.89188197E-01  1.89156890E-01  1.91414639E-01
  1.90595686E-01  1.89543620E-01  1.88575730E-01  1.87513664E-01  1.81825951E-01
  1.81721687E-01  1.81523696E-01  1.81199566E-01  1.80886015E-01  1.80838257E-01
  1.86444089E-01  1.84258297E-01  1.81307927E-01  1.78237647E-01  1.74501792E-01
  1.69802710E-01  1.65820882E-01  1.63231894E-01  1.62382394E-01  1.61874816E-01
  1.61379457E-01  1.60909623E-01  1.60271004E-01  1.57401755E-01  1.54348254E-01
  1.52389407E-01  1.51095644E-01  1.50252834E-01  1.49720281E-01  1.49425969E-01
  1.49284676E-01  1.49250060E-01  1.49290234E-01  1.49375200E-01  1.49485111E-01
  1.49605393E-01  1.49726346E-01  1.49845615E-01  1.50067285E-01
     2  'FLUX 51     '       2      64
  2.38283768E-01  2.38233283E-01  2.38281786E-01  2.38180712E-01  2.38127798E-01
  2.38120779E-01  2.38269523E-01  2.37295657E-01  2.37333477E-01  2.37293586E-01
  2.37200275E-01  2.36978635E-01  2.37043321E-01  2.38186717E-01  2.37923771E-01
  2.37581611E-01  2.37133935E-01  2.36701846E-01  2.33698875E-01  2.33666778E-01
  2.33556092E-01  2.33359501E-01  2.33130440E-01  2.33091116E-01  2.36088663E-01
  2.35007003E-01  2.33600274E-01  2.32318208E-01  2.30916336E-01  2.23235622E-01
  2.23084420E-01  2.22793341E-01  2.22309440E-01  2.21840292E-01  2.21760795E-01
  2.29488328E-01  2.26504490E-01  2.22411007E-01  2.18110144E-01  2.12888017E-01
  2.06334293E-01  2.00731114E-01  1.97093323E-01  1.95834890E-01  1.95093200E-01
  1.94420174E-01  1.93813637E-01  1.92906708E-01  1.88793913E-01  1.84347972E-01
  1.81426316E-01  1.79436579E-01  1.78084269E-01  1.77174985E-01  1.76612169E-01
  1.76275715E-01  1.76101238E-01  1.76045910E-01  1.76066741E-01  1.76135659E-01
  1.76232070E-01  1.76342770E-01  1.76462278E-01  1.76670879E-01
     2  'FLUX 52     '       2      64
  4.78638202E-01  4.78566021E-01  4.78758484E-01  4.78741348E-01  4.78850812E-01
  4.78849709E-01  4.79238093E-01  4.77078021E-01  4.77200955E-01  4.77213234E-01
  4.77198839E-01  4.76952970E-01  4.77099180E-01  4.79157269E-01  4.78740424E-01
  4.78217691E-01  4.77606237E-01  4.76894230E-01  4.70713198E-01  4.70688522E-01
  4.70530480E-01  4.70257163E-01  4.69907820E-01  4.69882250E-01  4.75747436E-01
  4.73662436E-01  4.70970631E-01  4.68611777E-01  4.65930551E-01  4.49819595E-01
  4.49502975E-01  4.48889107E-01  4.47868913E-01  4.46874261E-01  4.46718127E-01
  4.63099629E-01  4.56905335E-01  4.48248148E-01  4.39094275E-01  4.27763581E-01
  4.13278073E-01  4.00831372E-01  3.92631620E-01  3.89769047E-01  3.88227820E-01
  3.86661083E-01  3.85375142E-01  3.83373499E-01  3.74070317E-01  3.63954335E-01
  3.57248753E-01  3.52633715E-01  3.49453986E-01  3.47276807E-01  3.45888853E-01
  3.45020711E-01  3.44528258E-01  3.44316244E-01  3.44287455E-01  3.44377995E-01
  3.44541013E-01  3.44746500E-01  3.44979644E-01  3.45373392E-01
     2  'FLUX 53     '       2      64
  7.00971365E-01  7.00935006E-01  7.01436758E-01  7.01952100E-01  7.02697277E-01
  7.02732861E-01  7.03485608E-01  7.00371563E-01  7.00642765E-01  7.00922906E-01
  7.01421499E-01  7.01714635E-01  7.01933920E-01  7.03667700E-01  7.03526080E-01
  7.03400970E-01  7.03627825E-01  7.03229487E-01  6.95303142E-01  6.95400417E-01
  6.95427299E-01  6.95515454E-01  6.95464611E-01  6.95619822E-01  7.02119589E-01
  6.99916065E-01  6.97191298E-01  6.95118308E-01  6.92334592E-01  6.70587242E-01
  6.70207322E-01  6.69466853E-01  6.68261886E-01  6.67072117E-01  6.66963935E-01
  6.89062715E-01  6.81076229E-01  6.69572413E-01  6.57358766E-01  6.41382515E-01
  6.19904995E-01  6.01341128E-01  5.88858128E-01  5.84510207E-01  5.82098067E-01
  5.79797804E-01  5.77915251E-01  5.74928522E-01  5.60573816E-01  5.45287132E-01
  5.35372198E-01  5.28708637E-01  5.24260163E-01  5.21349072E-01  5.19629478E-01
  5.18688679E-01  5.18301070E-01  5.18312037E-01  5.18572569E-01  5.18982828E-01
  5.19468844E-01  5.19979775E-01  5.20496428E-01  5.21433353E-01
     2  'FLUX 54     '       2      64
  1.51381409E+00  1.51393247E+00  1.51584446E+00  1.51932144E+00  1.52342904E+00
  1.52368069E+00  1.52616525E+00  1.52007461E+00  1.52095461E+00  1.52267516E+00
  1.52609348E+00  1.52976549E+00  1.53027594E+00  1.52799785E+00  1.52984250E+00
  1.53246653E+00  1.53847611E+00  1.54046953E+00  1.52977324E+00  1.53061914E+00
  1.53201711E+00  1.53478670E+00  1.53716707E+00  1.53848743E+00  1.54092312E+00
  1.54071498E+00  1.54161620E+00  1.54465890E+00  1.54494584E+00  1.51274991E+00
  1.51262939E+00  1.51243114E+00  1.51240575E+00  1.51228213E+00  1.51296711E+00
  1.54312801E+00  1.53399396E+00  1.51968133E+00  1.50494945E+00  1.48044538E+00
  1.44130850E+00  1.40792418E+00  1.38480997E+00  1.37717044E+00  1.37246895E+00
  1.36823106E+00  1.36457598E+00  1.35929859E+00  1.33276236E+00  1.30672705E+00
  1.29171252E+00  1.28314519E+00  1.27883267E+00  1.27737415E+00  1.27796602E+00
  1.27982414E+00  1.28248310E+00  1.28558242E+00  1.28884459E+00  1.29206944E+00
  1.29510427E+00  1.29782510E+00  1.30023432E+00  1.30496025E+00
     2  'FLUX 55     '       2      64
  2.62463737E+00  2.62537503E+00  2.63109756E+00  2.64462352E+00  2.65971994E+00
  2.66072798E+00  2.66791153E+00  2.65785360E+00  2.66016817E+00  2.66662788E+00
  2.68009806E+00  2.69647694E+00  2.69768071E+00  2.67565918E+00  2.68520665E+00
  2.69842577E+00  2.72646856E+00  2.73820448E+00  2.73828602E+00  2.74183059E+00
  2.74881339E+00  2.76253772E+00  2.77558923E+00  2.78117394E+00  2.74777842E+00
  2.76187158E+00  2.78563190E+00  2.81572628E+00  2.83692122E+00  2.83346510E+00
  2.83602810E+00  2.84136319E+00  2.85188341E+00  2.86191058E+00  2.86669469E+00
  2.85160470E+00  2.86515832E+00  2.88048673E+00  2.90087724E+00  2.90127563E+00
  2.87025070E+00  2.84605789E+00  2.82816577E+00  2.82221651E+00  2.81820607E+00
  2.81427884E+00  2.81035328E+00  2.80607295E+00  2.78618026E+00  2.77809834E+00
  2.78387475E+00  2.79673886E+00  2.81361103E+00  2.83265638E+00  2.85245609E+00
  2.87228465E+00  2.89154744E+00  2.90960884E+00  2.92624855E+00  2.94124293E+00
  2.95440793E+00  2.96550798E+00  2.97475076E+00  2.99336672E+00
     2  'FLUX 56     '       2      64
  4.42902422E+00  4.43141079E+00  4.44610310E+00  4.48555613E+00  4.52855062E+00
  4.53153276E+00  4.55006313E+00  4.53560686E+00  4.54100132E+00  4.55964565E+00
  4.59944010E+00  4.64996767E+00  4.65273762E+00  4.57359695E+00  4.60414267E+00
  4.64637136E+00  4.73462963E+00  4.77335262E+00  4.81922150E+00  4.83001566E+00
  4.85275555E+00  4.89739990E+00  4.94105196E+00  4.95829010E+00  4.81028938E+00
  4.86887550E+00  4.96285725E+00  5.07414150E+00  5.16081905E+00  5.29124641E+00
  5.30306435E+00  5.32752991E+00  5.37407494E+00  5.41899824E+00  5.43664408E+00
  5.23033333E+00  5.32965755E+00  5.46324444E+00  5.62317944E+00  5.74488974E+00
  5.80061293E+00  5.85992670E+00  5.90014744E+00  5.91381359E+00  5.91944838E+00
  5.92274761E+00  5.92313814E+00  5.92957592E+00  5.98406792E+00  6.09168720E+00
  6.20344448E+00  6.31291628E+00  6.41767406E+00  6.51674414E+00  6.60794735E+00
  6.69213343E+00  6.76907349E+00  6.83780575E+00  6.89882803E+00  6.95220709E+00
  6.99793100E+00  7.03562784E+00  7.06628466E+00  7.12769175E+00
     2  'FLUX 57     '       2      64
  3.08756924E+00  3.09017658E+00  3.10355425E+00  3.14156461E+00  3.18247390E+00
  3.18534780E+00  3.20233321E+00  3.19492340E+00  3.19960880E+00  3.21761942E+00
  3.25632858E+00  3.30631089E+00  3.30865383E+00  3.22547722E+00  3.25616503E+00
  3.29891324E+00  3.38704944E+00  3.42684412E+00  3.49098039E+00  3.50165725E+00
  3.52488017E+00  3.57038283E+00  3.61531854E+00  3.63247848E+00  3.46665382E+00
  3.53111768E+00  3.63294840E+00  3.75182962E+00  3.84769559E+00  4.03624344E+00
  4.04994440E+00  4.07828856E+00  4.13174248E+00  4.18354177E+00  4.20263290E+00
  3.92769957E+00  4.05137539E+00  4.22221756E+00  4.42552280E+00  4.60119629E+00
  4.72247458E+00  4.83733320E+00  4.91679049E+00  4.94398403E+00  4.95620537E+00
  4.96599340E+00  4.97014713E+00  4.98452091E+00  5.09094429E+00  5.26221943E+00
  5.42148352E+00  5.56785774E+00  5.70173502E+00  5.82406712E+00  5.93358517E+00
  6.03249168E+00  6.12125921E+00  6.19936609E+00  6.26785707E+00  6.32715178E+00
  6.37750149E+00  6.41871977E+00  6.45200348E+00  6.51750755E+00
     2  'FLUX 58     '       2      64
  2.32049632E+00  2.32313395E+00  2.33483958E+00  2.36903453E+00  2.40557504E+00
  2.40815830E+00  2.42295647E+00  2.41933584E+00  2.42335987E+00  2.43966031E+00
  2.47469163E+00  2.52031374E+00  2.52224994E+00  2.44394374E+00  2.47213221E+00
  2.51169634E+00  2.59222627E+00  2.62940812E+00  2.69650912E+00  2.70626354E+00
  2.72784185E+00  2.77004123E+00  2.81197524E+00  2.82766271E+00  2.66731215E+00
  2.72913122E+00  2.82588363E+00  2.93845463E+00  3.03089905E+00  3.23039722E+00
  3.24395204E+00  3.27198720E+00  3.32469487E+00  3.37595654E+00  3.39420223E+00
  3.10942245E+00  3.23428154E+00  3.40843964E+00  3.61582184E+00  3.80368185E+00
  3.94720554E+00  4.07675314E+00  4.16477299E+00  4.19493389E+00  4.20894432E+00
  4.22032356E+00  4.22620201E+00  4.24289513E+00  4.36021709E+00  4.54603529E+00
  4.71519661E+00  4.86816072E+00  5.00623035E+00  5.13099718E+00  5.24165154E+00
  5.34079218E+00  5.42915440E+00  5.50645685E+00  5.57390928E+00  5.63206387E+00
  5.68127251E+00  5.72146130E+00  5.75384617E+00  5.81662798E+00
     2  'FLUX 59     '       2      64
  1.70965493E+00  1.71207201E+00  1.72169483E+00  1.75016892E+00  1.78047156E+00
  1.78261673E+00  1.79477334E+00  1.79298329E+00  1.79627919E+00  1.80994344E+00
  1.83925951E+00  1.87760043E+00  1.87915266E+00  1.81232071E+00  1.83602571E+00
  1.86957848E+00  1.93719780E+00  1.96892560E+00  2.02905798E+00  2.03727579E+00
  2.05566168E+00  2.09155965E+00  2.12736630E+00  2.14057922E+00  2.00151658E+00
  2.05486298E+00  2.13792586E+00  2.23469758E+00  2.31507921E+00  2.49632692E+00
  2.50834560E+00  2.53321171E+00  2.57989502E+00  2.62539339E+00  2.64123392E+00
  2.38405681E+00  2.49523163E+00  2.65125370E+00  2.83758354E+00  3.01070809E+00
  3.14891219E+00  3.27021861E+00  3.35188866E+00  3.37977958E+00  3.39293718E+00
  3.40372038E+00  3.40959692E+00  3.42549682E+00  3.53499651E+00  3.70786667E+00
  3.86372209E+00  4.00353003E+00  4.12886286E+00  4.24144316E+00  4.34079313E+00
  4.42941189E+00  4.50808430E+00  4.57668877E+00  4.63638639E+00  4.68773365E+00
  4.73110056E+00  4.76648569E+00  4.79498768E+00  4.84946251E+00
     2  'FLUX 60     '       2      64
  1.54835188E+00  1.55096316E+00  1.56054282E+00  1.58904660E+00  1.61930501E+00
  1.62144923E+00  1.63359237E+00  1.63227749E+00  1.63556898E+00  1.64934802E+00
  1.67883873E+00  1.71749115E+00  1.71903455E+00  1.65119624E+00  1.67501986E+00
  1.70905113E+00  1.77709091E+00  1.80939031E+00  1.87192988E+00  1.88024426E+00
  1.89901197E+00  1.93560696E+00  1.97220790E+00  1.98557115E+00  1.84266877E+00
  1.89728034E+00  1.98208451E+00  2.08124590E+00  2.16428900E+00  2.35615325E+00
  2.36880159E+00  2.39499044E+00  2.44412065E+00  2.49207973E+00  2.50849605E+00
  2.23605728E+00  2.35266137E+00  2.51715708E+00  2.71441340E+00  2.90085578E+00
  3.05341887E+00  3.18454957E+00  3.27237177E+00  3.30229950E+00  3.31657338E+00
  3.32817364E+00  3.33482742E+00  3.35211492E+00  3.47102189E+00  3.65875745E+00
  3.82696962E+00  3.97704339E+00  4.11094713E+00  4.23071289E+00  4.33603764E+00
  4.42968559E+00  4.51258230E+00  4.58470583E+00  4.64734030E+00  4.70112371E+00
  4.74648905E+00  4.78349018E+00  4.81329870E+00  4.86948156E+00
     2  'FLUX 61     '       2      64
  1.53082943E+00  1.53385985E+00  1.54433155E+00  1.57559085E+00  1.60874128E+00
  1.61108947E+00  1.62451530E+00  1.62276137E+00  1.62638915E+00  1.64161968E+00
  1.67415214E+00  1.71684289E+00  1.71859825E+00  1.64383554E+00  1.66989779E+00
  1.70754981E+00  1.78242099E+00  1.81815624E+00  1.88746774E+00  1.89669442E+00
  1.91770375E+00  1.95864213E+00  1.99970508E+00  2.01453924E+00  1.85503280E+00
  1.91575050E+00  2.01005840E+00  2.12099028E+00  2.21443820E+00  2.43324709E+00
  2.44782877E+00  2.47806692E+00  2.53480363E+00  2.59027672E+00  2.60898066E+00
  2.29566526E+00  2.42851424E+00  2.61719251E+00  2.84480667E+00  3.06290221E+00
  3.24425840E+00  3.39745975E+00  3.49999881E+00  3.53483915E+00  3.55139923E+00
  3.56517744E+00  3.57318068E+00  3.59329271E+00  3.73429537E+00  3.95641255E+00
  4.15415192E+00  4.32965279E+00  4.48554325E+00  4.62441206E+00  4.74614382E+00
  4.85405254E+00  4.94931364E+00  5.03201914E+00  5.10370874E+00  5.16517401E+00
  5.21695709E+00  5.25918579E+00  5.29321814E+00  5.35638618E+00
     2  'FLUX 62     '       2      64
  1.27687633E+00  1.27985132E+00  1.28959346E+00  1.31863344E+00  1.34943891E+00
  1.35161877E+00  1.36430788E+00  1.36173630E+00  1.36516047E+00  1.37944496E+00
  1.40988052E+00  1.44982731E+00  1.45156240E+00  1.38224065E+00  1.40626800E+00
  1.44147658E+00  1.51114976E+00  1.54450119E+00  1.60815597E+00  1.61684358E+00
  1.63679504E+00  1.67565906E+00  1.71474862E+00  1.72872472E+00  1.57887912E+00
  1.63568485E+00  1.72410369E+00  1.82901847E+00  1.91781557E+00  2.12663293E+00
  2.14088941E+00  2.17051458E+00  2.22614145E+00  2.28062057E+00  2.29872990E+00
  1.99538052E+00  2.12285662E+00  2.30530810E+00  2.52715802E+00  2.74219966E+00
  2.92272282E+00  3.07262683E+00  3.17306161E+00  3.20714164E+00  3.22353363E+00
  3.23690414E+00  3.24456429E+00  3.26442432E+00  3.40565443E+00  3.62761831E+00
  3.82395649E+00  3.99732137E+00  4.15063858E+00  4.28666878E+00  4.40553808E+00
  4.51059580E+00  4.60308981E+00  4.68322659E+00  4.75256586E+00  4.81192780E+00
  4.86188412E+00  4.90262556E+00  4.93548632E+00  4.99538231E+00
     2  'FLUX 63     '       2      64
  8.42068195E-01  8.44388366E-01  8.51520360E-01  8.72619212E-01  8.95028174E-01
  8.96611333E-01  9.06017125E-01  9.03248668E-01  9.05805826E-01  9.16297495E-01
  9.38564122E-01  9.67761576E-01  9.69110250E-01  9.19012606E-01  9.36288118E-01
  9.62012351E-01  1.01260126E+00  1.03695452E+00  1.08213007E+00  1.08852494E+00
  1.10332119E+00  1.13212502E+00  1.16116440E+00  1.17144883E+00  1.06192720E+00
  1.10329139E+00  1.16780496E+00  1.24516392E+00  1.31095409E+00  1.46534073E+00
  1.47618687E+00  1.49877286E+00  1.54121947E+00  1.58285415E+00  1.59651136E+00
  1.36866093E+00  1.46368182E+00  1.60060859E+00  1.76855695E+00  1.93299091E+00
  2.07172656E+00  2.18479609E+00  2.26055074E+00  2.28626204E+00  2.29852486E+00
  2.30855823E+00  2.31445074E+00  2.32939887E+00  2.43856645E+00  2.61022258E+00
  2.76126671E+00  2.89404774E+00  3.01101542E+00  3.11442208E+00  3.20453572E+00
  3.28396749E+00  3.35372972E+00  3.41406488E+00  3.46618891E+00  3.51075530E+00
  3.54822874E+00  3.57879901E+00  3.60348654E+00  3.64761853E+00
     2  'FLUX 64     '       2      64
  7.57139742E-01  7.59589434E-01  7.66693234E-01  7.87478149E-01  8.09599876E-01
  8.11154664E-01  8.20637286E-01  8.16824913E-01  8.19431782E-01  8.29888582E-01
  8.51983190E-01  8.80904675E-01  8.82330000E-01  8.33391726E-01  8.50197673E-01
  8.75655770E-01  9.25400376E-01  9.49484766E-01  9.92463112E-01  9.98848677E-01
  1.01372254E+00  1.04265916E+00  1.07189059E+00  1.08215117E+00  9.73997772E-01
  1.01469445E+00  1.07833242E+00  1.15554404E+00  1.22150016E+00  1.37525523E+00
  1.38642275E+00  1.40972817E+00  1.45356965E+00  1.49663258E+00  1.51058280E+00
  1.27956104E+00  1.37522161E+00  1.51400208E+00  1.68582082E+00  1.85553920E+00
  1.99902034E+00  2.11372876E+00  2.19060731E+00  2.21656394E+00  2.22907448E+00
  2.23925543E+00  2.24512029E+00  2.26031399E+00  2.37387896E+00  2.55278945E+00
  2.70949841E+00  2.84669137E+00  2.96710563E+00  3.07319760E+00  3.16541195E+00
  3.24649119E+00  3.31753778E+00  3.37888241E+00  3.43180108E+00  3.47699499E+00
  3.51496720E+00  3.54595733E+00  3.57101822E+00  3.61493158E+00
     2  'FLUX 65     '       2      64
  6.48737490E-01  6.51238322E-01  6.58108354E-01  6.77910864E-01  6.99068308E-01
  7.00543940E-01  7.09844589E-01  7.04657733E-01  7.07255900E-01  7.17361748E-01
  7.38601863E-01  7.66339481E-01  7.67826200E-01  7.21912146E-01  7.37617373E-01
  7.61943817E-01  8.09130847E-01  8.32070291E-01  8.70566845E-01  8.76754463E-01
  8.91268969E-01  9.19497550E-01  9.48086500E-01  9.58009124E-01  8.55183303E-01
  8.93688977E-01  9.54183340E-01  1.02870357E+00  1.09263098E+00  1.23975909E+00
  1.25096500E+00  1.27441669E+00  1.31859672E+00  1.36207366E+00  1.37594891E+00
  1.14911568E+00  1.24222922E+00  1.37852144E+00  1.54928434E+00  1.71957088E+00
  1.86354351E+00  1.97600710E+00  2.05139089E+00  2.07677484E+00  2.08899021E+00
  2.09898210E+00  2.10472226E+00  2.11963487E+00  2.23441267E+00  2.41562271E+00
  2.57348847E+00  2.71102738E+00  2.83122706E+00  2.93671227E+00  3.02812600E+00
  3.10826969E+00  3.17831516E+00  3.23868203E+00  3.29067373E+00  3.33501983E+00
  3.37224841E+00  3.40264893E+00  3.42727375E+00  3.46942306E+00
     2  'FLUX 66     '       2      64
  5.15937030E-01  5.18349826E-01  5.24702907E-01  5.42638719E-01  5.61936855E-01
  5.63275218E-01  5.72025597E-01  5.65067887E-01  5.67568839E-01  5.76889336E-01
  5.96355379E-01  6.21691704E-01  6.23216093E-01  5.82815766E-01  5.96594691E-01
  6.18604600E-01  6.60955310E-01  6.81524277E-01  7.12519050E-01  7.18247056E-01
  7.31786251E-01  7.58126855E-01  7.84899414E-01  7.94051588E-01  7.01956451E-01
  7.36209035E-01  7.90501297E-01  8.58775854E-01  9.17536378E-01  1.04965544E+00
  1.06046915E+00  1.08318830E+00  1.12608492E+00  1.16840553E+00  1.18165684E+00
  9.69653606E-01  1.05567908E+00  1.18322277E+00  1.34560108E+00  1.50923824E+00
  1.64727259E+00  1.75206923E+00  1.82243538E+00  1.84607697E+00  1.85739326E+00
  1.86668599E+00  1.87198615E+00  1.88587749E+00  1.99719024E+00  2.17291093E+00
  2.32484961E+00  2.45639277E+00  2.57073283E+00  2.67058802E+00  2.75680900E+00
  2.83214307E+00  2.89778495E+00  2.95423508E+00  3.00276518E+00  3.04410076E+00
  3.07877183E+00  3.10710502E+00  3.13010478E+00  3.16838264E+00
     2  'FLUX 67     '       2      64
  3.61929864E-01  3.64022493E-01  3.69458705E-01  3.84376109E-01  4.00644064E-01
  4.01753873E-01  4.09429818E-01  4.00415480E-01  4.02676910E-01  4.10611868E-01
  4.27065045E-01  4.48381335E-01  4.49888557E-01  4.18172926E-01  4.28994030E-01
  4.47104394E-01  4.81649756E-01  4.98181254E-01  5.18043160E-01  5.22948444E-01
  5.34631133E-01  5.57405531E-01  5.80686927E-01  5.88466465E-01  5.14261067E-01
  5.41567981E-01  5.85637867E-01  6.42729282E-01  6.91858113E-01  7.97491789E-01
  8.07235241E-01  8.27823281E-01  8.66841435E-01  9.05484736E-01  9.17265475E-01
  7.35588074E-01  8.08065295E-01  9.17744219E-01  1.06055605E+00  1.20617306E+00
  1.32836449E+00  1.41780281E+00  1.47808027E+00  1.49826193E+00  1.50785410E+00
  1.51571059E+00  1.52017832E+00  1.53205264E+00  1.63194323E+00  1.78919792E+00
  1.92373705E+00  2.03923225E+00  2.13891673E+00  2.22544003E+00  2.29981422E+00
  2.36453056E+00  2.42072272E+00  2.46892619E+00  2.51028419E+00  2.54545832E+00
  2.57493711E+00  2.59905195E+00  2.61868310E+00  2.65026593E+00
     2  'FLUX 68     '       2      64
  1.98428661E-01  1.99888706E-01  2.03884915E-01  2.14404479E-01  2.26206601E-01
  2.26990134E-01  2.32847825E-01  2.22075313E-01  2.23872438E-01  2.29639485E-01
  2.41517425E-01  2.56819367E-01  2.58193940E-01  2.38656193E-01  2.45399073E-01
  2.57689923E-01  2.80941725E-01  2.91453272E-01  2.96809018E-01  3.00406635E-01
  3.09027344E-01  3.25958788E-01  3.43473375E-01  3.49100590E-01  3.01290810E-01
  3.18548501E-01  3.47613782E-01  3.87188971E-01  4.20846283E-01  4.85776037E-01
  4.93412286E-01  5.09703577E-01  5.40825725E-01  5.71885407E-01  5.80952227E-01
  4.50861543E-01  5.01253009E-01  5.80515146E-01  6.87504411E-01  7.98035681E-01
  8.89827311E-01  9.53776598E-01  9.97266769E-01  1.01165664E+00  1.01853585E+00
  1.02408850E+00  1.02720392E+00  1.03571999E+00  1.11229455E+00  1.23145747E+00
  1.33163404E+00  1.41653442E+00  1.48908162E+00  1.55153441E+00  1.60490656E+00
  1.65111554E+00  1.69107246E+00  1.72525573E+00  1.75452232E+00  1.77937746E+00
  1.80019617E+00  1.81725860E+00  1.83121216E+00  1.85271597E+00
     2  'FLUX 69     '       2      64
  5.08177206E-02  5.14161624E-02  5.32349236E-02  5.76490238E-02  6.30215630E-02
  6.33657426E-02  6.61859810E-02  5.71933202E-02  5.80998808E-02  6.05855919E-02
  6.57360256E-02  7.23774880E-02  7.32524842E-02  6.82146102E-02  7.00873360E-02
  7.44992867E-02  8.28329399E-02  8.58743787E-02  7.86322206E-02  8.01835284E-02
  8.38865042E-02  9.14231613E-02  9.95628983E-02  1.01954870E-01  8.82515833E-02
  9.29559693E-02  1.02225885E-01  1.16677165E-01  1.28209844E-01  1.40202686E-01
  1.43781781E-01  1.51606560E-01  1.67024329E-01  1.82880729E-01  1.87064886E-01
  1.38372183E-01  1.55940905E-01  1.86525539E-01  2.31578708E-01  2.79036283E-01
  3.17717701E-01  3.42641026E-01  3.60159993E-01  3.65691692E-01  3.68339032E-01
  3.70465219E-01  3.71554554E-01  3.74916345E-01  4.08935070E-01  4.59318906E-01
  4.99908596E-01  5.33445060E-01  5.61615646E-01  5.85570276E-01  6.05890214E-01
  6.23381495E-01  6.38442159E-01  6.51298821E-01  6.62291586E-01  6.71623528E-01
  6.79446578E-01  6.85891867E-01  6.91231370E-01  6.98893964E-01
     2  'FUNSUR  1   '       2       4
  4.89914119E-02  5.07371426E-02  4.89914082E-02  5.07371426E-02
     2  'FUNSUR  2   '       2       4
  1.87458456E-01  1.91946059E-01  1.87458456E-01  1.91946059E-01
     2  'FUNSUR  3   '       2       4
  3.74510437E-01  3.79691750E-01  3.74510467E-01  3.79691750E-01
     2  'FUNSUR  4   '       2       4
  3.48320514E-01  3.50440055E-01  3.48320484E-01  3.50440055E-01
     2  'FUNSUR  5   '       2       4
  2.62889862E-01  2.61092246E-01  2.62889892E-01  2.61092246E-01
     2  'FUNSUR  6   '       2       4
  3.43261570E-01  3.40135187E-01  3.43261570E-01  3.40135187E-01
     2  'FUNSUR  7   '       2       4
  2.99718857E-01  2.97304690E-01  2.99718857E-01  2.97304749E-01
     2  'FUNSUR  8   '       2       4
  4.23846632E-01  4.20416743E-01  4.23846662E-01  4.20416832E-01
     2  'FUNSUR  9   '       2       4
  4.67594534E-01  4.63720500E-01  4.67594504E-01  4.63720560E-01
     2  'FUNSUR 10   '       2       4
  5.14997780E-01  5.10985970E-01  5.14997780E-01  5.10986030E-01
     2  'FUNSUR 11   '       2       4
  5.56894302E-01  5.52891672E-01  5.56894302E-01  5.52891791E-01
     2  'FUNSUR 12   '       2       4
  5.94595671E-01  5.90922356E-01  5.94595611E-01  5.90922475E-01
     2  'FUNSUR 13   '       2       4
  6.20568752E-01  6.17272377E-01  6.20568693E-01  6.17272437E-01
     2  'FUNSUR 14   '       2       4
  6.40888751E-01  6.38071954E-01  6.40888691E-01  6.38072073E-01
     2  'FUNSUR 15   '       2       4
  6.55679107E-01  6.53280079E-01  6.55679047E-01  6.53280139E-01
     2  'FUNSUR 16   '       2       4
  6.04575634E-01  6.02737427E-01  6.04575574E-01  6.02737546E-01
     2  'FUNSUR 17   '       2       4
  6.12807155E-01  6.11271977E-01  6.12807035E-01  6.11272097E-01
     2  'FUNSUR 18   '       2       4
  6.20889485E-01  6.19606793E-01  6.20889425E-01  6.19606853E-01
     2  'FUNSUR 19   '       2       4
  6.26726806E-01  6.25669181E-01  6.26726747E-01  6.25669301E-01
     2  'FUNSUR 20   '       2       4
  1.26553154E+00  1.26404381E+00  1.26553142E+00  1.26404405E+00
     2  'FUNSUR 21   '       2       4
  1.27137005E+00  1.27052021E+00  1.27136993E+00  1.27052045E+00
     2  'FUNSUR 22   '       2       4
  9.53281701E-01  9.52943206E-01  9.53281581E-01  9.52943325E-01
     2  'FUNSUR 23   '       2       4
  6.34321094E-01  6.34207189E-01  6.34321034E-01  6.34207249E-01
     2  'FUNSUR 24   '       2       4
  7.69620180E-01  7.69609869E-01  7.69620121E-01  7.69609869E-01
     2  'FUNSUR 25   '       2       4
  7.64330566E-01  7.64447153E-01  7.64330387E-01  7.64447272E-01
     2  'FUNSUR 26   '       2       4
  6.64246202E-01  6.64411724E-01  6.64246142E-01  6.64411843E-01
     2  'FUNSUR 27   '       2       4
  1.23153663E+00  1.23206329E+00  1.23153639E+00  1.23206341E+00
     2  'FUNSUR 28   '       2       4
  2.71780908E-01  2.71918565E-01  2.71780908E-01  2.71918565E-01
     2  'FUNSUR 29   '       2       4
  3.34501117E-01  3.34674150E-01  3.34501088E-01  3.34674180E-01
     2  'FUNSUR 30   '       2       4
  3.04409266E-01  3.04567665E-01  3.04409266E-01  3.04567665E-01
     2  'FUNSUR 31   '       2       4
  4.89728868E-01  4.89979953E-01  4.89728779E-01  4.89980042E-01
     2  'FUNSUR 32   '       2       4
  2.12247238E-01  2.12354869E-01  2.12247223E-01  2.12354898E-01
     2  'FUNSUR 33   '       2       4
  1.84382901E-01  1.84475675E-01  1.84382886E-01  1.84475705E-01
     2  'FUNSUR 34   '       2       4
  3.60470228E-02  3.60651501E-02  3.60470191E-02  3.60651538E-02
     2  'FUNSUR 35   '       2       4
  3.56898010E-02  3.57077494E-02  3.56897973E-02  3.57077532E-02
     2  'FUNSUR 36   '       2       4
  3.66629809E-02  3.66813913E-02  3.66629772E-02  3.66813950E-02
     2  'FUNSUR 37   '       2       4
  3.76574807E-02  3.76763195E-02  3.76574770E-02  3.76763232E-02
     2  'FUNSUR 38   '       2       4
  3.71549726E-02  3.71734425E-02  3.71549688E-02  3.71734500E-02
     2  'FUNSUR 39   '       2       4
  3.66230272E-02  3.66411358E-02  3.66230272E-02  3.66411433E-02
     2  'FUNSUR 40   '       2       4
  3.76239270E-02  3.76424864E-02  3.76239270E-02  3.76424938E-02
     2  'FUNSUR 41   '       2       4
  3.54195014E-02  3.54368947E-02  3.54194976E-02  3.54368985E-02
     2  'FUNSUR 42   '       2       4
  6.70282096E-02  6.70611337E-02  6.70282021E-02  6.70611411E-02
     2  'FUNSUR 43   '       2       4
  1.07542783E-01  1.07595429E-01  1.07542768E-01  1.07595444E-01
     2  'FUNSUR 44   '       2       4
  1.36899471E-01  1.36965334E-01  1.36899456E-01  1.36965364E-01
     2  'FUNSUR 45   '       2       4
  3.62641215E-01  3.62810552E-01  3.62641186E-01  3.62810612E-01
     2  'FUNSUR 46   '       2       4
  3.79584193E-01  3.79749358E-01  3.79584193E-01  3.79749388E-01
     2  'FUNSUR 47   '       2       4
  4.00811762E-01  4.00962532E-01  4.00811732E-01  4.00962591E-01
     2  'FUNSUR 48   '       2       4
  2.61076272E-01  2.61153400E-01  2.61076272E-01  2.61153430E-01
     2  'FUNSUR 49   '       2       4
  1.91325605E-01  1.91368744E-01  1.91325590E-01  1.91368774E-01
     2  'FUNSUR 50   '       2       4
  1.50037542E-01  1.50064111E-01  1.50037527E-01  1.50064126E-01
     2  'FUNSUR 51   '       2       4
  1.76717043E-01  1.76742718E-01  1.76717043E-01  1.76742733E-01
     2  'FUNSUR 52   '       2       4
  3.45529646E-01  3.45576018E-01  3.45529646E-01  3.45576048E-01
     2  'FUNSUR 53   '       2       4
  5.21360874E-01  5.21457076E-01  5.21360874E-01  5.21457136E-01
     2  'FUNSUR 54   '       2       4
  1.30230451E+00  1.30274522E+00  1.30230439E+00  1.30274522E+00
     2  'FUNSUR 55   '       2       4
  2.97930789E+00  2.98096013E+00  2.97930789E+00  2.98096037E+00
     2  'FUNSUR 56   '       2       4
  7.07845116E+00  7.08365774E+00  7.07845116E+00  7.08365822E+00
     2  'FUNSUR 57   '       2       4
  6.46567488E+00  6.47096348E+00  6.46567488E+00  6.47096395E+00
     2  'FUNSUR 58   '       2       4
  5.76802492E+00  5.77291155E+00  5.76802492E+00  5.77291203E+00
     2  'FUNSUR 59   '       2       4
  4.80832767E+00  4.81242132E+00  4.80832767E+00  4.81242180E+00
     2  'FUNSUR 60   '       2       4
  4.82816029E+00  4.83223581E+00  4.82816029E+00  4.83223629E+00
     2  'FUNSUR 61   '       2       4
  5.31127453E+00  5.31568289E+00  5.31127453E+00  5.31568336E+00
     2  'FUNSUR 62   '       2       4
  4.95411205E+00  4.95810080E+00  4.95411205E+00  4.95810127E+00
     2  'FUNSUR 63   '       2       4
  3.61840224E+00  3.62119222E+00  3.61840248E+00  3.62119246E+00
     2  'FUNSUR 64   '       2       4
  3.58704114E+00  3.58967066E+00  3.58704114E+00  3.58967090E+00
     2  'FUNSUR 65   '       2       4
  3.44393587E+00  3.44630075E+00  3.44393587E+00  3.44630098E+00
     2  'FUNSUR 66   '       2       4
  3.14657903E+00  3.14856124E+00  3.14657879E+00  3.14856172E+00
     2  'FUNSUR 67   '       2       4
  2.63356709E+00  2.63504624E+00  2.63356733E+00  2.63504696E+00
     2  'FUNSUR 68   '       2       4
  1.84242165E+00  1.84329963E+00  1.84242177E+00  1.84330010E+00
     2  'FUNSUR 69   '       2       4
  6.95895672E-01  6.96130633E-01  6.95895731E-01  6.96130693E-01
     2  '1/EIGENVALUE'       2       1
  1.11755550E+00
     1  'K-EFFECTIVE '       2       1
  1.11755550E+00
     1  'K-INFINITY  '       2       1
  1.11755550E+00
     1  'EPS-CONVERGE'       2       5
  4.99999987E-05  9.99999975E-06  4.99999987E-05  1.00000000E+01  1.00000000E+02
     1  'STATE-VECTOR'       1      40
       -99         0         3         3         1       138       127         0
        69        64         0         1         0         0         0         0
         0         0         0         0         0         0         0         0
         0         0         0         0         0         0         0         0
         0         0         0         0         0         0         0         0
