     1  'SIGNATURE   '       3      12
L_FLUX      
     1  'FLUXDIRECT  '       0      -1
     2  'FLUX  1     '       2      64
  3.66506994E-01  3.65391016E-01  3.64657342E-01  3.55616659E-01  3.46232742E-01
  3.45774293E-01  3.41773897E-01  3.60575289E-01  3.62643987E-01  3.60904992E-01
  3.52568328E-01  3.39175880E-01  3.37412149E-01  3.35458279E-01  3.36069256E-01
  3.40802670E-01  3.20073247E-01  3.26313645E-01  3.61010343E-01  3.58149081E-01
  3.52174342E-01  3.38069052E-01  3.21741879E-01  3.16948086E-01  3.25093657E-01
  3.20486456E-01  3.05477440E-01  2.94875056E-01  2.98298568E-01  3.21873873E-01
  3.18743408E-01  3.10762793E-01  2.93593436E-01  2.75341302E-01  2.68613070E-01
  2.95297056E-01  2.82411307E-01  2.63842046E-01  2.34879822E-01  2.07758367E-01
  1.83760792E-01  1.66908920E-01  1.55069843E-01  1.49904817E-01  1.45223424E-01
  1.39152288E-01  1.35967597E-01  1.30415350E-01  1.18337415E-01  1.02475926E-01
  9.02449042E-02  8.04257467E-02  7.23828003E-02  6.55998588E-02  6.02474287E-02
  5.57535253E-02  5.19630015E-02  4.89492491E-02  4.65137698E-02  4.45771813E-02
  4.30910885E-02  4.21284698E-02  4.15875837E-02  3.90796624E-02
     2  'FLUX  2     '       2      64
  1.60130811E+00  1.59735453E+00  1.59311712E+00  1.55472839E+00  1.51387012E+00
  1.51173663E+00  1.49397981E+00  1.57593751E+00  1.58299768E+00  1.57458103E+00
  1.53859246E+00  1.48199284E+00  1.47408783E+00  1.46810389E+00  1.46949923E+00
  1.48528612E+00  1.39953721E+00  1.42284501E+00  1.56541491E+00  1.55359197E+00
  1.52854788E+00  1.46997440E+00  1.40237713E+00  1.38231063E+00  1.41811466E+00
  1.40022278E+00  1.33918095E+00  1.29031956E+00  1.29707658E+00  1.38939893E+00
  1.37582433E+00  1.34183276E+00  1.26922870E+00  1.19235349E+00  1.16401756E+00
  1.28192687E+00  1.22781289E+00  1.14530301E+00  1.01674128E+00  8.96734059E-01
  7.93433249E-01  7.20404446E-01  6.68073595E-01  6.46368921E-01  6.26934946E-01
  6.01781011E-01  5.89221597E-01  5.66596031E-01  5.12019098E-01  4.39849734E-01
  3.84059280E-01  3.39274704E-01  3.02629113E-01  2.71821290E-01  2.47333661E-01
  2.26784781E-01  2.09472090E-01  1.95601359E-01  1.84335291E-01  1.75319150E-01
  1.68335959E-01  1.63639605E-01  1.60826504E-01  1.49156705E-01
     2  'FLUX  3     '       2      64
  3.39371538E+00  3.38373947E+00  3.37116838E+00  3.29424787E+00  3.21143126E+00
  3.20705914E+00  3.16793466E+00  3.33055115E+00  3.34156632E+00  3.32296467E+00
  3.25004625E+00  3.13920379E+00  3.12313294E+00  3.11647129E+00  3.11611390E+00
  3.13953066E+00  2.96774507E+00  3.00509000E+00  3.27626562E+00  3.25291944E+00
  3.20300508E+00  3.08782649E+00  2.95738673E+00  2.91738701E+00  2.99442005E+00
  2.95800519E+00  2.83645320E+00  2.72936845E+00  2.72845626E+00  2.88919759E+00
  2.86228228E+00  2.79513335E+00  2.65293097E+00  2.50448227E+00  2.44921541E+00
  2.69086337E+00  2.57994866E+00  2.41031194E+00  2.14822841E+00  1.90414941E+00
  1.69840181E+00  1.54840362E+00  1.43563282E+00  1.38990545E+00  1.34985054E+00
  1.29970753E+00  1.27617395E+00  1.23255658E+00  1.11095011E+00  9.50710654E-01
  8.26785088E-01  7.27233827E-01  6.45744860E-01  5.77341080E-01  5.22631109E-01
  4.76708889E-01  4.38026071E-01  4.06836152E-01  3.81391764E-01  3.60915005E-01
  3.44920754E-01  3.33841175E-01  3.26849848E-01  3.00568759E-01
     2  'FLUX  4     '       2      64
  3.66299033E+00  3.65928316E+00  3.64392281E+00  3.56753564E+00  3.48292351E+00
  3.47830319E+00  3.43156052E+00  3.60196090E+00  3.61027575E+00  3.59042454E+00
  3.51572657E+00  3.40632391E+00  3.38860011E+00  3.37898302E+00  3.37499976E+00
  3.39161038E+00  3.21480608E+00  3.24884033E+00  3.52521300E+00  3.50201774E+00
  3.45111966E+00  3.33482599E+00  3.20584583E+00  3.16452098E+00  3.24036527E+00
  3.20662975E+00  3.08323836E+00  2.96402502E+00  2.94944954E+00  3.10901904E+00
  3.08066440E+00  3.01058412E+00  2.86322093E+00  2.71149063E+00  2.65393519E+00
  2.90764761E+00  2.79585552E+00  2.61024213E+00  2.32476735E+00  2.06560159E+00
  1.85975885E+00  1.69510186E+00  1.56050098E+00  1.50836825E+00  1.46532643E+00
  1.41303933E+00  1.39025939E+00  1.34671819E+00  1.19642913E+00  1.00866997E+00
  8.66393805E-01  7.53351390E-01  6.61607027E-01  5.85266888E-01  5.24274647E-01
  4.73342717E-01  4.30653512E-01  3.96193087E-01  3.68077606E-01  3.45417053E-01
  3.27645719E-01  3.15079808E-01  3.06885958E-01  2.78585523E-01
     2  'FLUX  5     '       2      64
  3.55973792E+00  3.55856705E+00  3.53939795E+00  3.47064471E+00  3.39290547E+00
  3.38820553E+00  3.34144592E+00  3.49205971E+00  3.49110746E+00  3.46717978E+00
  3.39816189E+00  3.30415678E+00  3.28771901E+00  3.29850841E+00  3.28665304E+00
  3.27619433E+00  3.12860465E+00  3.13745332E+00  3.33874774E+00  3.31875634E+00
  3.27444744E+00  3.17807722E+00  3.07424521E+00  3.03935337E+00  3.12624574E+00
  3.09453368E+00  2.98908830E+00  2.86161375E+00  2.80997014E+00  2.88024807E+00
  2.85448360E+00  2.79421115E+00  2.67120075E+00  2.54725218E+00  2.50052142E+00
  2.75582910E+00  2.64896750E+00  2.46572137E+00  2.19276404E+00  1.94895446E+00
  1.76760006E+00  1.61436677E+00  1.48531055E+00  1.44026124E+00  1.40501380E+00
  1.36420441E+00  1.34864259E+00  1.31408417E+00  1.15827477E+00  9.63790834E-01
  8.16599786E-01  7.00202107E-01  6.06318891E-01  5.29043376E-01  4.67100710E-01
  4.15756851E-01  3.73073012E-01  3.38478446E-01  3.10223937E-01  2.87362546E-01
  2.69251317E-01  2.55839020E-01  2.46339530E-01  2.20461145E-01
     2  'FLUX  6     '       2      64
  4.04731655E+00  4.04065466E+00  4.01565123E+00  3.94839835E+00  3.87147665E+00
  3.86589026E+00  3.82179809E+00  3.93526459E+00  3.92991662E+00  3.90379906E+00
  3.83710170E+00  3.75061154E+00  3.73655272E+00  3.78035903E+00  3.75626850E+00
  3.72944164E+00  3.58523607E+00  3.56683850E+00  3.67686391E+00  3.65820336E+00
  3.61768699E+00  3.53221822E+00  3.44367576E+00  3.41133356E+00  3.54065990E+00
  3.49055219E+00  3.37415218E+00  3.23364377E+00  3.15354347E+00  3.10440636E+00
  3.08274484E+00  3.03253293E+00  2.93278313E+00  2.83465600E+00  2.79594421E+00
  3.07723379E+00  2.94977546E+00  2.76015735E+00  2.50230193E+00  2.27139473E+00
  2.08681250E+00  1.90368152E+00  1.75223279E+00  1.70680988E+00  1.67309630E+00
  1.63601100E+00  1.62427616E+00  1.58816004E+00  1.41555583E+00  1.20202482E+00
  1.03418183E+00  8.97792816E-01  7.85388112E-01  6.91336811E-01  6.14573777E-01
  5.50172687E-01  4.96085554E-01  4.51714307E-01  4.15120065E-01  3.85225356E-01
  3.61282200E-01  3.43172252E-01  3.29891354E-01  2.96517432E-01
     2  'FLUX  7     '       2      64
  2.98464680E+00  2.98197007E+00  2.97081184E+00  2.94087172E+00  2.90833616E+00
  2.90563703E+00  2.88874006E+00  2.90644097E+00  2.90334773E+00  2.88990021E+00
  2.85918474E+00  2.82010484E+00  2.81639075E+00  2.86933541E+00  2.84840846E+00
  2.82063818E+00  2.74788737E+00  2.72238135E+00  2.69988108E+00  2.69107175E+00
  2.67153525E+00  2.63269758E+00  2.59421992E+00  2.57916903E+00  2.69603229E+00
  2.65148783E+00  2.57389092E+00  2.48165393E+00  2.41175508E+00  2.27886367E+00
  2.26661658E+00  2.24049973E+00  2.19082499E+00  2.14253974E+00  2.12390280E+00
  2.35062385E+00  2.25222945E+00  2.11054945E+00  1.93359566E+00  1.77095914E+00
  1.63948870E+00  1.51624799E+00  1.41957688E+00  1.39367759E+00  1.37523746E+00
  1.35579491E+00  1.35096049E+00  1.32950282E+00  1.21225595E+00  1.05040395E+00
  9.15594518E-01  8.02527308E-01  7.07281709E-01  6.26494408E-01  5.59339225E-01
  5.02487838E-01  4.54431504E-01  4.14564371E-01  3.81420642E-01  3.54116201E-01
  3.32000822E-01  3.14771444E-01  3.01469207E-01  2.73447484E-01
     2  'FLUX  8     '       2      64
  3.31671071E+00  3.31327939E+00  3.30287838E+00  3.27582383E+00  3.24679399E+00
  3.24428940E+00  3.23386455E+00  3.21876431E+00  3.21572161E+00  3.20321941E+00
  3.17617798E+00  3.14132023E+00  3.14063764E+00  3.21576428E+00  3.18861127E+00
  3.15414190E+00  3.08464789E+00  3.04756331E+00  2.96009660E+00  2.95257187E+00
  2.93628597E+00  2.90483928E+00  2.87466788E+00  2.86217761E+00  3.01087880E+00
  2.95238328E+00  2.86542964E+00  2.76929045E+00  2.68750811E+00  2.47956872E+00
  2.46988988E+00  2.45003438E+00  2.41349363E+00  2.37847805E+00  2.36493373E+00
  2.61602569E+00  2.50308228E+00  2.35402656E+00  2.18417382E+00  2.02663755E+00
  1.89240932E+00  1.76505601E+00  1.66893554E+00  1.64470458E+00  1.62786448E+00
  1.61048484E+00  1.60701358E+00  1.58676219E+00  1.47846234E+00  1.31607914E+00
  1.17161465E+00  1.04515409E+00  9.35045660E-01  8.39106441E-01  7.57452607E-01
  6.86973453E-01  6.26379848E-01  5.75333893E-01  5.32324076E-01  4.96461987E-01
  4.67088521E-01  4.43959177E-01  4.25961345E-01  3.88107687E-01
     2  'FLUX  9     '       2      64
  2.61941886E+00  2.61764073E+00  2.61438012E+00  2.60453629E+00  2.59515905E+00
  2.59428024E+00  2.59688115E+00  2.54620266E+00  2.54604053E+00  2.54138994E+00
  2.53147268E+00  2.51750398E+00  2.52101469E+00  2.58822155E+00  2.56635356E+00
  2.54074621E+00  2.50260806E+00  2.47158980E+00  2.35117245E+00  2.34819031E+00
  2.34162092E+00  2.32971859E+00  2.31964970E+00  2.31452632E+00  2.43992877E+00
  2.39018750E+00  2.32506633E+00  2.26123166E+00  2.20034218E+00  2.00071907E+00
  1.99595451E+00  1.98710167E+00  1.97202373E+00  1.95773423E+00  1.95223558E+00
  2.14733100E+00  2.06011605E+00  1.94918311E+00  1.83423233E+00  1.72612441E+00
  1.62792289E+00  1.53476751E+00  1.46792972E+00  1.45219147E+00  1.44147730E+00
  1.43092287E+00  1.42944574E+00  1.41648269E+00  1.35021591E+00  1.23664093E+00
  1.12655568E+00  1.02509260E+00  9.33278918E-01  8.50759327E-01  7.78681099E-01
  7.15104640E-01  6.59399152E-01  6.11704230E-01  5.70949078E-01  5.36546707E-01
  5.08064806E-01  4.85458016E-01  4.67769682E-01  4.29542154E-01
     2  'FLUX 10     '       2      64
  2.14292693E+00  2.14163041E+00  2.14153290E+00  2.13981247E+00  2.13945603E+00
  2.13938117E+00  2.14669633E+00  2.08795667E+00  2.08896947E+00  2.08809161E+00
  2.08632231E+00  2.08250237E+00  2.08723998E+00  2.14282513E+00  2.12596178E+00
  2.10706043E+00  2.08609271E+00  2.06118226E+00  1.94234097E+00  1.94159901E+00
  1.93973744E+00  1.93707752E+00  1.93624020E+00  1.93469214E+00  2.03544116E+00
  1.99523818E+00  1.94672108E+00  1.90337420E+00  1.85823572E+00  1.68684793E+00
  1.68464923E+00  1.68125331E+00  1.67647016E+00  1.67206073E+00  1.67045999E+00
  1.81915152E+00  1.75293648E+00  1.67076445E+00  1.59162557E+00  1.51630890E+00
  1.44461060E+00  1.37764990E+00  1.33193171E+00  1.32186127E+00  1.31535745E+00
  1.30912840E+00  1.30896366E+00  1.30085969E+00  1.26054776E+00  1.18006182E+00
  1.09558856E+00  1.01398563E+00  9.37518537E-01  8.66851807E-01  8.03628981E-01
  7.46763229E-01  6.96083844E-01  6.52035654E-01  6.13908768E-01  5.81357360E-01
  5.54131389E-01  5.32317340E-01  5.15082657E-01  4.77560788E-01
     2  'FLUX 11     '       2      64
  1.78319383E+00  1.78216040E+00  1.78309846E+00  1.78436112E+00  1.78705192E+00
  1.78727865E+00  1.79500830E+00  1.74261498E+00  1.74388433E+00  1.74445963E+00
  1.74574280E+00  1.74596786E+00  1.75037491E+00  1.79333961E+00  1.78084135E+00
  1.76721346E+00  1.75524986E+00  1.73631251E+00  1.63625312E+00  1.63640964E+00
  1.63644910E+00  1.63732505E+00  1.63974357E+00  1.63964963E+00  1.71659458E+00
  1.68576443E+00  1.65018487E+00  1.62045813E+00  1.58780539E+00  1.45279384E+00
  1.45184040E+00  1.45085931E+00  1.45034993E+00  1.44999599E+00  1.44999051E+00
  1.55972207E+00  1.51095772E+00  1.45126164E+00  1.39674950E+00  1.34463322E+00
  1.29323614E+00  1.24573207E+00  1.21472704E+00  1.20837808E+00  1.20450091E+00
  1.20100486E+00  1.20146382E+00  1.19652462E+00  1.17278838E+00  1.11680973E+00
  1.05347311E+00  9.89545047E-01  9.27655518E-01  8.68951261E-01  8.15241396E-01
  7.66038895E-01  7.21482396E-01  6.82208776E-01  6.47802472E-01  6.18114769E-01
  5.93047440E-01  5.72791696E-01  5.56646049E-01  5.21141648E-01
     2  'FLUX 12     '       2      64
  1.50224161E+00  1.50128973E+00  1.50281644E+00  1.50598812E+00  1.51058578E+00
  1.51098561E+00  1.51837099E+00  1.47363400E+00  1.47497988E+00  1.47645593E+00
  1.47966826E+00  1.48257732E+00  1.48646998E+00  1.51819110E+00  1.50944388E+00
  1.50022256E+00  1.49490488E+00  1.48091233E+00  1.40004289E+00  1.40075755E+00
  1.40200102E+00  1.40509844E+00  1.40946615E+00  1.41028643E+00  1.46631777E+00
  1.44367754E+00  1.41916549E+00  1.40023255E+00  1.37760794E+00  1.27498496E+00
  1.27485704E+00  1.27541900E+00  1.27755058E+00  1.27971828E+00  1.28066635E+00
  1.35804367E+00  1.32357275E+00  1.28250909E+00  1.24717462E+00  1.21258283E+00
  1.17687869E+00  1.14487088E+00  1.12503159E+00  1.12138057E+00  1.11931276E+00
  1.11767268E+00  1.11841655E+00  1.11581981E+00  1.10281813E+00  1.06417072E+00
  1.01695108E+00  9.67205644E-01  9.17518675E-01  8.69219899E-01  8.24069858E-01
  7.81991839E-01  7.43317723E-01  7.08767951E-01  6.78152442E-01  6.51466727E-01
  6.28724873E-01  6.10170186E-01  5.95210016E-01  5.62434137E-01
     2  'FLUX 13     '       2      64
  1.27213287E+00  1.27144063E+00  1.27304637E+00  1.27688205E+00  1.28192282E+00
  1.28239596E+00  1.28854859E+00  1.25329590E+00  1.25451887E+00  1.25632417E+00
  1.26017523E+00  1.26423883E+00  1.26737833E+00  1.28913343E+00  1.28340471E+00
  1.27761602E+00  1.27627242E+00  1.26662517E+00  1.20579875E+00  1.20672095E+00
  1.20843935E+00  1.21231318E+00  1.21722412E+00  1.21844125E+00  1.25657380E+00
  1.24100065E+00  1.22516632E+00  1.21408880E+00  1.19948435E+00  1.12629294E+00
  1.12662554E+00  1.12792802E+00  1.13119411E+00  1.13447011E+00  1.13581586E+00
  1.18680418E+00  1.16397834E+00  1.13750768E+00  1.11639762E+00  1.09543216E+00
  1.07213342E+00  1.05049145E+00  1.03746712E+00  1.03542519E+00  1.03449404E+00
  1.03402603E+00  1.03492773E+00  1.03367221E+00  1.02682149E+00  1.00103843E+00
  9.67024565E-01  9.29645598E-01  8.91151667E-01  8.52827728E-01  8.16250741E-01
  7.81590343E-01  7.49273002E-01  7.20028937E-01  6.93830073E-01  6.70772672E-01
  6.50950253E-01  6.34636998E-01  6.21355474E-01  5.92218757E-01
     2  'FLUX 14     '       2      64
  1.09407556E+00  1.09324563E+00  1.09480071E+00  1.09838009E+00  1.10303414E+00
  1.10341454E+00  1.10864985E+00  1.08200169E+00  1.08303726E+00  1.08471966E+00
  1.08840442E+00  1.09231222E+00  1.09474134E+00  1.10963547E+00  1.10613871E+00
  1.10276341E+00  1.10390520E+00  1.09738827E+00  1.05267274E+00  1.05359221E+00
  1.05535066E+00  1.05918193E+00  1.06364763E+00  1.06489336E+00  1.09050250E+00
  1.08005333E+00  1.07040381E+00  1.06462300E+00  1.05550158E+00  1.00374711E+00
  1.00422239E+00  1.00570524E+00  1.00909114E+00  1.01236928E+00  1.01373541E+00
  1.04739463E+00  1.03247845E+00  1.01590419E+00  1.00381446E+00  9.90439415E-01
  9.74846840E-01  9.63770568E-01  9.58878160E-01  9.58416760E-01  9.58440244E-01
  9.58738089E-01  9.59561884E-01  9.59654331E-01  9.59725201E-01  9.44425106E-01
  9.20957386E-01  8.93615663E-01  8.64406407E-01  8.34546030E-01  8.05408359E-01
  7.77321994E-01  7.50755012E-01  7.26402938E-01  7.04349279E-01  6.84754550E-01
  6.67762637E-01  6.53652370E-01  6.42047048E-01  6.16703272E-01
     2  'FLUX 15     '       2      64
  9.71298575E-01  9.70636368E-01  9.71992910E-01  9.75379169E-01  9.79571164E-01
  9.80000675E-01  9.84213471E-01  9.63757932E-01  9.64638352E-01  9.66288209E-01
  9.69779551E-01  9.73645806E-01  9.75561559E-01  9.85286415E-01  9.83262420E-01
  9.81498957E-01  9.83661830E-01  9.79479551E-01  9.46776569E-01  9.47673023E-01
  9.49394822E-01  9.53025937E-01  9.57156956E-01  9.58456039E-01  9.75018203E-01
  9.68197823E-01  9.62533593E-01  9.60081279E-01  9.54868615E-01  9.18993056E-01
  9.19615686E-01  9.21216607E-01  9.24636126E-01  9.27966774E-01  9.29378867E-01
  9.50139284E-01  9.40889120E-01  9.31194544E-01  9.25423503E-01  9.18522835E-01
  9.08730924E-01  9.01588559E-01  8.99156272E-01  8.99324834E-01  8.99717391E-01
  9.00375426E-01  9.01104033E-01  9.01495218E-01  9.03883815E-01  8.95043969E-01
  8.79038155E-01  8.59259903E-01  8.37357044E-01  8.14386129E-01  7.91491985E-01
  7.69063532E-01  7.47557163E-01  7.27604508E-01  7.09351301E-01  6.92988515E-01
  6.78685367E-01  6.66712463E-01  6.56780064E-01  6.35118961E-01
     2  'FLUX 16     '       2      64
  8.00904453E-01  8.00393283E-01  8.01481664E-01  8.04291487E-01  8.07734311E-01
  8.08068931E-01  8.11068237E-01  7.97019601E-01  7.97684968E-01  7.99047351E-01
  8.01945567E-01  8.05263937E-01  8.06603134E-01  8.12066853E-01  8.11144412E-01
  8.10495198E-01  8.13061237E-01  8.10663044E-01  7.89258003E-01  7.90009618E-01
  7.91478038E-01  7.94541061E-01  7.97959983E-01  7.99053907E-01  8.08122516E-01
  8.04316878E-01  8.01813304E-01  8.01596582E-01  7.99187779E-01  7.77134717E-01
  7.77727664E-01  7.79169559E-01  7.82156885E-01  7.85084903E-01  7.86281347E-01
  7.96885371E-01  7.92112350E-01  7.87706196E-01  7.86261916E-01  7.83652127E-01
  7.78753817E-01  7.75831282E-01  7.75567532E-01  7.76034534E-01  7.76566565E-01
  7.77323484E-01  7.77940452E-01  7.78658628E-01  7.81669855E-01  7.77125239E-01
  7.67093480E-01  7.53954411E-01  7.38904774E-01  7.22746909E-01  7.06331670E-01
  6.90014243E-01  6.74176037E-01  6.59322977E-01  6.45611703E-01  6.33222938E-01
  6.22316122E-01  6.13121092E-01  6.05435848E-01  5.88702679E-01
     2  'FLUX 17     '       2      64
  7.18465149E-01  7.17604518E-01  7.18686998E-01  7.21323490E-01  7.24388242E-01
  7.24772811E-01  7.28115618E-01  7.16712356E-01  7.17338860E-01  7.18654394E-01
  7.21455514E-01  7.24431813E-01  7.25632727E-01  7.29414582E-01  7.29351819E-01
  7.29630113E-01  7.33489692E-01  7.32132435E-01  7.15491831E-01  7.16264844E-01
  7.17769265E-01  7.20817029E-01  7.23850310E-01  7.25092292E-01  7.30515718E-01
  7.28325605E-01  7.28155077E-01  7.30123222E-01  7.29629159E-01  7.14045525E-01
  7.14686930E-01  7.16185153E-01  7.19163239E-01  7.21852243E-01  7.23155618E-01
  7.28804290E-01  7.26513624E-01  7.25558460E-01  7.27270126E-01  7.26539850E-01
  7.22312510E-01  7.23150492E-01  7.27469742E-01  7.28901803E-01  7.29906380E-01
  7.30903924E-01  7.31167734E-01  7.32268810E-01  7.41171956E-01  7.42594659E-01
  7.37850189E-01  7.29676664E-01  7.19302773E-01  7.07535386E-01  6.95125341E-01
  6.82479322E-01  6.69972420E-01  6.58061326E-01  6.46931827E-01  6.36773944E-01
  6.27752125E-01  6.20080650E-01  6.13610208E-01  5.99561632E-01
     2  'FLUX 18     '       2      64
  6.91495478E-01  6.91265583E-01  6.92206323E-01  6.94968343E-01  6.98315799E-01
  6.98540568E-01  7.00321555E-01  6.91654444E-01  6.92152977E-01  6.93440735E-01
  6.96233392E-01  6.99773371E-01  7.00584948E-01  7.01394677E-01  7.01586843E-01
  7.02184141E-01  7.05662251E-01  7.05033064E-01  6.94044173E-01  6.94761515E-01
  6.96215749E-01  6.99224114E-01  7.02615559E-01  7.03601480E-01  7.04527140E-01
  7.03911066E-01  7.04885840E-01  7.07360327E-01  7.08024025E-01  6.99779987E-01
  7.00461328E-01  7.02009678E-01  7.05122530E-01  7.08304167E-01  7.09397972E-01
  7.08422780E-01  7.08633006E-01  7.10172117E-01  7.14043856E-01  7.16938794E-01
  7.18323231E-01  7.19769776E-01  7.21170545E-01  7.21889019E-01  7.22628593E-01
  7.23655045E-01  7.24445403E-01  7.25713789E-01  7.27893412E-01  7.27138758E-01
  7.22918630E-01  7.16331184E-01  7.08076537E-01  6.98688745E-01  6.88716888E-01
  6.78478837E-01  6.68278217E-01  6.58493519E-01  6.49292529E-01  6.40845478E-01
  6.33302748E-01  6.26854599E-01  6.21387422E-01  6.09526157E-01
     2  'FLUX 19     '       2      64
  6.42176807E-01  6.41779363E-01  6.42733097E-01  6.45574152E-01  6.48891032E-01
  6.49097443E-01  6.51110291E-01  6.43543899E-01  6.44016206E-01  6.45335793E-01
  6.48238242E-01  6.51844263E-01  6.52565777E-01  6.52424872E-01  6.53027236E-01
  6.54169798E-01  6.58602893E-01  6.58467114E-01  6.49675131E-01  6.50444150E-01
  6.52015746E-01  6.55219734E-01  6.58627570E-01  6.59712136E-01  6.58485532E-01
  6.58799946E-01  6.61155879E-01  6.65022671E-01  6.66832268E-01  6.61998987E-01
  6.62757933E-01  6.64454699E-01  6.67812407E-01  6.71103537E-01  6.72288001E-01
  6.68133140E-01  6.69884861E-01  6.73559606E-01  6.79633617E-01  6.83995008E-01
  6.85635686E-01  6.88396275E-01  6.91790938E-01  6.93105936E-01  6.94171071E-01
  6.95465982E-01  6.96139276E-01  6.97413564E-01  7.02303410E-01  7.04791725E-01
  7.03541994E-01  6.99862897E-01  6.94458127E-01  6.87843859E-01  6.80489838E-01
  6.72722340E-01  6.64822996E-01  6.57121122E-01  6.49787605E-01  6.42986059E-01
  6.36859655E-01  6.31578386E-01  6.27062142E-01  6.17285907E-01
     2  'FLUX 20     '       2      64
  1.16269660E+00  1.16189682E+00  1.16388476E+00  1.16983640E+00  1.17663741E+00
  1.17710757E+00  1.18107855E+00  1.16898191E+00  1.16987944E+00  1.17261612E+00
  1.17867982E+00  1.18624616E+00  1.18750441E+00  1.18413210E+00  1.18641245E+00
  1.18983662E+00  1.20056534E+00  1.20174348E+00  1.19058669E+00  1.19221866E+00
  1.19558537E+00  1.20240116E+00  1.20944715E+00  1.21186650E+00  1.20328915E+00
  1.20638859E+00  1.21448410E+00  1.22531128E+00  1.23173678E+00  1.23190045E+00
  1.23360240E+00  1.23733532E+00  1.24461067E+00  1.25166118E+00  1.25428760E+00
  1.23671734E+00  1.24440050E+00  1.25724268E+00  1.27481210E+00  1.28841281E+00
  1.29588294E+00  1.30536103E+00  1.31502056E+00  1.31822133E+00  1.32065809E+00
  1.32341945E+00  1.32453966E+00  1.32723904E+00  1.34016716E+00  1.35078335E+00
  1.35463405E+00  1.35399640E+00  1.35005784E+00  1.34370208E+00  1.33561993E+00
  1.32643867E+00  1.31663668E+00  1.30672705E+00  1.29703808E+00  1.28786254E+00
  1.27945375E+00  1.27208650E+00  1.26568341E+00  1.25189638E+00
     2  'FLUX 21     '       2      64
  1.05039370E+00  1.04899180E+00  1.05080032E+00  1.05606735E+00  1.06186211E+00
  1.06236756E+00  1.06637871E+00  1.05843985E+00  1.05925322E+00  1.06178141E+00
  1.06731176E+00  1.07386613E+00  1.07485151E+00  1.06948698E+00  1.07280910E+00
  1.07726264E+00  1.08866084E+00  1.09099352E+00  1.08680332E+00  1.08835447E+00
  1.09155023E+00  1.09786427E+00  1.10387683E+00  1.10627735E+00  1.09356463E+00
  1.09849167E+00  1.10903203E+00  1.12184787E+00  1.13028014E+00  1.13887453E+00
  1.14054513E+00  1.14412153E+00  1.15087461E+00  1.15708864E+00  1.15963733E+00
  1.13671350E+00  1.14703500E+00  1.16369832E+00  1.18419814E+00  1.19892836E+00
  1.20607066E+00  1.21986234E+00  1.23522830E+00  1.23965549E+00  1.24255168E+00
  1.24540782E+00  1.24586964E+00  1.24858153E+00  1.26864147E+00  1.28666627E+00
  1.29742455E+00  1.30363333E+00  1.30648601E+00  1.30682588E+00  1.30515707E+00
  1.30211389E+00  1.29811001E+00  1.29352343E+00  1.28867257E+00  1.28381586E+00
  1.27917099E+00  1.27494442E+00  1.27113652E+00  1.26306140E+00
     2  'FLUX 22     '       2      64
  7.03914523E-01  7.03025460E-01  7.04697251E-01  7.10386992E-01  7.16756284E-01
  7.17178881E-01  7.20174909E-01  7.12210596E-01  7.12950766E-01  7.15607643E-01
  7.21449852E-01  7.28997827E-01  7.29846299E-01  7.23130405E-01  7.26245642E-01
  7.30645537E-01  7.41602898E-01  7.43911088E-01  7.40857303E-01  7.42446721E-01
  7.45786607E-01  7.52481103E-01  7.59407520E-01  7.61727571E-01  7.46940672E-01
  7.52441168E-01  7.63158083E-01  7.75944054E-01  7.84718752E-01  7.95967042E-01
  7.97827065E-01  8.01779032E-01  8.09356511E-01  8.16782534E-01  8.19385409E-01
  7.91720510E-01  8.03459108E-01  8.21689010E-01  8.44222665E-01  8.63078296E-01
  8.75963569E-01  8.87807608E-01  8.97481322E-01  9.00461555E-01  9.02713478E-01
  9.05261815E-01  9.06168520E-01  9.08711791E-01  9.20042455E-01  9.33933258E-01
  9.44031596E-01  9.51277077E-01  9.56260026E-01  9.59469020E-01  9.61139560E-01
  9.61712301E-01  9.61446881E-01  9.60550427E-01  9.59245682E-01  9.57702279E-01
  9.56060648E-01  9.54437912E-01  9.52869356E-01  9.49647784E-01
     2  'FLUX 23     '       2      64
  4.63540435E-01  4.63148355E-01  4.64106977E-01  4.67350185E-01  4.70918626E-01
  4.71159399E-01  4.72706765E-01  4.69586074E-01  4.69974577E-01  4.71475601E-01
  4.74782079E-01  4.79077727E-01  4.79449242E-01  4.74484026E-01  4.76576805E-01
  4.79421377E-01  4.86122221E-01  4.87971246E-01  4.88830864E-01  4.89738762E-01
  4.91651416E-01  4.95460600E-01  4.99340802E-01  5.00690222E-01  4.90223825E-01
  4.94169682E-01  5.01260579E-01  5.09398282E-01  5.15276849E-01  5.25223553E-01
  5.26304245E-01  5.28576970E-01  5.32899082E-01  5.37110090E-01  5.38613200E-01
  5.20038962E-01  5.28016090E-01  5.39914429E-01  5.54185867E-01  5.66355288E-01
  5.75000525E-01  5.82733810E-01  5.88832617E-01  5.90658844E-01  5.92041969E-01
  5.93591571E-01  5.94115138E-01  5.95665693E-01  6.02734625E-01  6.11888289E-01
  6.18961036E-01  6.24388278E-01  6.28468335E-01  6.31465673E-01  6.33482754E-01
  6.34784043E-01  6.35516167E-01  6.35784507E-01  6.35724843E-01  6.35436177E-01
  6.35000288E-01  6.34479463E-01  6.33907974E-01  6.32791519E-01
     2  'FLUX 24     '       2      64
  4.66194451E-01  4.64721471E-01  4.66370046E-01  4.72506464E-01  4.79395002E-01
  4.79852617E-01  4.83044237E-01  4.74024296E-01  4.74820167E-01  4.77769792E-01
  4.84219790E-01  4.92593735E-01  4.93518084E-01  4.86159444E-01  4.89691377E-01
  4.94675606E-01  5.06430864E-01  5.08646667E-01  5.05148590E-01  5.06921113E-01
  5.10687888E-01  5.18228710E-01  5.26046157E-01  5.28594851E-01  5.11939943E-01
  5.18116057E-01  5.30170858E-01  5.44396460E-01  5.54162502E-01  5.66672981E-01
  5.68885386E-01  5.73563695E-01  5.82499146E-01  5.91274738E-01  5.94275713E-01
  5.61883867E-01  5.75318873E-01  5.96826971E-01  6.23224020E-01  6.45106971E-01
  6.59754574E-01  6.72893584E-01  6.83295250E-01  6.86428964E-01  6.88784778E-01
  6.91425204E-01  6.92320585E-01  6.94988310E-01  7.06928313E-01  7.22005248E-01
  7.33698905E-01  7.42899299E-01  7.50122547E-01  7.55785584E-01  7.60018051E-01
  7.63209403E-01  7.65555918E-01  7.67173946E-01  7.68247247E-01  7.68900394E-01
  7.69232631E-01  7.69307494E-01  7.69185543E-01  7.69127846E-01
     2  'FLUX 25     '       2      64
  3.96233112E-01  3.94814134E-01  3.96634459E-01  4.03479904E-01  4.11196262E-01
  4.11718547E-01  4.15323824E-01  4.05648947E-01  4.06423688E-01  4.09585804E-01
  4.16733146E-01  4.26130384E-01  4.27188426E-01  4.18979734E-01  4.22836006E-01
  4.28138047E-01  4.41847771E-01  4.44340497E-01  4.40344930E-01  4.42320019E-01
  4.46556032E-01  4.55143422E-01  4.64110434E-01  4.67100173E-01  4.48086321E-01
  4.55107272E-01  4.68986869E-01  4.85323519E-01  4.96405244E-01  5.10524154E-01
  5.13067484E-01  5.18483162E-01  5.28922021E-01  5.39253831E-01  5.42878866E-01
  5.05326509E-01  5.20937979E-01  5.45813501E-01  5.76722682E-01  6.02733195E-01
  6.20757937E-01  6.36906147E-01  6.49563849E-01  6.53334558E-01  6.56172693E-01
  6.59342051E-01  6.60393357E-01  6.63617909E-01  6.78133130E-01  6.96669579E-01
  7.11286128E-01  7.23029912E-01  7.32502878E-01  7.40187049E-01  7.46205747E-01
  7.51008987E-01  7.54808247E-01  7.57709801E-01  7.59916186E-01  7.61557937E-01
  7.62735963E-01  7.63503075E-01  7.63940394E-01  7.65144348E-01
     2  'FLUX 26     '       2      64
  4.69482809E-01  4.69648391E-01  4.70109969E-01  4.71684963E-01  4.73205805E-01
  4.73320156E-01  4.73410547E-01  4.77269500E-01  4.77347523E-01  4.78076786E-01
  4.79643613E-01  4.81787235E-01  4.81520772E-01  4.74573106E-01  4.76881832E-01
  4.79715466E-01  4.84553605E-01  4.87593859E-01  4.98203874E-01  4.98661101E-01
  4.99638081E-01  5.01468718E-01  5.03126800E-01  5.03868699E-01  4.90799457E-01
  4.95919883E-01  5.03075719E-01  5.10341942E-01  5.16781271E-01  5.35694838E-01
  5.36332130E-01  5.37549973E-01  5.39708018E-01  5.41732073E-01  5.42519510E-01
  5.22265851E-01  5.31298041E-01  5.43097496E-01  5.55747271E-01  5.67230701E-01
  5.76362193E-01  5.84393919E-01  5.90491474E-01  5.92208982E-01  5.93452156E-01
  5.94785333E-01  5.95134020E-01  5.96439838E-01  6.03058696E-01  6.13346040E-01
  6.22474849E-01  6.30359530E-01  6.37087345E-01  6.42806172E-01  6.47498071E-01
  6.51397765E-01  6.54609859E-01  6.57175124E-01  6.59217477E-01  6.60816491E-01
  6.62035346E-01  6.62904978E-01  6.63492978E-01  6.64912164E-01
     2  'FLUX 27     '       2      64
  5.59341371E-01  5.56698978E-01  5.59530079E-01  5.70901036E-01  5.83797038E-01
  5.84675431E-01  5.90625107E-01  5.74591219E-01  5.75739264E-01  5.80914915E-01
  5.92858553E-01  6.08782470E-01  6.10570371E-01  5.96803844E-01  6.03280902E-01
  6.12020433E-01  6.35281384E-01  6.39156878E-01  6.32327139E-01  6.35643303E-01
  6.42838895E-01  6.57560945E-01  6.73068106E-01  6.78213179E-01  6.45494699E-01
  6.57547593E-01  6.81499243E-01  7.09446192E-01  7.28257954E-01  7.52281129E-01
  7.56770611E-01  7.66353369E-01  7.84920156E-01  8.03442419E-01  8.09927940E-01
  7.43506908E-01  7.70848036E-01  8.14910531E-01  8.69794488E-01  9.16192174E-01
  9.48806465E-01  9.77924585E-01  1.00053167E+00  1.00719678E+00  1.01216722E+00
  1.01767135E+00  1.01942968E+00  1.02503967E+00  1.05053926E+00  1.08408654E+00
  1.11143923E+00  1.13417339E+00  1.15320361E+00  1.16927469E+00  1.18248463E+00
  1.19357455E+00  1.20285726E+00  1.21043468E+00  1.21663225E+00  1.22164285E+00
  1.22560894E+00  1.22857654E+00  1.23071682E+00  1.23583889E+00
     2  'FLUX 28     '       2      64
  1.76273286E-01  1.76375955E-01  1.76543564E-01  1.77087381E-01  1.77535757E-01
  1.77573353E-01  1.77466094E-01  1.80102482E-01  1.80124953E-01  1.80401027E-01
  1.80940792E-01  1.81659326E-01  1.81452513E-01  1.77928671E-01  1.79063857E-01
  1.80453792E-01  1.82480991E-01  1.84073210E-01  1.90375969E-01  1.90544590E-01
  1.90901756E-01  1.91507965E-01  1.91958010E-01  1.92217141E-01  1.85699597E-01
  1.88267902E-01  1.91664010E-01  1.94999859E-01  1.98150754E-01  2.08478063E-01
  2.08720267E-01  2.09147006E-01  2.09827289E-01  2.10395038E-01  2.10634992E-01
  2.00841784E-01  2.05252483E-01  2.10826695E-01  2.16519237E-01  2.21716613E-01
  2.25873917E-01  2.29575634E-01  2.32389554E-01  2.33166069E-01  2.33708128E-01
  2.34280884E-01  2.34392092E-01  2.34932780E-01  2.37913549E-01  2.42837518E-01
  2.47392312E-01  2.51455367E-01  2.55032599E-01  2.58172333E-01  2.60843992E-01
  2.63148367E-01  2.65123963E-01  2.66774625E-01  2.68152624E-01  2.69288599E-01
  2.70205557E-01  2.70909190E-01  2.71436274E-01  2.72655100E-01
     2  'FLUX 29     '       2      64
  2.32759506E-01  2.32866868E-01  2.32970431E-01  2.33450711E-01  2.33863175E-01
  2.33896747E-01  2.33677283E-01  2.36565441E-01  2.36538157E-01  2.36754283E-01
  2.37226054E-01  2.37947494E-01  2.37722233E-01  2.34113872E-01  2.35241145E-01
  2.36574918E-01  2.38533795E-01  2.40106672E-01  2.46651411E-01  2.46793464E-01
  2.47108325E-01  2.47685581E-01  2.48183444E-01  2.48440593E-01  2.41774216E-01
  2.44401827E-01  2.47834280E-01  2.51142681E-01  2.54271954E-01  2.64618367E-01
  2.64866918E-01  2.65313148E-01  2.66084164E-01  2.66828179E-01  2.67116129E-01
  2.56962240E-01  2.61465013E-01  2.67237961E-01  2.73216635E-01  2.78781116E-01
  2.83422649E-01  2.87391305E-01  2.90299028E-01  2.91089743E-01  2.91643143E-01
  2.92232215E-01  2.92345315E-01  2.92914391E-01  2.95908719E-01  3.01104724E-01
  3.06050926E-01  3.10553610E-01  3.14585060E-01  3.18174779E-01  3.21271390E-01
  3.23973626E-01  3.26315254E-01  3.28292429E-01  3.29958826E-01  3.31345052E-01
  3.32474321E-01  3.33350211E-01  3.34015518E-01  3.35538685E-01
     2  'FLUX 30     '       2      64
  2.26787210E-01  2.26878747E-01  2.26888180E-01  2.27050319E-01  2.27118313E-01
  2.27127895E-01  2.26809293E-01  2.29698971E-01  2.29646027E-01  2.29722843E-01
  2.29879797E-01  2.30171129E-01  2.29932562E-01  2.27054492E-01  2.27922693E-01
  2.28928044E-01  2.30148107E-01  2.31425971E-01  2.37333566E-01  2.37389714E-01
  2.37520784E-01  2.37729415E-01  2.37847462E-01  2.37967044E-01  2.32757837E-01
  2.34830037E-01  2.37381056E-01  2.39731610E-01  2.42105275E-01  2.50670403E-01
  2.50808954E-01  2.51027465E-01  2.51365334E-01  2.51676410E-01  2.51807213E-01
  2.44147837E-01  2.47565269E-01  2.51836449E-01  2.56077677E-01  2.60057956E-01
  2.63404489E-01  2.66277522E-01  2.68385082E-01  2.68944383E-01  2.69324690E-01
  2.69714892E-01  2.69763023E-01  2.70124882E-01  2.72251904E-01  2.76207536E-01
  2.80120164E-01  2.83767879E-01  2.87093580E-01  2.90098548E-01  2.92725831E-01
  2.95043737E-01  2.97071993E-01  2.98800826E-01  3.00270081E-01  3.01501900E-01
  3.02513093E-01  3.03304464E-01  3.03912759E-01  3.05292755E-01
     2  'FLUX 31     '       2      64
  3.79322857E-01  3.79438937E-01  3.79457682E-01  3.79716128E-01  3.79860580E-01
  3.79876614E-01  3.79460871E-01  3.83285999E-01  3.83213341E-01  3.83329660E-01
  3.83582503E-01  3.84040505E-01  3.83727133E-01  3.79811317E-01  3.80996406E-01
  3.82363349E-01  3.84081930E-01  3.85814756E-01  3.93723130E-01  3.93809885E-01
  3.94012094E-01  3.94353777E-01  3.94586205E-01  3.94769281E-01  3.87637317E-01
  3.90477806E-01  3.94001722E-01  3.97260308E-01  4.00512129E-01  4.12027210E-01
  4.12231266E-01  4.12565321E-01  4.13104028E-01  4.13615942E-01  4.13822383E-01
  4.03309315E-01  4.07999039E-01  4.13891226E-01  4.19784456E-01  4.25300956E-01
  4.29927677E-01  4.33876902E-01  4.36753005E-01  4.37506080E-01  4.38017368E-01
  4.38530952E-01  4.38583702E-01  4.39060777E-01  4.41928834E-01  4.47437495E-01
  4.53000873E-01  4.58270341E-01  4.63140160E-01  4.67592627E-01  4.71530557E-01
  4.75039184E-01  4.78137672E-01  4.80802566E-01  4.83085901E-01  4.85015154E-01
  4.86611038E-01  4.87870961E-01  4.88849908E-01  4.91053700E-01
     2  'FLUX 32     '       2      64
  1.66146874E-01  1.66181222E-01  1.66220829E-01  1.66405901E-01  1.66561142E-01
  1.66574627E-01  1.66488513E-01  1.67741194E-01  1.67726398E-01  1.67808339E-01
  1.67992204E-01  1.68272585E-01  1.68175712E-01  1.66670069E-01  1.67146623E-01
  1.67704031E-01  1.68519005E-01  1.69191048E-01  1.71985313E-01  1.72042072E-01
  1.72168568E-01  1.72400832E-01  1.72592849E-01  1.72700554E-01  1.69900566E-01
  1.71017066E-01  1.72467694E-01  1.73858285E-01  1.75174892E-01  1.79476917E-01
  1.79578021E-01  1.79759115E-01  1.80071056E-01  1.80367902E-01  1.80486441E-01
  1.76301688E-01  1.78178087E-01  1.80575073E-01  1.83039755E-01  1.85298860E-01
  1.87129527E-01  1.88748911E-01  1.89972267E-01  1.90293297E-01  1.90509245E-01
  1.90726355E-01  1.90745965E-01  1.90941140E-01  1.92195043E-01  1.94488004E-01
  1.96782470E-01  1.98958188E-01  2.00976118E-01  2.02829242E-01  2.04476625E-01
  2.05951542E-01  2.07260370E-01  2.08391532E-01  2.09365338E-01  2.10191846E-01
  2.10878566E-01  2.11423576E-01  2.11849496E-01  2.12804705E-01
     2  'FLUX 33     '       2      64
  1.41185820E-01  1.41201377E-01  1.41292840E-01  1.41635433E-01  1.41993538E-01
  1.42019525E-01  1.42068610E-01  1.42588511E-01  1.42600060E-01  1.42747238E-01
  1.43089175E-01  1.43572956E-01  1.43544823E-01  1.42305896E-01  1.42725244E-01
  1.43230602E-01  1.44196689E-01  1.44727185E-01  1.46420389E-01  1.46516517E-01
  1.46725744E-01  1.47142291E-01  1.47554129E-01  1.47719949E-01  1.45313457E-01
  1.46259665E-01  1.47625685E-01  1.49026081E-01  1.50215507E-01  1.53416261E-01
  1.53554067E-01  1.53829068E-01  1.54342517E-01  1.54852062E-01  1.55042008E-01
  1.51228562E-01  1.52921036E-01  1.55190542E-01  1.57689795E-01  1.59937888E-01
  1.61711901E-01  1.63271010E-01  1.64445013E-01  1.64759114E-01  1.64977908E-01
  1.65204540E-01  1.65240571E-01  1.65454969E-01  1.66688740E-01  1.68801174E-01
  1.70853987E-01  1.72775596E-01  1.74545556E-01  1.76164880E-01  1.77601352E-01
  1.78886592E-01  1.80027083E-01  1.81013316E-01  1.81863099E-01  1.82585105E-01
  1.83185771E-01  1.83663130E-01  1.84036672E-01  1.84874475E-01
     2  'FLUX 34     '       2      64
  2.81050298E-02  2.81070434E-02  2.81204246E-02  2.81674284E-02  2.82107927E-02
  2.82143336E-02  2.82170270E-02  2.83736009E-02  2.83746347E-02  2.83960756E-02
  2.84432676E-02  2.85075381E-02  2.84966100E-02  2.82557011E-02  2.83369664E-02
  2.84346715E-02  2.85973027E-02  2.87054144E-02  2.91040167E-02  2.91182157E-02
  2.91489977E-02  2.92065125E-02  2.92558372E-02  2.92802192E-02  2.88197044E-02
  2.90028509E-02  2.92557813E-02  2.95077562E-02  2.97327302E-02  3.04040629E-02
  3.04250214E-02  3.04648150E-02  3.05349920E-02  3.05998418E-02  3.06257606E-02
  2.99229901E-02  3.02386545E-02  3.06520201E-02  3.10883261E-02  3.14780697E-02
  3.17796357E-02  3.20559926E-02  3.22713442E-02  3.23286019E-02  3.23671587E-02
  3.24057527E-02  3.24088931E-02  3.24432813E-02  3.26715596E-02  3.30645107E-02
  3.34501453E-02  3.38136218E-02  3.41501310E-02  3.44592407E-02  3.47344466E-02
  3.49813662E-02  3.52010243E-02  3.53914164E-02  3.55557948E-02  3.56957316E-02
  3.58123519E-02  3.59052271E-02  3.59781012E-02  3.61411497E-02
     2  'FLUX 35     '       2      64
  2.75491327E-02  2.75507160E-02  2.75677200E-02  2.76293363E-02  2.76919175E-02
  2.76965741E-02  2.77062412E-02  2.78156549E-02  2.78180875E-02  2.78451797E-02
  2.79068518E-02  2.79923566E-02  2.79859453E-02  2.77503654E-02  2.78308950E-02
  2.79284455E-02  2.81088259E-02  2.82109790E-02  2.85472851E-02  2.85649281E-02
  2.86031831E-02  2.86779422E-02  2.87491754E-02  2.87791509E-02  2.83223614E-02
  2.85024289E-02  2.87612211E-02  2.90252417E-02  2.92511862E-02  2.98718847E-02
  2.98969094E-02  2.99463850E-02  3.00373919E-02  3.01257204E-02  3.01591735E-02
  2.94424538E-02  2.97615640E-02  3.01884674E-02  3.06534264E-02  3.10682356E-02
  3.13899741E-02  3.16786133E-02  3.18998769E-02  3.19594331E-02  3.20000798E-02
  3.20416056E-02  3.20471451E-02  3.20858136E-02  3.23194154E-02  3.27176601E-02
  3.31053250E-02  3.34690586E-02  3.38048600E-02  3.41127701E-02  3.43865491E-02
  3.46320048E-02  3.48502509E-02  3.50393578E-02  3.52026001E-02  3.53415497E-02
  3.54573615E-02  3.55495661E-02  3.56218889E-02  3.57839055E-02
     2  'FLUX 36     '       2      64
  2.81728208E-02  2.81742532E-02  2.81939041E-02  2.82651111E-02  2.83396468E-02
  2.83450540E-02  2.83593200E-02  2.84464154E-02  2.84497403E-02  2.84806825E-02
  2.85519008E-02  2.86509227E-02  2.86468044E-02  2.84077916E-02  2.84902900E-02
  2.85906270E-02  2.87861172E-02  2.88882740E-02  2.92003658E-02  2.92203836E-02
  2.92637795E-02  2.93499157E-02  2.94345897E-02  2.94685028E-02  2.90012918E-02
  2.91847698E-02  2.94540413E-02  2.97323335E-02  2.99654510E-02  3.05762663E-02
  3.06041557E-02  3.06601338E-02  3.07646189E-02  3.08675338E-02  3.09059452E-02
  3.01629156E-02  3.04927435E-02  3.09383087E-02  3.14310864E-02  3.18701454E-02
  3.22104767E-02  3.25137526E-02  3.27452235E-02  3.28072011E-02  3.28505263E-02
  3.28947604E-02  3.29009295E-02  3.29426937E-02  3.31884697E-02  3.36026587E-02
  3.40035781E-02  3.43787372E-02  3.47245634E-02  3.50413918E-02  3.53229381E-02
  3.55752930E-02  3.57996561E-02  3.59940454E-02  3.61618735E-02  3.63047384E-02
  3.64238285E-02  3.65186706E-02  3.65930609E-02  3.67597565E-02
     2  'FLUX 37     '       2      64
  2.91728172E-02  2.91749798E-02  2.91933604E-02  2.92586572E-02  2.93250848E-02
  2.93300375E-02  2.93410588E-02  2.94513535E-02  2.94541921E-02  2.94829570E-02
  2.95482278E-02  2.96383407E-02  2.96320133E-02  2.93874796E-02  2.94711944E-02
  2.95727961E-02  2.97617633E-02  2.98683960E-02  3.02137602E-02  3.02324127E-02
  3.02727483E-02  3.03515363E-02  3.04266363E-02  3.04582063E-02  2.99842414E-02
  3.01712193E-02  3.04400939E-02  3.07153426E-02  3.09506264E-02  3.15923467E-02
  3.16185057E-02  3.16702761E-02  3.17655206E-02  3.18578780E-02  3.18928882E-02
  3.11500058E-02  3.14814188E-02  3.19237486E-02  3.24062705E-02  3.28372493E-02
  3.31722312E-02  3.34717110E-02  3.37000974E-02  3.37615274E-02  3.38036455E-02
  3.38467397E-02  3.38523574E-02  3.38924564E-02  3.41332965E-02  3.45467031E-02
  3.49501781E-02  3.53293195E-02  3.56797948E-02  3.60015146E-02  3.62879075E-02
  3.65449265E-02  3.67736816E-02  3.69720832E-02  3.71435024E-02  3.72895412E-02
  3.74113545E-02  3.75084504E-02  3.75846997E-02  3.77552956E-02
     2  'FLUX 38     '       2      64
  2.87163630E-02  2.87187863E-02  2.87386067E-02  2.88095251E-02  2.88838092E-02
  2.88891904E-02  2.89031602E-02  2.89899036E-02  2.89933365E-02  2.90241782E-02
  2.90949661E-02  2.91933585E-02  2.91892439E-02  2.89512835E-02  2.90331226E-02
  2.91327611E-02  2.93265190E-02  2.94289496E-02  2.97396015E-02  2.97594741E-02
  2.98024565E-02  2.98877172E-02  2.99716610E-02  3.00052725E-02  2.95416228E-02
  2.97238957E-02  2.99903322E-02  3.02661341E-02  3.04977987E-02  3.11040618E-02
  3.11315618E-02  3.11867278E-02  3.12897302E-02  3.13912742E-02  3.14291604E-02
  3.06943823E-02  3.10212653E-02  3.14608738E-02  3.19470875E-02  3.23815532E-02
  3.27198543E-02  3.30188014E-02  3.32447067E-02  3.33054066E-02  3.33476029E-02
  3.33906636E-02  3.33966874E-02  3.34376395E-02  3.36771943E-02  3.40867005E-02
  3.44852395E-02  3.48592550E-02  3.52047384E-02  3.55217680E-02  3.58039439E-02
  3.60571966E-02  3.62826176E-02  3.64781581E-02  3.66471484E-02  3.67911458E-02
  3.69112976E-02  3.70071046E-02  3.70823853E-02  3.72506157E-02
     2  'FLUX 39     '       2      64
  2.87230425E-02  2.87263803E-02  2.87419017E-02  2.87962630E-02  2.88496967E-02
  2.88537908E-02  2.88594421E-02  2.89878286E-02  2.89897919E-02  2.90141124E-02
  2.90683210E-02  2.91431118E-02  2.91347485E-02  2.89001297E-02  2.89792307E-02
  2.90748924E-02  2.92427801E-02  2.93470211E-02  2.97055338E-02  2.97212750E-02
  2.97552757E-02  2.98204795E-02  2.98805106E-02  2.99072303E-02  2.94582415E-02
  2.96361931E-02  2.98853870E-02  3.01374607E-02  3.03585250E-02  3.09886616E-02
  3.10110915E-02  3.10546104E-02  3.11333183E-02  3.12086158E-02  3.12375594E-02
  3.05461641E-02  3.08562219E-02  3.12637202E-02  3.17012183E-02  3.20941657E-02
  3.24018188E-02  3.26752700E-02  3.28823440E-02  3.29374336E-02  3.29749845E-02
  3.30131203E-02  3.30176391E-02  3.30531821E-02  3.32687199E-02  3.36515643E-02
  3.40304449E-02  3.43889594E-02  3.47218886E-02  3.50285321E-02  3.53022888E-02
  3.55485193E-02  3.57680731E-02  3.59588228E-02  3.61238681E-02  3.62646692E-02
  3.63822691E-02  3.64761688E-02  3.65500674E-02  3.67148258E-02
     2  'FLUX 40     '       2      64
  2.95084696E-02  2.95119174E-02  2.95287687E-02  2.95885857E-02  2.96491105E-02
  2.96536256E-02  2.96612363E-02  2.97775231E-02  2.97798719E-02  2.98062377E-02
  2.98658088E-02  2.99486686E-02  2.99415477E-02  2.97042988E-02  2.97845062E-02
  2.98816115E-02  3.00578475E-02  3.01621128E-02  3.05075645E-02  3.05245668E-02
  3.05613372E-02  3.06329038E-02  3.07009313E-02  3.07298545E-02  3.02744452E-02
  3.04545183E-02  3.07096485E-02  3.09695639E-02  3.11944820E-02  3.18179727E-02
  3.18419524E-02  3.18890400E-02  3.19754183E-02  3.20594124E-02  3.20912562E-02
  3.13854665E-02  3.17013934E-02  3.21191475E-02  3.25721130E-02  3.29781435E-02
  3.32951695E-02  3.35761160E-02  3.37885097E-02  3.38451564E-02  3.38838398E-02
  3.39231305E-02  3.39272283E-02  3.39639373E-02  3.41877863E-02  3.45810577E-02
  3.49690653E-02  3.53358984E-02  3.56764868E-02  3.59901898E-02  3.62703241E-02
  3.65223549E-02  3.67471464E-02  3.69425192E-02  3.71116251E-02  3.72559465E-02
  3.73765305E-02  3.74728367E-02  3.75486687E-02  3.77177112E-02
     2  'FLUX 41     '       2      64
  2.81311907E-02  2.81352364E-02  2.81478763E-02  2.81923991E-02  2.82345749E-02
  2.82378756E-02  2.82382686E-02  2.83795539E-02  2.83806417E-02  2.84007918E-02
  2.84450240E-02  2.85064559E-02  2.84964927E-02  2.82733683E-02  2.83473562E-02
  2.84363665E-02  2.85837483E-02  2.86838487E-02  2.90474612E-02  2.90604923E-02
  2.90886201E-02  2.91415807E-02  2.91886684E-02  2.92108916E-02  2.87893973E-02
  2.89570317E-02  2.91859955E-02  2.94143986E-02  2.96195503E-02  3.02284248E-02
  3.02474014E-02  3.02833952E-02  3.03473398E-02  3.04078367E-02  3.04313693E-02
  2.97938325E-02  3.00808866E-02  3.04531083E-02  3.08462661E-02  3.12006027E-02
  3.14791724E-02  3.17260101E-02  3.19122188E-02  3.19613330E-02  3.19942459E-02
  3.20274644E-02  3.20304558E-02  3.20612676E-02  3.22529972E-02  3.26043181E-02
  3.29568647E-02  3.32928933E-02  3.36064920E-02  3.38963792E-02  3.41559947E-02
  3.43900435E-02  3.45991589E-02  3.47811803E-02  3.49389203E-02  3.50736827E-02
  3.51863876E-02  3.52765061E-02  3.53475735E-02  3.55057083E-02
     2  'FLUX 42     '       2      64
  5.41237220E-02  5.41316830E-02  5.41475229E-02  5.41987009E-02  5.42359538E-02
  5.42396493E-02  5.42257987E-02  5.45816645E-02  5.45810610E-02  5.46064340E-02
  5.46573177E-02  5.47251850E-02  5.46974763E-02  5.42784743E-02  5.44154607E-02
  5.45788892E-02  5.48106506E-02  5.50061911E-02  5.58003038E-02  5.58170304E-02
  5.58528937E-02  5.59134111E-02  5.59530966E-02  5.59817739E-02  5.52049652E-02
  5.55174090E-02  5.59228174E-02  5.63139804E-02  5.66861443E-02  5.79018444E-02
  5.79277873E-02  5.79727590E-02  5.80446571E-02  5.81043623E-02  5.81309199E-02
  5.70015721E-02  5.75167201E-02  5.81649467E-02  5.88180311E-02  5.94063587E-02
  5.98655231E-02  6.02873340E-02  6.06139116E-02  6.07001260E-02  6.07549883E-02
  6.08087294E-02  6.08095862E-02  6.08563460E-02  6.11911677E-02  6.18186854E-02
  6.24579377E-02  6.30724877E-02  6.36493638E-02  6.41848892E-02  6.46661744E-02
  6.51012063E-02  6.54907078E-02  6.58303797E-02  6.61252141E-02  6.63774163E-02
  6.65886030E-02  6.67576939E-02  6.68912530E-02  6.71882406E-02
     2  'FLUX 43     '       2      64
  8.39332864E-02  8.39398280E-02  8.40056464E-02  8.42356086E-02  8.44845995E-02
  8.45021456E-02  8.45619068E-02  8.46832395E-02  8.46974105E-02  8.47963616E-02
  8.50252882E-02  8.53424147E-02  8.53423700E-02  8.47078636E-02  8.49305391E-02
  8.52040574E-02  8.57788771E-02  8.60481411E-02  8.67434517E-02  8.68064463E-02
  8.69420245E-02  8.72152671E-02  8.74927491E-02  8.75981376E-02  8.63488913E-02
  8.68381262E-02  8.75776038E-02  8.83595347E-02  8.89943466E-02  9.05154273E-02
  9.05988738E-02  9.07697305E-02  9.10939202E-02  9.14177075E-02  9.15369615E-02
  8.95325914E-02  9.04244557E-02  9.16380286E-02  9.30096209E-02  9.42268148E-02
  9.51647833E-02  9.59937945E-02  9.66201201E-02  9.67895240E-02  9.69064906E-02
  9.70272422E-02  9.70441103E-02  9.71597955E-02  9.78281349E-02  9.89592522E-02
  1.00058809E-01  1.01092651E-01  1.02050364E-01  1.02931961E-01  1.03719331E-01
  1.04428314E-01  1.05061412E-01  1.05612367E-01  1.06089935E-01  1.06498078E-01
  1.06839582E-01  1.07112691E-01  1.07327983E-01  1.07808799E-01
     2  'FLUX 44     '       2      64
  1.08171508E-01  1.08179949E-01  1.08258530E-01  1.08522289E-01  1.08800896E-01
  1.08820997E-01  1.08890928E-01  1.09098814E-01  1.09116077E-01  1.09231919E-01
  1.09494969E-01  1.09853104E-01  1.09847352E-01  1.09064199E-01  1.09339565E-01
  1.09678522E-01  1.10363603E-01  1.10705033E-01  1.11635640E-01  1.11709349E-01
  1.11867383E-01  1.12180404E-01  1.12488486E-01  1.12610653E-01  1.11077733E-01
  1.11681260E-01  1.12580001E-01  1.13526091E-01  1.14306338E-01  1.16234429E-01
  1.16331577E-01  1.16528340E-01  1.16896436E-01  1.17257141E-01  1.17392182E-01
  1.14966795E-01  1.16052777E-01  1.17515318E-01  1.19150050E-01  1.20600156E-01
  1.21713147E-01  1.22699946E-01  1.23444244E-01  1.23644367E-01  1.23781450E-01
  1.23921387E-01  1.23939008E-01  1.24072790E-01  1.24863274E-01  1.26230925E-01
  1.27574325E-01  1.28844917E-01  1.30027026E-01  1.31118879E-01  1.32097125E-01
  1.32980168E-01  1.33770436E-01  1.34459645E-01  1.35058209E-01  1.35570630E-01
  1.36000142E-01  1.36344358E-01  1.36616439E-01  1.37221828E-01
     2  'FLUX 45     '       2      64
  2.92106330E-01  2.92122304E-01  2.92322159E-01  2.92979717E-01  2.93674648E-01
  2.93724984E-01  2.93916196E-01  2.94365764E-01  2.94412225E-01  2.94702113E-01
  2.95358956E-01  2.96245426E-01  2.96236932E-01  2.94347316E-01  2.95019984E-01
  2.95850664E-01  2.97547340E-01  2.98375100E-01  3.00543219E-01  3.00727636E-01
  3.01121920E-01  3.01901996E-01  3.02666098E-01  3.02970499E-01  2.99274236E-01
  3.00731748E-01  3.02919656E-01  3.05236101E-01  3.07130575E-01  3.11677605E-01
  3.11917037E-01  3.12403172E-01  3.13313156E-01  3.14201027E-01  3.14535767E-01
  3.08727711E-01  3.11339170E-01  3.14863861E-01  3.18818241E-01  3.22287858E-01
  3.24887484E-01  3.27226371E-01  3.29009593E-01  3.29491824E-01  3.29813004E-01
  3.30141217E-01  3.30168992E-01  3.30478221E-01  3.32376689E-01  3.35705936E-01
  3.39009106E-01  3.42156500E-01  3.45102906E-01  3.47838998E-01  3.50303173E-01
  3.52537394E-01  3.54544848E-01  3.56302619E-01  3.57834429E-01  3.59150231E-01
  3.60256642E-01  3.61146539E-01  3.61852944E-01  3.63419056E-01
     2  'FLUX 46     '       2      64
  3.19466114E-01  3.19460481E-01  3.19635898E-01  3.20200145E-01  3.20798218E-01
  3.20841819E-01  3.21037591E-01  3.21309537E-01  3.21350098E-01  3.21599633E-01
  3.22171509E-01  3.22930485E-01  3.22933137E-01  3.21413666E-01  3.21974754E-01
  3.22663516E-01  3.24134946E-01  3.24797451E-01  3.26331198E-01  3.26494634E-01
  3.26843917E-01  3.27536613E-01  3.28208297E-01  3.28480422E-01  3.25517982E-01
  3.26691955E-01  3.28506768E-01  3.30453038E-01  3.31991524E-01  3.35227132E-01
  3.35439593E-01  3.35875213E-01  3.36695373E-01  3.37491035E-01  3.37799430E-01
  3.33269030E-01  3.35328907E-01  3.38160127E-01  3.41400921E-01  3.44112843E-01
  3.45918477E-01  3.47641647E-01  3.49006981E-01  3.49375755E-01  3.49606991E-01
  3.49808306E-01  3.49789053E-01  3.49981040E-01  3.51458549E-01  3.54239523E-01
  3.57118428E-01  3.59934121E-01  3.62621129E-01  3.65153641E-01  3.67464989E-01
  3.69582325E-01  3.71502072E-01  3.73196989E-01  3.74684811E-01  3.75970960E-01
  3.77059102E-01  3.77940565E-01  3.78646046E-01  3.80195796E-01
     2  'FLUX 47     '       2      64
  3.66450816E-01  3.66389096E-01  3.66564304E-01  3.67089003E-01  3.67687613E-01
  3.67729276E-01  3.68038625E-01  3.67398709E-01  3.67447436E-01  3.67674053E-01
  3.68222475E-01  3.68922859E-01  3.68999749E-01  3.68363708E-01  3.68685186E-01
  3.69074672E-01  3.70275140E-01  3.70522469E-01  3.69884759E-01  3.70041102E-01
  3.70370686E-01  3.71052980E-01  3.71737361E-01  3.72005314E-01  3.70807618E-01
  3.71295184E-01  3.72319102E-01  3.73563021E-01  3.74287814E-01  3.73603821E-01
  3.73790443E-01  3.74197364E-01  3.75006229E-01  3.75808805E-01  3.76139104E-01
  3.74808878E-01  3.75510186E-01  3.76690984E-01  3.78377497E-01  3.79277974E-01
  3.78982872E-01  3.79019082E-01  3.79126787E-01  3.79200041E-01  3.79118919E-01
  3.79046470E-01  3.78847122E-01  3.78762394E-01  3.78945887E-01  3.80172879E-01
  3.81895900E-01  3.83819401E-01  3.85807693E-01  3.87785405E-01  3.89668494E-01
  3.91446531E-01  3.93097967E-01  3.94586831E-01  3.95915687E-01  3.97081017E-01
  3.98079604E-01  3.98899853E-01  3.99567276E-01  4.01009321E-01
     2  'FLUX 48     '       2      64
  2.72037894E-01  2.71957785E-01  2.72037119E-01  2.72181660E-01  2.72370100E-01
  2.72382975E-01  2.72607058E-01  2.71818310E-01  2.71846980E-01  2.71910429E-01
  2.72081256E-01  2.72244275E-01  2.72314519E-01  2.72703350E-01  2.72686332E-01
  2.72648603E-01  2.72940010E-01  2.72769839E-01  2.70882994E-01  2.70935118E-01
  2.71032125E-01  2.71247625E-01  2.71442324E-01  2.71543384E-01  2.72553176E-01
  2.72200525E-01  2.71956980E-01  2.71871775E-01  2.71476507E-01  2.67429769E-01
  2.67459959E-01  2.67544866E-01  2.67752647E-01  2.67956674E-01  2.68089354E-01
  2.70997941E-01  2.69914895E-01  2.68628091E-01  2.67540604E-01  2.65686244E-01
  2.62786388E-01  2.60650277E-01  2.59153992E-01  2.58701682E-01  2.58340478E-01
  2.57913113E-01  2.57587284E-01  2.57157475E-01  2.55526632E-01  2.54271805E-01
  2.53881186E-01  2.53964722E-01  2.54336923E-01  2.54882812E-01  2.55524844E-01
  2.56209075E-01  2.56899506E-01  2.57562816E-01  2.58182883E-01  2.58746862E-01
  2.59245098E-01  2.59667277E-01  2.60023266E-01  2.60768145E-01
     2  'FLUX 49     '       2      64
  2.18821079E-01  2.18744904E-01  2.18826815E-01  2.18939185E-01  2.19112381E-01
  2.19122782E-01  2.19363630E-01  2.18275309E-01  2.18314141E-01  2.18363464E-01
  2.18497306E-01  2.18601868E-01  2.18693540E-01  2.19416648E-01  2.19296724E-01
  2.19141573E-01  2.19234616E-01  2.18929946E-01  2.16349483E-01  2.16386095E-01
  2.16442183E-01  2.16583893E-01  2.16716349E-01  2.16789767E-01  2.18545064E-01
  2.17906028E-01  2.17266127E-01  2.16807410E-01  2.16063261E-01  2.10642487E-01
  2.10628346E-01  2.10626990E-01  2.10685104E-01  2.10749865E-01  2.10837558E-01
  2.15262935E-01  2.13561147E-01  2.11409330E-01  2.09388033E-01  2.06565410E-01
  2.02699125E-01  1.99758545E-01  1.97628722E-01  1.97097272E-01  1.96577102E-01
  1.96004614E-01  1.95667833E-01  1.95102602E-01  1.92837432E-01  1.90613896E-01
  1.89352661E-01  1.88656792E-01  1.88331276E-01  1.88250691E-01  1.88343301E-01
  1.88539341E-01  1.88798130E-01  1.89088389E-01  1.89386606E-01  1.89676344E-01
  1.89945534E-01  1.90184519E-01  1.90395921E-01  1.90821618E-01
     2  'FLUX 50     '       2      64
  1.82715490E-01  1.82652801E-01  1.82738364E-01  1.82846099E-01  1.83019161E-01
  1.83028743E-01  1.83260188E-01  1.82139561E-01  1.82183832E-01  1.82232469E-01
  1.82356223E-01  1.82447568E-01  1.82539970E-01  1.83298960E-01  1.83161780E-01
  1.82992369E-01  1.83024839E-01  1.82714358E-01  1.80085957E-01  1.80116773E-01
  1.80156872E-01  1.80266410E-01  1.80370957E-01  1.80431649E-01  1.82308242E-01
  1.81622937E-01  1.80894166E-01  1.80347085E-01  1.79544136E-01  1.73976511E-01
  1.73943385E-01  1.73901737E-01  1.73884302E-01  1.73877791E-01  1.73938617E-01
  1.78689748E-01  1.76864073E-01  1.74496502E-01  1.72208264E-01  1.69141099E-01
  1.65077731E-01  1.61942303E-01  1.59648627E-01  1.59066603E-01  1.58518493E-01
  1.57924861E-01  1.57571524E-01  1.57003060E-01  1.54554844E-01  1.52004391E-01
  1.50419176E-01  1.49414912E-01  1.48800805E-01  1.48452193E-01  1.48302794E-01
  1.48279101E-01  1.48340136E-01  1.48456737E-01  1.48603171E-01  1.48762196E-01
  1.48921072E-01  1.49070784E-01  1.49210632E-01  1.49480909E-01
     2  'FLUX 51     '       2      64
  2.25404873E-01  2.25336179E-01  2.25457713E-01  2.25600109E-01  2.25830510E-01
  2.25842625E-01  2.26138353E-01  2.24669129E-01  2.24734247E-01  2.24801406E-01
  2.24959776E-01  2.25069568E-01  2.25187883E-01  2.26181686E-01  2.26001263E-01
  2.25783393E-01  2.25791961E-01  2.25399539E-01  2.21927658E-01  2.21964687E-01
  2.22004473E-01  2.22119942E-01  2.22226679E-01  2.22297519E-01  2.24858612E-01
  2.23927647E-01  2.22900137E-01  2.22113699E-01  2.21011117E-01  2.13428676E-01
  2.13365048E-01  2.13266388E-01  2.13160723E-01  2.13071451E-01  2.13126153E-01
  2.19831854E-01  2.17272699E-01  2.13882208E-01  2.10533544E-01  2.06123814E-01
  2.00368464E-01  1.95871890E-01  1.92566857E-01  1.91617429E-01  1.90886557E-01
  1.90073535E-01  1.89566270E-01  1.88776642E-01  1.85185388E-01  1.81366637E-01
  1.78912863E-01  1.77287117E-01  1.76223144E-01  1.75546378E-01  1.75167397E-01
  1.74980432E-01  1.74927935E-01  1.74970165E-01  1.75069705E-01  1.75201640E-01
  1.75347701E-01  1.75495505E-01  1.75641671E-01  1.75912753E-01
     2  'FLUX 52     '       2      64
  4.54123855E-01  4.54012275E-01  4.54328984E-01  4.54744369E-01  4.55360621E-01
  4.55393642E-01  4.56048250E-01  4.52958643E-01  4.53125566E-01  4.53325987E-01
  4.53764230E-01  4.54119205E-01  4.54365939E-01  4.56193477E-01  4.55912262E-01
  4.55594659E-01  4.55805689E-01  4.55135405E-01  4.47999656E-01  4.48100626E-01
  4.48219210E-01  4.48524088E-01  4.48801577E-01  4.48980063E-01  4.54099923E-01
  4.52265441E-01  4.50249791E-01  4.48781848E-01  4.46619838E-01  4.30545390E-01
  4.30396825E-01  4.30153400E-01  4.29864138E-01  4.29608464E-01  4.29712623E-01
  4.44221556E-01  4.38788921E-01  4.31437939E-01  4.24082518E-01  4.14282531E-01
  4.01369721E-01  3.91192168E-01  3.83561313E-01  3.81491631E-01  3.79785150E-01
  3.77913356E-01  3.76920849E-01  3.75073463E-01  3.66775423E-01  3.57881129E-01
  3.52092981E-01  3.48195016E-01  3.45585853E-01  3.43870491E-01  3.42848927E-01
  3.42279702E-01  3.42031807E-01  3.42016131E-01  3.42146069E-01  3.42364073E-01
  3.42627734E-01  3.42908770E-01  3.43196690E-01  3.43716741E-01
     2  'FLUX 53     '       2      64
  6.69408679E-01  6.69315755E-01  6.69953048E-01  6.70975566E-01  6.72320902E-01
  6.72397375E-01  6.73469245E-01  6.69167697E-01  6.69482410E-01  6.69979215E-01
  6.71015918E-01  6.72033787E-01  6.72381222E-01  6.73918366E-01  6.73912466E-01
  6.73993051E-01  6.75198317E-01  6.74792111E-01  6.65505648E-01  6.65754199E-01
  6.66120470E-01  6.66927099E-01  6.67663395E-01  6.68072402E-01  6.73776984E-01
  6.71826065E-01  6.69884026E-01  6.68861032E-01  6.66649580E-01  6.44648552E-01
  6.44487143E-01  6.44229531E-01  6.43984437E-01  6.43774033E-01  6.44010246E-01
  6.63856924E-01  6.56755686E-01  6.46859050E-01  6.36918604E-01  6.22869909E-01
  6.03476882E-01  5.88030696E-01  5.76245248E-01  5.73070884E-01  5.70438325E-01
  5.67437828E-01  5.66071153E-01  5.63265562E-01  5.50219595E-01  5.36545515E-01
  5.27851105E-01  5.22147238E-01  5.18466175E-01  5.16178727E-01  5.14956355E-01
  5.14422715E-01  5.14369130E-01  5.14649212E-01  5.15127957E-01  5.15713871E-01
  5.16338885E-01  5.16954899E-01  5.17548263E-01  5.18659115E-01
     2  'FLUX 54     '       2      64
  1.46127510E+00  1.46128070E+00  1.46335709E+00  1.46754301E+00  1.47250628E+00
  1.47281706E+00  1.47577083E+00  1.46775305E+00  1.46867204E+00  1.47068477E+00
  1.47487903E+00  1.47961950E+00  1.48033619E+00  1.47798240E+00  1.47995472E+00
  1.48277640E+00  1.49019456E+00  1.49202228E+00  1.47876871E+00  1.47983766E+00
  1.48175120E+00  1.48563433E+00  1.48925817E+00  1.49097168E+00  1.49251032E+00
  1.49254429E+00  1.49451613E+00  1.49904132E+00  1.50002980E+00  1.46666014E+00
  1.46690381E+00  1.46751690E+00  1.46911860E+00  1.47067642E+00  1.47195292E+00
  1.49880254E+00  1.49088395E+00  1.47903061E+00  1.46794260E+00  1.44651663E+00
  1.41086006E+00  1.38265920E+00  1.36109936E+00  1.35458279E+00  1.35006297E+00
  1.34443450E+00  1.34161901E+00  1.33657956E+00  1.31219637E+00  1.28887510E+00
  1.27594388E+00  1.26902986E+00  1.26604927E+00  1.26568031E+00  1.26714623E+00
  1.26972353E+00  1.27297485E+00  1.27655339E+00  1.28020573E+00  1.28374553E+00
  1.28703105E+00  1.28994179E+00  1.29249108E+00  1.29752839E+00
     2  'FLUX 55     '       2      64
  2.56777215E+00  2.56835032E+00  2.57412648E+00  2.58814406E+00  2.60386848E+00
  2.60491943E+00  2.61247635E+00  2.60050941E+00  2.60280037E+00  2.60943937E+00
  2.62349439E+00  2.64073348E+00  2.64213872E+00  2.62050056E+00  2.63000250E+00
  2.64315987E+00  2.67226863E+00  2.68354630E+00  2.68042445E+00  2.68414998E+00
  2.69157863E+00  2.70631027E+00  2.72053456E+00  2.72647786E+00  2.69292808E+00
  2.70694542E+00  2.73139405E+00  2.76254845E+00  2.78400803E+00  2.77793598E+00
  2.78088379E+00  2.78708363E+00  2.79936910E+00  2.81126475E+00  2.81670737E+00
  2.79891825E+00  2.81326747E+00  2.83079267E+00  2.85478711E+00  2.85824347E+00
  2.83044600E+00  2.80986476E+00  2.79332137E+00  2.78850865E+00  2.78440189E+00
  2.77986836E+00  2.77655745E+00  2.77246809E+00  2.75467610E+00  2.74936938E+00
  2.75733519E+00  2.77196693E+00  2.79028225E+00  2.81051779E+00  2.83128023E+00
  2.85190678E+00  2.87182999E+00  2.89042735E+00  2.90750504E+00  2.92285490E+00
  2.93630266E+00  2.94761848E+00  2.95702243E+00  2.97598648E+00
     2  'FLUX 56     '       2      64
  4.39070797E+00  4.39291763E+00  4.40741205E+00  4.44664335E+00  4.48944902E+00
  4.49241734E+00  4.51093435E+00  4.49575758E+00  4.50101995E+00  4.51951027E+00
  4.55917549E+00  4.60964584E+00  4.61248636E+00  4.53439856E+00  4.56460238E+00
  4.60630131E+00  4.69438076E+00  4.73234558E+00  4.77569485E+00  4.78648043E+00
  4.80926943E+00  4.85413170E+00  4.89812183E+00  4.91545010E+00  4.76877689E+00
  4.82673550E+00  4.92031479E+00  5.03125811E+00  5.11722898E+00  5.24397659E+00
  5.25600481E+00  5.28095818E+00  5.32855463E+00  5.37464476E+00  5.39272642E+00
  5.18616819E+00  5.28508806E+00  5.41924763E+00  5.58089256E+00  5.70427275E+00
  5.75960541E+00  5.81165409E+00  5.85319996E+00  5.86444712E+00  5.87089586E+00
  5.87769556E+00  5.87630844E+00  5.88305283E+00  5.93784094E+00  6.04617405E+00
  6.15866184E+00  6.26879644E+00  6.37413263E+00  6.47369766E+00  6.56531143E+00
  6.64984274E+00  6.72706985E+00  6.79603434E+00  6.85724545E+00  6.91077757E+00
  6.95662069E+00  6.99440861E+00  7.02513456E+00  7.08668613E+00
     2  'FLUX 57     '       2      64
  3.08822060E+00  3.09076667E+00  3.10391808E+00  3.14137506E+00  3.18165898E+00
  3.18449259E+00  3.20120287E+00  3.19449830E+00  3.19906855E+00  3.21680307E+00
  3.25497293E+00  3.30429316E+00  3.30655885E+00  3.22409344E+00  3.25449944E+00
  3.29678416E+00  3.38402200E+00  3.42342997E+00  3.48751235E+00  3.49805355E+00
  3.52100492E+00  3.56599569E+00  3.61041665E+00  3.62741184E+00  3.46291280E+00
  3.52685618E+00  3.62784553E+00  3.74566507E+00  3.84068584E+00  4.02775669E+00
  4.04138517E+00  4.06957912E+00  4.12278080E+00  4.17435694E+00  4.19341087E+00
  3.92000699E+00  4.04277945E+00  4.21266222E+00  4.41514063E+00  4.59046698E+00
  4.70797014E+00  4.80879927E+00  4.88900995E+00  4.91086006E+00  4.92555380E+00
  4.94061422E+00  4.94221544E+00  4.95645046E+00  5.06130743E+00  5.23083830E+00
  5.38890648E+00  5.53438759E+00  5.66756487E+00  5.78933287E+00  5.89839506E+00
  5.99692440E+00  6.08537626E+00  6.16322184E+00  6.23149395E+00  6.29060745E+00
  6.34080982E+00  6.38190985E+00  6.41510391E+00  6.48042870E+00
     2  'FLUX 58     '       2      64
  2.33236194E+00  2.33499312E+00  2.34651184E+00  2.38016772E+00  2.41608572E+00
  2.41862822E+00  2.43311715E+00  2.43052387E+00  2.43446350E+00  2.45050430E+00
  2.48498082E+00  2.52989292E+00  2.53172112E+00  2.45384955E+00  2.48183823E+00
  2.52105021E+00  2.60064340E+00  2.63764954E+00  2.70554018E+00  2.71514606E+00
  2.73640347E+00  2.77795911E+00  2.81921077E+00  2.83468628E+00  2.67536330E+00
  2.73681641E+00  2.83276272E+00  2.94425368E+00  3.03598642E+00  3.23508668E+00
  3.24848723E+00  3.27618575E+00  3.32824969E+00  3.37886262E+00  3.39692235E+00
  3.11394286E+00  3.23792434E+00  3.41079235E+00  3.61665893E+00  3.80360484E+00
  3.94236875E+00  4.05630398E+00  4.14511108E+00  4.16932726E+00  4.18608522E+00
  4.20334530E+00  4.20630980E+00  4.22296619E+00  4.33836603E+00  4.52186632E+00
  4.68932915E+00  4.84096956E+00  4.97797203E+00  5.10185862E+00  5.21179438E+00
  5.31033325E+00  5.39819002E+00  5.47507191E+00  5.54217386E+00  5.60003853E+00
  5.64901066E+00  5.68901348E+00  5.72125387E+00  5.78375530E+00
     2  'FLUX 59     '       2      64
  1.72359467E+00  1.72602916E+00  1.73551524E+00  1.76355422E+00  1.79334819E+00
  1.79546058E+00  1.80734849E+00  1.80654252E+00  1.80978024E+00  1.82324028E+00
  1.85209286E+00  1.88983095E+00  1.89127922E+00  1.82468688E+00  1.84826422E+00
  1.88157320E+00  1.94841313E+00  1.98008633E+00  2.04123187E+00  2.04932332E+00
  2.06742430E+00  2.10273767E+00  2.13791108E+00  2.15092993E+00  2.01258183E+00
  2.06569552E+00  2.14811492E+00  2.24399042E+00  2.32384539E+00  2.50524831E+00
  2.51710486E+00  2.54161191E+00  2.58759427E+00  2.63237309E+00  2.64799857E+00
  2.39241028E+00  2.50287795E+00  2.65769410E+00  2.84248757E+00  3.01464629E+00
  3.14826393E+00  3.25512695E+00  3.33755374E+00  3.36001134E+00  3.37569857E+00
  3.39199996E+00  3.39513874E+00  3.41103053E+00  3.51874065E+00  3.68938017E+00
  3.84356523E+00  3.98204970E+00  4.10630608E+00  4.21799231E+00  4.31660652E+00
  4.40460682E+00  4.48275757E+00  4.55092859E+00  4.61026430E+00  4.66131115E+00
  4.70443296E+00  4.73962450E+00  4.76797581E+00  4.82216215E+00
     2  'FLUX 60     '       2      64
  1.56439555E+00  1.56704068E+00  1.57650220E+00  1.60459948E+00  1.63437617E+00
  1.63648891E+00  1.64837039E+00  1.64809537E+00  1.65133917E+00  1.66492832E+00
  1.69397426E+00  1.73203957E+00  1.73347616E+00  1.66577995E+00  1.68950796E+00
  1.72333729E+00  1.79063392E+00  1.82294977E+00  1.88672483E+00  1.89491451E+00
  1.91339564E+00  1.94939375E+00  1.98533928E+00  1.99850464E+00  1.85618544E+00
  1.91062641E+00  1.99483490E+00  2.09313846E+00  2.17572474E+00  2.36810851E+00
  2.38057446E+00  2.40635943E+00  2.45469666E+00  2.50182843E+00  2.51799631E+00
  2.24714494E+00  2.36308742E+00  2.52632785E+00  2.72190738E+00  2.90729117E+00
  3.05485940E+00  3.17053866E+00  3.25916934E+00  3.28330922E+00  3.30027556E+00
  3.31794906E+00  3.32161093E+00  3.33892703E+00  3.45593882E+00  3.64125991E+00
  3.80763936E+00  3.95624995E+00  4.08895397E+00  4.20772076E+00  4.31221867E+00
  4.40517044E+00  4.48747921E+00  4.55911303E+00  4.62133694E+00  4.67478037E+00
  4.71986723E+00  4.75664854E+00  4.78628492E+00  4.84214354E+00
     2  'FLUX 61     '       2      64
  1.54964519E+00  1.55272710E+00  1.56309545E+00  1.59395623E+00  1.62662888E+00
  1.62894762E+00  1.64210284E+00  1.64149678E+00  1.64508402E+00  1.66013038E+00
  1.69221449E+00  1.73430431E+00  1.73594129E+00  1.66123450E+00  1.68722928E+00
  1.72470903E+00  1.79883873E+00  1.83466184E+00  1.90548944E+00  1.91458821E+00
  1.93529439E+00  1.97559369E+00  2.01594591E+00  2.03056836E+00  1.87154579E+00
  1.93214631E+00  2.02587509E+00  2.13594556E+00  2.22898316E+00  2.44871378E+00
  2.46308589E+00  2.49285626E+00  2.54866362E+00  2.60315990E+00  2.62156987E+00
  2.30991173E+00  2.44211292E+00  2.62942052E+00  2.85514355E+00  3.07207227E+00
  3.24763751E+00  3.38299847E+00  3.48654628E+00  3.51472092E+00  3.53451347E+00
  3.55513430E+00  3.55963230E+00  3.57993817E+00  3.71877146E+00  3.93808484E+00
  4.13367939E+00  4.30745602E+00  4.46192789E+00  4.59960890E+00  4.72035551E+00
  4.82743263E+00  4.92199087E+00  5.00410748E+00  5.07530642E+00  5.13636208E+00
  5.18781042E+00  5.22977352E+00  5.26359892E+00  5.32638168E+00
     2  'FLUX 62     '       2      64
  1.29474533E+00  1.29778206E+00  1.30745256E+00  1.33617735E+00  1.36659718E+00
  1.36875284E+00  1.38121796E+00  1.37968409E+00  1.38308096E+00  1.39721978E+00
  1.42728615E+00  1.46673071E+00  1.46836019E+00  1.39900398E+00  1.42300105E+00
  1.45809519E+00  1.52717018E+00  1.56066263E+00  1.62581766E+00  1.63439739E+00
  1.65408683E+00  1.69238937E+00  1.73084784E+00  1.74463940E+00  1.59509623E+00
  1.65185583E+00  1.73981714E+00  1.84402502E+00  1.93253577E+00  2.14249563E+00
  2.15655255E+00  2.18573356E+00  2.24047136E+00  2.29400492E+00  2.31183338E+00
  2.00990796E+00  2.13686728E+00  2.31808186E+00  2.53818417E+00  2.75219107E+00
  2.92713523E+00  3.05979490E+00  3.16130924E+00  3.18888903E+00  3.20830417E+00
  3.22837090E+00  3.23293543E+00  3.25279903E+00  3.39194703E+00  3.61119080E+00
  3.80543685E+00  3.97711325E+00  4.12903452E+00  4.26389503E+00  4.38179016E+00
  4.48602438E+00  4.57782030E+00  4.65737534E+00  4.72622442E+00  4.78517914E+00
  4.83480167E+00  4.87527800E+00  4.90793085E+00  4.96744823E+00
     2  'FLUX 63     '       2      64
  8.54957521E-01  8.57330680E-01  8.64427269E-01  8.85334432E-01  9.07504618E-01
  9.09072995E-01  9.18335676E-01  9.16289389E-01  9.18833911E-01  9.29236829E-01
  9.51269567E-01  9.80142653E-01  9.81419265E-01  9.31245089E-01  9.48518932E-01
  9.74186718E-01  1.02440596E+00  1.04889774E+00  1.09519851E+00  1.10152280E+00
  1.11614358E+00  1.14456701E+00  1.17317319E+00  1.18333447E+00  1.07393992E+00
  1.11531019E+00  1.17954552E+00  1.25645781E+00  1.32210076E+00  1.47747588E+00
  1.48817742E+00  1.51043892E+00  1.55223167E+00  1.59316695E+00  1.60661900E+00
  1.37972283E+00  1.47442472E+00  1.61048353E+00  1.77718174E+00  1.94090533E+00
  2.07549286E+00  2.17568779E+00  2.25231481E+00  2.27304745E+00  2.28775358E+00
  2.30290627E+00  2.30629802E+00  2.32128954E+00  2.42891502E+00  2.59853745E+00
  2.74801326E+00  2.87952447E+00  2.99544048E+00  3.09796381E+00  3.18734050E+00
  3.26614714E+00  3.33537960E+00  3.39527202E+00  3.44702411E+00  3.49128079E+00
  3.52850008E+00  3.55886817E+00  3.58339643E+00  3.62724376E+00
     2  'FLUX 64     '       2      64
  7.69526303E-01  7.72034585E-01  7.79118359E-01  7.99751282E-01  8.21678400E-01
  8.23220372E-01  8.32581937E-01  8.29443157E-01  8.32043409E-01  8.42428923E-01
  8.64326298E-01  8.92969608E-01  8.94329429E-01  8.45272303E-01  8.62093151E-01
  8.87519896E-01  9.36964393E-01  9.61214185E-01  1.00531495E+00  1.01163960E+00
  1.02635658E+00  1.05494833E+00  1.08378208E+00  1.09393215E+00  9.85821664E-01
  1.02655828E+00  1.08997309E+00  1.16680920E+00  1.23267746E+00  1.38753343E+00
  1.39855921E+00  1.42154682E+00  1.46474361E+00  1.50711334E+00  1.52086294E+00
  1.29070604E+00  1.38610339E+00  1.52406073E+00  1.69467485E+00  1.86374104E+00
  2.00307441E+00  2.10483980E+00  2.18253469E+00  2.20366263E+00  2.21846366E+00
  2.23382306E+00  2.23723102E+00  2.25251842E+00  2.36454463E+00  2.54141188E+00
  2.69654083E+00  2.83245301E+00  2.95180297E+00  3.05699992E+00  3.14846706E+00
  3.22891212E+00  3.29942060E+00  3.36031437E+00  3.41285443E+00  3.45773315E+00
  3.49544597E+00  3.52622914E+00  3.55112672E+00  3.59475517E+00
     2  'FLUX 65     '       2      64
  6.60024345E-01  6.62588179E-01  6.69454932E-01  6.89151168E-01  7.10166454E-01
  7.11633325E-01  7.20840633E-01  7.16249764E-01  7.18847454E-01  7.28902400E-01
  7.49991775E-01  7.77509332E-01  7.78939247E-01  7.32869089E-01  7.48605847E-01
  7.72926390E-01  8.19898009E-01  8.43025386E-01  8.82592440E-01  8.88730824E-01
  9.03113782E-01  9.31048095E-01  9.59292889E-01  9.69123602E-01  8.66254091E-01
  9.04831350E-01  9.65167582E-01  1.03940248E+00  1.10330856E+00  1.25160766E+00
  1.26268101E+00  1.28583360E+00  1.32940435E+00  1.37221944E+00  1.38590801E+00
  1.15981829E+00  1.25273490E+00  1.38827741E+00  1.55793238E+00  1.72765851E+00
  1.86763787E+00  1.96754277E+00  2.04379940E+00  2.06445837E+00  2.07892823E+00
  2.09394908E+00  2.09738231E+00  2.11232090E+00  2.22561789E+00  2.40484595E+00
  2.56117892E+00  2.69747233E+00  2.81663799E+00  2.92125010E+00  3.01193428E+00
  3.09145808E+00  3.16097713E+00  3.22090268E+00  3.27252316E+00  3.31655908E+00
  3.35353351E+00  3.38373089E+00  3.40819430E+00  3.45006800E+00
     2  'FLUX 66     '       2      64
  5.25407493E-01  5.27886569E-01  5.34252763E-01  5.52135229E-01  5.71352184E-01
  5.72685361E-01  5.81378281E-01  5.74898183E-01  5.77404320E-01  5.86697936E-01
  6.06068611E-01  6.31257057E-01  6.32737756E-01  5.92156351E-01  6.05979383E-01
  6.28007472E-01  6.70241952E-01  6.91009581E-01  7.22949803E-01  7.28643894E-01
  7.42085099E-01  7.68200755E-01  7.94704497E-01  8.03789079E-01  7.11570621E-01
  7.45919108E-01  8.00125241E-01  8.68223429E-01  9.27032471E-01  1.06031919E+00
  1.07101750E+00  1.09347379E+00  1.13583112E+00  1.17756081E+00  1.19065177E+00
  9.79232013E-01  1.06513405E+00  1.19204056E+00  1.35347259E+00  1.51668859E+00
  1.65110123E+00  1.74434471E+00  1.81550229E+00  1.83481836E+00  1.84830678E+00
  1.86219013E+00  1.86537719E+00  1.87929118E+00  1.98924696E+00  2.16314554E+00
  2.31367636E+00  2.44407582E+00  2.55746317E+00  2.65651512E+00  2.74206305E+00
  2.81682444E+00  2.88198018E+00  2.93802214E+00  2.98620820E+00  3.02725673E+00
  3.06169224E+00  3.08983588E+00  3.11268497E+00  3.15071344E+00
     2  'FLUX 67     '       2      64
  3.68896842E-01  3.71053606E-01  3.76517713E-01  3.91432762E-01  4.07680035E-01
  4.08789128E-01  4.16443974E-01  4.07759607E-01  4.10030574E-01  4.17962015E-01
  4.34377521E-01  4.55621749E-01  4.57101882E-01  4.25201356E-01  4.36071187E-01
  4.54219013E-01  4.88747180E-01  5.05470693E-01  5.26081622E-01  5.30968845E-01
  5.42593241E-01  5.65224171E-01  5.88327169E-01  5.96066952E-01  5.21678329E-01
  5.49092948E-01  5.93147218E-01  6.50178313E-01  6.99419737E-01  8.06127667E-01
  8.15779865E-01  8.36158931E-01  8.74741793E-01  9.12901640E-01  9.24559832E-01
  7.43279278E-01  8.15706015E-01  9.24896002E-01  1.06698620E+00  1.21235502E+00
  1.33156836E+00  1.41130686E+00  1.47225296E+00  1.48878694E+00  1.50021172E+00
  1.51200104E+00  1.51461720E+00  1.52656960E+00  1.62531900E+00  1.78104174E+00
  1.91440439E+00  2.02894354E+00  2.12783074E+00  2.21368122E+00  2.28749061E+00
  2.35172629E+00  2.40750957E+00  2.45536971E+00  2.49643874E+00  2.53137112E+00
  2.56065154E+00  2.58460665E+00  2.60410929E+00  2.63548732E+00
     2  'FLUX 68     '       2      64
  2.02342480E-01  2.03855306E-01  2.07884833E-01  2.18440846E-01  2.30271280E-01
  2.31056675E-01  2.36926228E-01  2.26307184E-01  2.28115678E-01  2.33897939E-01
  2.45788723E-01  2.61087716E-01  2.62452453E-01  2.42764980E-01  2.49548227E-01
  2.61882663E-01  2.85194755E-01  2.95858175E-01  3.01673114E-01  3.05268228E-01
  3.13871771E-01  3.30747396E-01  3.48182708E-01  3.53798896E-01  3.05796862E-01
  3.23146522E-01  3.52250427E-01  3.91868114E-01  4.25671846E-01  4.91431028E-01
  4.99010295E-01  5.15168011E-01  5.46003282E-01  5.76735675E-01  5.85729599E-01
  4.55830157E-01  5.06227970E-01  5.85192144E-01  6.91758633E-01  8.02241802E-01
  8.92040789E-01  9.49218988E-01  9.93180931E-01  1.00495851E+00  1.01316500E+00
  1.02151597E+00  1.02331209E+00  1.03187704E+00  1.10763800E+00  1.22572160E+00
  1.32507932E+00  1.40931737E+00  1.48131192E+00  1.54329789E+00  1.59627807E+00
  1.64215314E+00  1.68182623E+00  1.71577072E+00  1.74483597E+00  1.76952326E+00
  1.79020333E+00  1.80715394E+00  1.82101727E+00  1.84238327E+00
     2  'FLUX 69     '       2      64
  5.17401956E-02  5.23586236E-02  5.41975945E-02  5.86466044E-02  6.40543699E-02
  6.44010976E-02  6.72429353E-02  5.82406595E-02  5.91549017E-02  6.16578199E-02
  6.68369755E-02  7.35044330E-02  7.43831098E-02  6.92923069E-02  7.11781681E-02
  7.56146908E-02  8.40081125E-02  8.71062130E-02  7.99619183E-02  8.15193281E-02
  8.52330774E-02  9.27792937E-02  1.00918472E-01  1.03316940E-01  8.95180553E-02
  9.42576379E-02  1.03567168E-01  1.18086219E-01  1.29709959E-01  1.42056495E-01
  1.45621926E-01  1.53409809E-01  1.68733284E-01  1.84469387E-01  1.88636497E-01
  1.39948517E-01  1.57540947E-01  1.88053384E-01  2.33024001E-01  2.80579627E-01
  3.18607062E-01  3.41029257E-01  3.58621031E-01  3.63216162E-01  3.66350412E-01
  3.69489282E-01  3.70121956E-01  3.73480678E-01  4.07160133E-01  4.57120895E-01
  4.97402608E-01  5.30692756E-01  5.58659196E-01  5.82441628E-01  6.02616966E-01
  6.19985104E-01  6.34941280E-01  6.47709966E-01  6.58628702E-01  6.67898595E-01
  6.75670624E-01  6.82074308E-01  6.87379897E-01  6.94994271E-01
     2  'FUNSUR  1   '       2       4
  4.91315052E-02  5.08774258E-02  4.91315015E-02  5.08774221E-02
     2  'FUNSUR  2   '       2       4
  1.87957719E-01  1.92452893E-01  1.87957719E-01  1.92452893E-01
     2  'FUNSUR  3   '       2       4
  3.75136256E-01  3.80348057E-01  3.75136256E-01  3.80348057E-01
     2  'FUNSUR  4   '       2       4
  3.48442823E-01  3.50614160E-01  3.48442852E-01  3.50614160E-01
     2  'FUNSUR  5   '       2       4
  2.62898296E-01  2.61119932E-01  2.62898326E-01  2.61119962E-01
     2  'FUNSUR  6   '       2       4
  3.43122929E-01  3.40018660E-01  3.43122929E-01  3.40018660E-01
     2  'FUNSUR  7   '       2       4
  2.99654484E-01  2.97245622E-01  2.99654484E-01  2.97245681E-01
     2  'FUNSUR  8   '       2       4
  4.23558444E-01  4.20138836E-01  4.23558444E-01  4.20138896E-01
     2  'FUNSUR  9   '       2       4
  4.67096776E-01  4.63237107E-01  4.67096746E-01  4.63237196E-01
     2  'FUNSUR 10   '       2       4
  5.14302135E-01  5.10306776E-01  5.14302135E-01  5.10306835E-01
     2  'FUNSUR 11   '       2       4
  5.56001902E-01  5.52017152E-01  5.56001842E-01  5.52017212E-01
     2  'FUNSUR 12   '       2       4
  5.93518615E-01  5.89862823E-01  5.93518615E-01  5.89862883E-01
     2  'FUNSUR 13   '       2       4
  6.19323552E-01  6.16044283E-01  6.19323492E-01  6.16044402E-01
     2  'FUNSUR 14   '       2       4
  6.39517426E-01  6.36715770E-01  6.39517367E-01  6.36715829E-01
     2  'FUNSUR 15   '       2       4
  6.54206455E-01  6.51820958E-01  6.54206395E-01  6.51821077E-01
     2  'FUNSUR 16   '       2       4
  6.03162646E-01  6.01335227E-01  6.03162587E-01  6.01335347E-01
     2  'FUNSUR 17   '       2       4
  6.11369133E-01  6.09842420E-01  6.11369073E-01  6.09842479E-01
     2  'FUNSUR 18   '       2       4
  6.19384646E-01  6.18109584E-01  6.19384587E-01  6.18109643E-01
     2  'FUNSUR 19   '       2       4
  6.25201583E-01  6.24149919E-01  6.25201523E-01  6.24149978E-01
     2  'FUNSUR 20   '       2       4
  1.26247513E+00  1.26099420E+00  1.26247501E+00  1.26099432E+00
     2  'FUNSUR 21   '       2       4
  1.26843119E+00  1.26758111E+00  1.26843107E+00  1.26758134E+00
     2  'FUNSUR 22   '       2       4
  9.51132417E-01  9.50791717E-01  9.51132357E-01  9.50791895E-01
     2  'FUNSUR 23   '       2       4
  6.32918596E-01  6.32802606E-01  6.32918537E-01  6.32802665E-01
     2  'FUNSUR 24   '       2       4
  7.67936349E-01  7.67922819E-01  7.67936289E-01  7.67922938E-01
     2  'FUNSUR 25   '       2       4
  7.62675941E-01  7.62789249E-01  7.62675881E-01  7.62789309E-01
     2  'FUNSUR 26   '       2       4
  6.62832916E-01  6.62995696E-01  6.62832856E-01  6.62995815E-01
     2  'FUNSUR 27   '       2       4
  1.22892249E+00  1.22944379E+00  1.22892225E+00  1.22944391E+00
     2  'FUNSUR 28   '       2       4
  2.71203518E-01  2.71340072E-01  2.71203488E-01  2.71340072E-01
     2  'FUNSUR 29   '       2       4
  3.33796173E-01  3.33968043E-01  3.33796173E-01  3.33968133E-01
     2  'FUNSUR 30   '       2       4
  3.03772092E-01  3.03929508E-01  3.03772092E-01  3.03929508E-01
     2  'FUNSUR 31   '       2       4
  4.88704711E-01  4.88954335E-01  4.88704681E-01  4.88954425E-01
     2  'FUNSUR 32   '       2       4
  2.11803719E-01  2.11910740E-01  2.11803690E-01  2.11910769E-01
     2  'FUNSUR 33   '       2       4
  1.83996230E-01  1.84088513E-01  1.83996215E-01  1.84088528E-01
     2  'FUNSUR 34   '       2       4
  3.59719954E-02  3.59900296E-02  3.59719954E-02  3.59900333E-02
     2  'FUNSUR 35   '       2       4
  3.56151201E-02  3.56329754E-02  3.56151201E-02  3.56329829E-02
     2  'FUNSUR 36   '       2       4
  3.65859680E-02  3.66042778E-02  3.65859643E-02  3.66042852E-02
     2  'FUNSUR 37   '       2       4
  3.75784375E-02  3.75971794E-02  3.75784375E-02  3.75971869E-02
     2  'FUNSUR 38   '       2       4
  3.70767191E-02  3.70950960E-02  3.70767191E-02  3.70950997E-02
     2  'FUNSUR 39   '       2       4
  3.65460813E-02  3.65641005E-02  3.65460813E-02  3.65641043E-02
     2  'FUNSUR 40   '       2       4
  3.75446565E-02  3.75631265E-02  3.75446565E-02  3.75631303E-02
     2  'FUNSUR 41   '       2       4
  3.53449956E-02  3.53623070E-02  3.53449918E-02  3.53623107E-02
     2  'FUNSUR 42   '       2       4
  6.68879673E-02  6.69207349E-02  6.68879598E-02  6.69207424E-02
     2  'FUNSUR 43   '       2       4
  1.07314698E-01  1.07367113E-01  1.07314691E-01  1.07367128E-01
     2  'FUNSUR 44   '       2       4
  1.36607766E-01  1.36673376E-01  1.36607751E-01  1.36673391E-01
     2  'FUNSUR 45   '       2       4
  3.61854196E-01  3.62023175E-01  3.61854196E-01  3.62023205E-01
     2  'FUNSUR 46   '       2       4
  3.78702134E-01  3.78867745E-01  3.78702104E-01  3.78867805E-01
     2  'FUNSUR 47   '       2       4
  3.99717629E-01  3.99871349E-01  3.99717599E-01  3.99871409E-01
     2  'FUNSUR 48   '       2       4
  2.60208249E-01  2.60289520E-01  2.60208219E-01  2.60289550E-01
     2  'FUNSUR 49   '       2       4
  1.90581188E-01  1.90628767E-01  1.90581173E-01  1.90628797E-01
     2  'FUNSUR 50   '       2       4
  1.49385080E-01  1.49415866E-01  1.49385065E-01  1.49415895E-01
     2  'FUNSUR 51   '       2       4
  1.75876111E-01  1.75907299E-01  1.75876111E-01  1.75907329E-01
     2  'FUNSUR 52   '       2       4
  3.43710810E-01  3.43768597E-01  3.43710780E-01  3.43768626E-01
     2  'FUNSUR 53   '       2       4
  5.18372238E-01  5.18484533E-01  5.18372238E-01  5.18484592E-01
     2  'FUNSUR 54   '       2       4
  1.29450846E+00  1.29497814E+00  1.29450846E+00  1.29497826E+00
     2  'FUNSUR 55   '       2       4
  2.96154618E+00  2.96323085E+00  2.96154642E+00  2.96323109E+00
     2  'FUNSUR 56   '       2       4
  7.03729963E+00  7.04251862E+00  7.03729963E+00  7.04251909E+00
     2  'FUNSUR 57   '       2       4
  6.42876387E+00  6.43403673E+00  6.42876387E+00  6.43403721E+00
     2  'FUNSUR 58   '       2       4
  5.73540020E+00  5.74026251E+00  5.73539972E+00  5.74026299E+00
     2  'FUNSUR 59   '       2       4
  4.78127193E+00  4.78534222E+00  4.78127193E+00  4.78534222E+00
     2  'FUNSUR 60   '       2       4
  4.80108452E+00  4.80513525E+00  4.80108452E+00  4.80513525E+00
     2  'FUNSUR 61   '       2       4
  5.28156805E+00  5.28594828E+00  5.28156805E+00  5.28594875E+00
     2  'FUNSUR 62   '       2       4
  4.92645693E+00  4.93041992E+00  4.92645741E+00  4.93042040E+00
     2  'FUNSUR 63   '       2       4
  3.59822726E+00  3.60099864E+00  3.59822702E+00  3.60099864E+00
     2  'FUNSUR 64   '       2       4
  3.56705379E+00  3.56966567E+00  3.56705379E+00  3.56966615E+00
     2  'FUNSUR 65   '       2       4
  3.42475390E+00  3.42710304E+00  3.42475390E+00  3.42710328E+00
     2  'FUNSUR 66   '       2       4
  3.12905574E+00  3.13102508E+00  3.12905598E+00  3.13102531E+00
     2  'FUNSUR 67   '       2       4
  2.61889911E+00  2.62036872E+00  2.61889935E+00  2.62036920E+00
     2  'FUNSUR 68   '       2       4
  1.83215594E+00  1.83302832E+00  1.83215606E+00  1.83302879E+00
     2  'FUNSUR 69   '       2       4
  6.92014992E-01  6.92248464E-01  6.92015052E-01  6.92248523E-01
     2  '1/EIGENVALUE'       2       1
  1.12271976E+00
     1  'K-EFFECTIVE '       2       1
  1.12271976E+00
     1  'K-INFINITY  '       2       1
  1.12271976E+00
     1  'EPS-CONVERGE'       2       5
  4.99999987E-05  9.99999975E-06  4.99999987E-05  1.00000000E+01  1.00000000E+02
     1  'STATE-VECTOR'       1      40
       -99         0         3         3         1       138       127         0
        69        64         0         1         0         0         0         0
         0         0         0         0         0         0         0         0
         0         0         0         0         0         0         0         0
         0         0         0         0         0         0         0         0
