     1  'SIGNATURE   '       3      12
L_FLUX      
     1  'FLUXDIRECT  '       0      -1
     2  'FLUX  1     '       2      64
  3.87200236E-01  3.86067420E-01  3.85388583E-01  3.75967681E-01  3.66219968E-01
  3.65740567E-01  3.61560166E-01  3.81364524E-01  3.83665174E-01  3.81931275E-01
  3.73229384E-01  3.59178334E-01  3.57315928E-01  3.54908824E-01  3.55671197E-01
  3.60955566E-01  3.39102536E-01  3.45998079E-01  3.83268237E-01  3.80267620E-01
  3.73967975E-01  3.59045208E-01  3.41732085E-01  3.36660385E-01  3.44842285E-01
  3.40121478E-01  3.24344039E-01  3.13413143E-01  3.17450851E-01  3.43511403E-01
  3.40171158E-01  3.31659049E-01  3.13303024E-01  2.93727458E-01  2.86501348E-01
  3.14565718E-01  3.01194519E-01  2.81533092E-01  2.50612587E-01  2.21629262E-01
  1.95974901E-01  1.77969635E-01  1.65321633E-01  1.59802422E-01  1.54816985E-01
  1.48330733E-01  1.44927219E-01  1.39011025E-01  1.26125395E-01  1.09207205E-01
  9.61640999E-02  8.56947377E-02  7.71203861E-02  6.98900223E-02  6.41848519E-02
  5.93951084E-02  5.53552918E-02  5.21433800E-02  4.95478064E-02  4.74838726E-02
  4.59000133E-02  4.48739007E-02  4.42970879E-02  4.16256227E-02
     2  'FLUX  2     '       2      64
  1.69183767E+00  1.68786216E+00  1.68379128E+00  1.64379132E+00  1.60131598E+00
  1.59909439E+00  1.58052993E+00  1.66692698E+00  1.67484081E+00  1.66637731E+00
  1.62880981E+00  1.56943822E+00  1.56108201E+00  1.55330110E+00  1.55527341E+00
  1.57310677E+00  1.48278904E+00  1.50867510E+00  1.66189110E+00  1.64949811E+00
  1.62310374E+00  1.56116140E+00  1.48950434E+00  1.46827900E+00  1.50427079E+00
  1.48604691E+00  1.42197537E+00  1.37146962E+00  1.38031316E+00  1.48273194E+00
  1.46824753E+00  1.43198371E+00  1.35434699E+00  1.27188742E+00  1.24145365E+00
  1.36549890E+00  1.30934525E+00  1.22197723E+00  1.08476400E+00  9.56561148E-01
  8.46144021E-01  7.68127263E-01  7.12225258E-01  6.89130187E-01  6.68312132E-01
  6.41477048E-01  6.28093302E-01  6.03941977E-01  5.45717835E-01  4.68743950E-01
  4.09252167E-01  3.61504346E-01  3.22439313E-01  2.89600730E-01  2.63500661E-01
  2.41600141E-01  2.23149702E-01  2.08367780E-01  1.96361870E-01  1.86753586E-01
  1.79311752E-01  1.74306273E-01  1.71307266E-01  1.58875570E-01
     2  'FLUX  3     '       2      64
  3.58719373E+00  3.57702136E+00  3.56449676E+00  3.48430085E+00  3.39810991E+00
  3.39355087E+00  3.35259914E+00  3.52417517E+00  3.53665018E+00  3.51781034E+00
  3.44163442E+00  3.32534528E+00  3.30835223E+00  3.29847074E+00  3.29907060E+00
  3.32599664E+00  3.14508629E+00  3.18695831E+00  3.47856283E+00  3.45407844E+00
  3.40146279E+00  3.27965069E+00  3.14139056E+00  3.09907484E+00  3.17687917E+00
  3.13979578E+00  3.01223493E+00  2.90117311E+00  2.90339303E+00  3.08265734E+00
  3.05393434E+00  2.98228526E+00  2.83022404E+00  2.67100120E+00  2.61165357E+00
  2.86595392E+00  2.75073695E+00  2.57110763E+00  2.29146242E+00  2.03078461E+00
  1.81091094E+00  1.65071189E+00  1.53035378E+00  1.48161674E+00  1.43874562E+00
  1.38530326E+00  1.36009383E+00  1.31363451E+00  1.18393147E+00  1.01305628E+00
  8.80932748E-01  7.74812102E-01  6.87956512E-01  6.15055025E-01  5.56751192E-01
  5.07815421E-01  4.66596067E-01  4.33361918E-01  4.06250477E-01  3.84432375E-01
  3.67390037E-01  3.55583608E-01  3.48132402E-01  3.20137233E-01
     2  'FLUX  4     '       2      64
  3.87174487E+00  3.86827564E+00  3.85283852E+00  3.77331829E+00  3.68529797E+00
  3.68048310E+00  3.63152003E+00  3.81140471E+00  3.82101107E+00  3.80089664E+00
  3.72292638E+00  3.60826349E+00  3.58951354E+00  3.57627726E+00  3.57311344E+00
  3.59290361E+00  3.40689182E+00  3.44538713E+00  3.74277329E+00  3.71847463E+00
  3.66486883E+00  3.54195356E+00  3.40530205E+00  3.36160898E+00  3.43776774E+00
  3.40372443E+00  3.27444744E+00  3.15068626E+00  3.13855219E+00  3.31721187E+00
  3.28695321E+00  3.21216059E+00  3.05453730E+00  2.89172745E+00  2.82990956E+00
  3.09680223E+00  2.98079824E+00  2.78426170E+00  2.47972536E+00  2.20299149E+00
  1.98299611E+00  1.80715346E+00  1.66351187E+00  1.60787034E+00  1.56192076E+00
  1.50612915E+00  1.48179889E+00  1.43537188E+00  1.27508426E+00  1.07486522E+00
  9.23175931E-01  8.02673161E-01  7.04885423E-01  6.23524070E-01  5.58524311E-01
  5.04249096E-01  4.58759934E-01  4.22040462E-01  3.92082632E-01  3.67937386E-01
  3.49001706E-01  3.35611939E-01  3.26879948E-01  2.96731651E-01
     2  'FLUX  5     '       2      64
  3.76486325E+00  3.76401806E+00  3.74438524E+00  3.67270184E+00  3.59161353E+00
  3.58669639E+00  3.53762293E+00  3.69705224E+00  3.69657183E+00  3.67193198E+00
  3.59977603E+00  3.50119448E+00  3.48377705E+00  3.49257922E+00  3.48094368E+00
  3.47154164E+00  3.31650805E+00  3.32784867E+00  3.54508185E+00  3.52412200E+00
  3.47745395E+00  3.37563729E+00  3.26568007E+00  3.22879720E+00  3.31721020E+00
  3.28519726E+00  3.17493343E+00  3.04188848E+00  2.98968363E+00  3.07189178E+00
  3.04439998E+00  2.98004627E+00  2.84844804E+00  2.71546626E+00  2.66530609E+00
  2.93432403E+00  2.82299137E+00  2.62890148E+00  2.33798385E+00  2.07789564E+00
  1.88420486E+00  1.72066224E+00  1.58300447E+00  1.53494656E+00  1.49734461E+00
  1.45381963E+00  1.43722248E+00  1.40035951E+00  1.23424423E+00  1.02691996E+00
  8.70033085E-01  7.45982766E-01  6.45935595E-01  5.63592672E-01  4.97591227E-01
  4.42885578E-01  3.97408515E-01  3.60551029E-01  3.30448896E-01  3.06092918E-01
  2.86797762E-01  2.72508502E-01  2.62387663E-01  2.34820396E-01
     2  'FLUX  6     '       2      64
  4.28748560E+00  4.28067970E+00  4.25464725E+00  4.18416929E+00  4.10352612E+00
  4.09766293E+00  4.05125284E+00  4.17179298E+00  4.16648006E+00  4.13928270E+00
  4.06925249E+00  3.97829032E+00  3.96337080E+00  4.00769567E+00  3.98291326E+00
  3.95574379E+00  3.80396175E+00  3.78595996E+00  3.90585399E+00  3.88621449E+00
  3.84343982E+00  3.75301313E+00  3.65917397E+00  3.62495399E+00  3.75921011E+00
  3.70739222E+00  3.58516383E+00  3.43769598E+00  3.35458541E+00  3.30798078E+00
  3.28487420E+00  3.23128200E+00  3.12465453E+00  3.01951790E+00  2.97803330E+00
  3.27514505E+00  3.14142489E+00  2.94049597E+00  2.66593432E+00  2.41983914E+00
  2.22293663E+00  2.02771378E+00  1.86633515E+00  1.81792533E+00  1.78200412E+00
  1.74249983E+00  1.72998321E+00  1.69151103E+00  1.50766432E+00  1.28021932E+00
  1.10144484E+00  9.56177235E-01  8.36458623E-01  7.36289561E-01  6.54534101E-01
  5.85945308E-01  5.28341532E-01  4.81085360E-01  4.42111969E-01  4.10273492E-01
  3.84773523E-01  3.65485668E-01  3.51340443E-01  3.15798283E-01
     2  'FLUX  7     '       2      64
  3.16320014E+00  3.16051912E+00  3.14897418E+00  3.11772871E+00  3.08375645E+00
  3.08093143E+00  3.06320119E+00  3.08236098E+00  3.07925367E+00  3.06528234E+00
  3.03314161E+00  2.99216533E+00  2.98820019E+00  3.04288888E+00  3.02122426E+00
  2.99256206E+00  2.91626167E+00  2.89016843E+00  2.86840010E+00  2.85915685E+00
  2.83857656E+00  2.79756498E+00  2.75683808E+00  2.74094701E+00  2.86291528E+00
  2.81658554E+00  2.73519945E+00  2.63841724E+00  2.56542563E+00  2.42760777E+00
  2.41454673E+00  2.38665533E+00  2.33350420E+00  2.28170896E+00  2.26172161E+00
  2.50150776E+00  2.39800191E+00  2.24784565E+00  2.05956173E+00  1.88634777E+00
  1.74618244E+00  1.61485171E+00  1.51187646E+00  1.48428011E+00  1.46463108E+00
  1.44392931E+00  1.43878150E+00  1.41592324E+00  1.29106474E+00  1.11869383E+00
  9.75121856E-01  8.54705989E-01  7.53270030E-01  6.67232215E-01  5.95712245E-01
  5.35165548E-01  4.83985662E-01  4.41526949E-01  4.06228542E-01  3.77148837E-01
  3.53595406E-01  3.35245579E-01  3.21078122E-01  2.91234791E-01
     2  'FLUX  8     '       2      64
  3.51919723E+00  3.51565838E+00  3.50480318E+00  3.47640872E+00  3.44592905E+00
  3.44329739E+00  3.43232274E+00  3.41681957E+00  3.41369057E+00  3.40060163E+00
  3.37217593E+00  3.33548117E+00  3.33471870E+00  3.41330504E+00  3.38490009E+00
  3.34889412E+00  3.27577877E+00  3.23712325E+00  3.14594054E+00  3.13801765E+00
  3.12081742E+00  3.08755374E+00  3.05558038E+00  3.04237962E+00  3.19871330E+00
  3.13732481E+00  3.04574347E+00  2.94447923E+00  2.85848165E+00  2.63972878E+00
  2.62941408E+00  2.60822558E+00  2.56917334E+00  2.53168821E+00  2.51719427E+00
  2.78323150E+00  2.66392565E+00  2.50584364E+00  2.32525992E+00  2.15763211E+00
  2.01467657E+00  1.87909245E+00  1.77679443E+00  1.75099599E+00  1.73307753E+00
  1.71459305E+00  1.71089053E+00  1.68934858E+00  1.57411921E+00  1.40129340E+00
  1.24751627E+00  1.11289418E+00  9.95673060E-01  8.93532336E-01  8.06597471E-01
  7.31557906E-01  6.67041898E-01  6.12690687E-01  5.66894829E-01  5.28709173E-01
  4.97431964E-01  4.72803175E-01  4.53638077E-01  4.13330764E-01
     2  'FLUX  9     '       2      64
  2.78120112E+00  2.77936363E+00  2.77599502E+00  2.76570702E+00  2.75591421E+00
  2.75499439E+00  2.75778294E+00  2.70436907E+00  2.70424557E+00  2.69939804E+00
  2.68901300E+00  2.67434406E+00  2.67804146E+00  2.74869347E+00  2.72572827E+00
  2.69887686E+00  2.65877056E+00  2.62624121E+00  2.49936485E+00  2.49623513E+00
  2.48931026E+00  2.47674489E+00  2.46609092E+00  2.46068978E+00  2.59293342E+00
  2.54053450E+00  2.47183704E+00  2.40453815E+00  2.34035730E+00  2.12938476E+00
  2.12431049E+00  2.11486530E+00  2.09874249E+00  2.08343029E+00  2.07754350E+00
  2.28441644E+00  2.19212770E+00  2.07444024E+00  1.95228863E+00  1.83731651E+00
  1.73278475E+00  1.63366020E+00  1.56254637E+00  1.54583061E+00  1.53442025E+00
  1.52320623E+00  1.52164590E+00  1.50785398E+00  1.43739009E+00  1.31655538E+00
  1.19940615E+00  1.09141946E+00  9.93695557E-01  9.05858576E-01  8.29131842E-01
  7.61452615E-01  7.02150524E-01  6.51374757E-01  6.07985854E-01  5.71359575E-01
  5.41035831E-01  5.16966581E-01  4.98133272E-01  4.57433105E-01
     2  'FLUX 10     '       2      64
  2.27650809E+00  2.27515483E+00  2.27509928E+00  2.27335501E+00  2.27305937E+00
  2.27298641E+00  2.28075933E+00  2.21864796E+00  2.21974659E+00  2.21886158E+00
  2.21705842E+00  2.21309090E+00  2.21810031E+00  2.27670693E+00  2.25894976E+00
  2.23907328E+00  2.21703601E+00  2.19081354E+00  2.06518078E+00  2.06441402E+00
  2.06246591E+00  2.05968833E+00  2.05882382E+00  2.05720544E+00  2.16365719E+00
  2.12120867E+00  2.06995916E+00  2.02421594E+00  1.97655094E+00  1.79503930E+00
  1.79270065E+00  1.78907657E+00  1.78395200E+00  1.77921200E+00  1.77749431E+00
  1.93523788E+00  1.86509073E+00  1.77789915E+00  1.69383752E+00  1.61377633E+00
  1.53749490E+00  1.46627712E+00  1.41766548E+00  1.40697026E+00  1.40004230E+00
  1.39344752E+00  1.39325213E+00  1.38465297E+00  1.34181607E+00  1.25621474E+00
  1.16634345E+00  1.07951236E+00  9.98137593E-01  9.22930062E-01  8.55640233E-01
  7.95113504E-01  7.41169274E-01  6.94281936E-01  6.53696120E-01  6.19044542E-01
  5.90061247E-01  5.66838622E-01  5.48490524E-01  5.08545935E-01
     2  'FLUX 11     '       2      64
  1.89515185E+00  1.89406383E+00  1.89508402E+00  1.89646888E+00  1.89937139E+00
  1.89961505E+00  1.90782416E+00  1.85233903E+00  1.85369849E+00  1.85433364E+00
  1.85573828E+00  1.85602725E+00  1.86069548E+00  1.90608346E+00  1.89289713E+00
  1.87853432E+00  1.86596131E+00  1.84597707E+00  1.74002182E+00  1.74020100E+00
  1.74026155E+00  1.74122107E+00  1.74380898E+00  1.74372602E+00  1.82513607E+00
  1.79253149E+00  1.75490618E+00  1.72350538E+00  1.68897820E+00  1.54583097E+00
  1.54481888E+00  1.54377306E+00  1.54321849E+00  1.54282403E+00  1.54281366E+00
  1.65925729E+00  1.60756040E+00  1.54421079E+00  1.48632908E+00  1.43095374E+00
  1.37629676E+00  1.32579648E+00  1.29285538E+00  1.28609347E+00  1.28199553E+00
  1.27828372E+00  1.27875566E+00  1.27352726E+00  1.24832594E+00  1.18881035E+00
  1.12144291E+00  1.05343282E+00  9.87582862E-01  9.25116122E-01  8.67959380E-01
  8.15596223E-01  7.68175364E-01  7.26375163E-01  6.89754248E-01  6.58154547E-01
  6.31472111E-01  6.09910727E-01  5.92723787E-01  5.54930687E-01
     2  'FLUX 12     '       2      64
  1.59707010E+00  1.59606254E+00  1.59769762E+00  1.60109150E+00  1.60600197E+00
  1.60642874E+00  1.61427379E+00  1.56684208E+00  1.56827712E+00  1.56985927E+00
  1.57329655E+00  1.57641780E+00  1.58054650E+00  1.61410141E+00  1.60486078E+00
  1.59512901E+00  1.58956170E+00  1.57477033E+00  1.48903942E+00  1.48980665E+00
  1.49114001E+00  1.49445212E+00  1.49910760E+00  1.49999070E+00  1.55932558E+00
  1.53535843E+00  1.50942028E+00  1.48941350E+00  1.46547127E+00  1.35659134E+00
  1.35645795E+00  1.35705745E+00  1.35932422E+00  1.36162639E+00  1.36263549E+00
  1.44475102E+00  1.40819454E+00  1.36462069E+00  1.32712018E+00  1.29038215E+00
  1.25243092E+00  1.21842110E+00  1.19735456E+00  1.19347668E+00  1.19128370E+00
  1.18955064E+00  1.19034278E+00  1.18759167E+00  1.17380500E+00  1.13273120E+00
  1.08251882E+00  1.02960753E+00  9.76749778E-01  9.25363362E-01  8.77322435E-01
  8.32547128E-01  7.91391850E-01  7.54623532E-01  7.22041011E-01  6.93639755E-01
  6.69435203E-01  6.49686575E-01  6.33763015E-01  5.98877668E-01
     2  'FLUX 13     '       2      64
  1.35273623E+00  1.35200083E+00  1.35371530E+00  1.35780811E+00  1.36318207E+00
  1.36368692E+00  1.37022448E+00  1.33281565E+00  1.33411849E+00  1.33604574E+00
  1.34015560E+00  1.34449565E+00  1.34782767E+00  1.37085795E+00  1.36480284E+00
  1.35869038E+00  1.35731673E+00  1.34710729E+00  1.28257608E+00  1.28356206E+00
  1.28539681E+00  1.28953028E+00  1.29476368E+00  1.29606521E+00  1.33646369E+00
  1.31996787E+00  1.30321002E+00  1.29151011E+00  1.27605057E+00  1.19836926E+00
  1.19872594E+00  1.20011568E+00  1.20359540E+00  1.20708382E+00  1.20851791E+00
  1.26261854E+00  1.23841190E+00  1.21033239E+00  1.18794692E+00  1.16569722E+00
  1.14094627E+00  1.11796629E+00  1.10414183E+00  1.10198724E+00  1.10099542E+00
  1.10050189E+00  1.10147119E+00  1.10014296E+00  1.09289432E+00  1.06550443E+00
  1.02934444E+00  9.89594638E-01  9.48651314E-01  9.07883465E-01  8.68969560E-01
  8.32092226E-01  7.97705591E-01  7.66587377E-01  7.38708138E-01  7.14171112E-01
  6.93075776E-01  6.75714493E-01  6.61579192E-01  6.30570114E-01
     2  'FLUX 14     '       2      64
  1.16355193E+00  1.16266966E+00  1.16432750E+00  1.16814578E+00  1.17310679E+00
  1.17351222E+00  1.17907870E+00  1.15078139E+00  1.15188396E+00  1.15367889E+00
  1.15760922E+00  1.16178107E+00  1.16436100E+00  1.18013573E+00  1.17643976E+00
  1.17287803E+00  1.17413116E+00  1.16723084E+00  1.11976624E+00  1.12074757E+00
  1.12262440E+00  1.12671173E+00  1.13147128E+00  1.13280225E+00  1.15993631E+00
  1.14886606E+00  1.13865924E+00  1.13256729E+00  1.12291574E+00  1.06797767E+00
  1.06848633E+00  1.07006931E+00  1.07368028E+00  1.07717514E+00  1.07863212E+00
  1.11433017E+00  1.09851694E+00  1.08094835E+00  1.06814992E+00  1.05397117E+00
  1.03741813E+00  1.02567148E+00  1.02049589E+00  1.02001333E+00  1.02004349E+00
  1.02037215E+00  1.02124500E+00  1.02135241E+00  1.02146149E+00  1.00522351E+00
  9.80285227E-01  9.51217592E-01  9.20156538E-01  8.88397872E-01  8.57403576E-01
  8.27525079E-01  7.99260676E-01  7.73351014E-01  7.49885857E-01  7.29035854E-01
  7.10954845E-01  6.95939720E-01  6.83589458E-01  6.56619847E-01
     2  'FLUX 15     '       2      64
  1.03274739E+00  1.03204024E+00  1.03349006E+00  1.03711128E+00  1.04159224E+00
  1.04205132E+00  1.04653847E+00  1.02478337E+00  1.02572274E+00  1.02748704E+00
  1.03122079E+00  1.03535855E+00  1.03739703E+00  1.04769111E+00  1.04555869E+00
  1.04370785E+00  1.04605353E+00  1.04162765E+00  1.00688350E+00  1.00784266E+00
  1.00968528E+00  1.01356912E+00  1.01798511E+00  1.01937580E+00  1.03690445E+00
  1.02968550E+00  1.02371490E+00  1.02116561E+00  1.01566708E+00  9.77586329E-01
  9.78254437E-01  9.79968667E-01  9.83627498E-01  9.87191439E-01  9.88701284E-01
  1.01067173E+00  1.00088453E+00  9.90644693E-01  9.84585583E-01  9.77308333E-01
  9.66940045E-01  9.59399760E-01  9.56857443E-01  9.57045317E-01  9.57472801E-01
  9.58177745E-01  9.58956897E-01  9.59384024E-01  9.61970627E-01  9.52614903E-01
  9.35622990E-01  9.14608777E-01  8.91327560E-01  8.66904676E-01  8.42558980E-01
  8.18704963E-01  7.95829475E-01  7.74604797E-01  7.55186558E-01  7.37778544E-01
  7.22560823E-01  7.09821820E-01  6.99253500E-01  6.76205873E-01
     2  'FLUX 16     '       2      64
  8.51315498E-01  8.50768149E-01  8.51934016E-01  8.54946494E-01  8.58635306E-01
  8.58994246E-01  8.62195075E-01  8.47231567E-01  8.47942948E-01  8.49403322E-01
  8.52510810E-01  8.56070995E-01  8.57498586E-01  8.63269448E-01  8.62307072E-01
  8.61639261E-01  8.64416778E-01  8.61883402E-01  8.39127481E-01  8.39933097E-01
  8.41508687E-01  8.44793439E-01  8.48456800E-01  8.49630594E-01  8.59199405E-01
  8.55181694E-01  8.52571011E-01  8.52399766E-01  8.49881172E-01  8.26487720E-01
  8.27125549E-01  8.28673899E-01  8.31879079E-01  8.35020840E-01  8.36303532E-01
  8.47466350E-01  8.42441380E-01  8.37831497E-01  8.36384416E-01  8.33680689E-01
  8.28525186E-01  8.25480461E-01  8.25248539E-01  8.25756669E-01  8.26332808E-01
  8.27144980E-01  8.27804506E-01  8.28581274E-01  8.31835032E-01  8.27054381E-01
  8.16423416E-01  8.02477479E-01  7.86491930E-01  7.69321799E-01  7.51873195E-01
  7.34524786E-01  7.17683434E-01  7.01887667E-01  6.87304735E-01  6.74127460E-01
  6.62525654E-01  6.52744174E-01  6.44568205E-01  6.26767159E-01
     2  'FLUX 17     '       2      64
  7.63206065E-01  7.62284458E-01  7.63447523E-01  7.66285479E-01  7.69584954E-01
  7.69997835E-01  7.73571014E-01  7.61393785E-01  7.62065768E-01  7.63481200E-01
  7.66495585E-01  7.69705415E-01  7.70988703E-01  7.74969161E-01  7.74924099E-01
  7.75247097E-01  7.79415309E-01  7.77989268E-01  7.60275245E-01  7.61106372E-01
  7.62726128E-01  7.66006172E-01  7.69272685E-01  7.70608008E-01  7.76288748E-01
  7.73993075E-01  7.73875535E-01  7.76044011E-01  7.75571227E-01  7.59056687E-01
  7.59749115E-01  7.61364102E-01  7.64572382E-01  7.67473161E-01  7.68874884E-01
  7.74734616E-01  7.72363305E-01  7.71447778E-01  7.73388684E-01  7.72707701E-01
  7.68286884E-01  7.69270837E-01  7.73934543E-01  7.75473237E-01  7.76553035E-01
  7.77628720E-01  7.77909935E-01  7.79099822E-01  7.88640618E-01  7.90225625E-01
  7.85232544E-01  7.76580036E-01  7.65577793E-01  7.53086567E-01  7.39905179E-01
  7.26468623E-01  7.13176429E-01  7.00515032E-01  6.88682675E-01  6.77881956E-01
  6.68288291E-01  6.60129666E-01  6.53247774E-01  6.38306677E-01
     2  'FLUX 18     '       2      64
  7.34158993E-01  7.33909011E-01  7.34922290E-01  7.37900436E-01  7.41506755E-01
  7.41749167E-01  7.43664801E-01  7.34391451E-01  7.34927535E-01  7.36316204E-01
  7.39328027E-01  7.43146002E-01  7.44015098E-01  7.44826972E-01  7.45054841E-01
  7.45722234E-01  7.49498308E-01  7.48848677E-01  7.37144172E-01  7.37918258E-01
  7.39487648E-01  7.42734015E-01  7.46388793E-01  7.47453809E-01  7.48333395E-01
  7.47717977E-01  7.48830199E-01  7.51552343E-01  7.52321362E-01  7.43633866E-01
  7.44370818E-01  7.46043861E-01  7.49405146E-01  7.52838671E-01  7.54019618E-01
  7.52795398E-01  7.53100097E-01  7.54859984E-01  7.59128690E-01  7.62333870E-01
  7.63896763E-01  7.65523493E-01  7.67080903E-01  7.67865241E-01  7.68665373E-01
  7.69772649E-01  7.70618021E-01  7.71985650E-01  7.74379194E-01  7.73667157E-01
  7.69248068E-01  7.62296259E-01  7.53560424E-01  7.43610263E-01  7.33031332E-01
  7.22163379E-01  7.11330771E-01  7.00936973E-01  6.91160500E-01  6.82183623E-01
  6.74166620E-01  6.67311966E-01  6.61499202E-01  6.48889482E-01
     2  'FLUX 19     '       2      64
  6.81092918E-01  6.80662155E-01  6.81692362E-01  6.84768260E-01  6.88356578E-01
  6.88579977E-01  6.90749288E-01  6.82622433E-01  6.83131874E-01  6.84561074E-01
  6.87702894E-01  6.91609740E-01  6.92385256E-01  6.92174613E-01  6.92843378E-01
  6.94099069E-01  6.98915184E-01  6.98791981E-01  6.89406633E-01  6.90239429E-01
  6.91941977E-01  6.95412040E-01  6.99101567E-01  7.00276613E-01  6.98839128E-01
  6.99223161E-01  7.01825440E-01  7.06054866E-01  7.08059847E-01  7.03015447E-01
  7.03839600E-01  7.05680430E-01  7.09321201E-01  7.12890089E-01  7.14173496E-01
  7.09506989E-01  7.11475730E-01  7.15546429E-01  7.22209513E-01  7.27019429E-01
  7.28881598E-01  7.31917858E-01  7.35607207E-01  7.37029374E-01  7.38182962E-01
  7.39582181E-01  7.40303755E-01  7.41679907E-01  7.46973455E-01  7.49739170E-01
  7.48502433E-01  7.44663358E-01  7.38974154E-01  7.31988013E-01  7.24204779E-01
  7.15974569E-01  7.07598031E-01  6.99426293E-01  6.91642225E-01  6.84420526E-01
  6.77914023E-01  6.72303796E-01  6.67504847E-01  6.57118499E-01
     2  'FLUX 20     '       2      64
  1.23106599E+00  1.23019612E+00  1.23234820E+00  1.23880744E+00  1.24618542E+00
  1.24669564E+00  1.25098479E+00  1.23794353E+00  1.23891437E+00  1.24188495E+00
  1.24846625E+00  1.25668585E+00  1.25804329E+00  1.25429964E+00  1.25679660E+00
  1.26053762E+00  1.27219820E+00  1.27350569E+00  1.26158118E+00  1.26335251E+00
  1.26700926E+00  1.27441061E+00  1.28206313E+00  1.28468978E+00  1.27522123E+00
  1.27864671E+00  1.28750408E+00  1.29931331E+00  1.30635059E+00  1.30679536E+00
  1.30864775E+00  1.31270826E+00  1.32061934E+00  1.32828891E+00  1.33114254E+00
  1.31181121E+00  1.32025635E+00  1.33433723E+00  1.35354412E+00  1.36844957E+00
  1.37670469E+00  1.38706481E+00  1.39755559E+00  1.40102458E+00  1.40366328E+00
  1.40665209E+00  1.40785873E+00  1.41078770E+00  1.42478299E+00  1.43638921E+00
  1.44073570E+00  1.44026232E+00  1.43624151E+00  1.42962205E+00  1.42113996E+00
  1.41146982E+00  1.40112305E+00  1.39064705E+00  1.38039386E+00  1.37067699E+00
  1.36176670E+00  1.35395586E+00  1.34716344E+00  1.33254302E+00
     2  'FLUX 21     '       2      64
  1.10994148E+00  1.10842180E+00  1.11038482E+00  1.11612916E+00  1.12245321E+00
  1.12300289E+00  1.12733233E+00  1.11871743E+00  1.11960101E+00  1.12235785E+00
  1.12838805E+00  1.13555229E+00  1.13662004E+00  1.13070929E+00  1.13433456E+00
  1.13919163E+00  1.15159118E+00  1.15414035E+00  1.14967930E+00  1.15136957E+00
  1.15485454E+00  1.16174197E+00  1.16831541E+00  1.17092800E+00  1.15696526E+00
  1.16236985E+00  1.17388332E+00  1.18785965E+00  1.19707489E+00  1.20660317E+00
  1.20842981E+00  1.21233916E+00  1.21972179E+00  1.22652876E+00  1.22930872E+00
  1.20411456E+00  1.21543336E+00  1.23368549E+00  1.25611985E+00  1.27231443E+00
  1.28029859E+00  1.29533839E+00  1.31195593E+00  1.31673753E+00  1.31987453E+00
  1.32296765E+00  1.32347822E+00  1.32643223E+00  1.34805775E+00  1.36759818E+00
  1.37934399E+00  1.38620186E+00  1.38944924E+00  1.38999248E+00  1.38836753E+00
  1.38525844E+00  1.38110745E+00  1.37631810E+00  1.37123311E+00  1.36612821E+00
  1.36123693E+00  1.35677898E+00  1.35275674E+00  1.34423387E+00
     2  'FLUX 22     '       2      64
  7.42426038E-01  7.41452396E-01  7.43254006E-01  7.49407172E-01  7.56293416E-01
  7.56750047E-01  7.59983361E-01  7.51410067E-01  7.52207994E-01  7.55082726E-01
  7.61404991E-01  7.69576550E-01  7.70490229E-01  7.63181984E-01  7.66567051E-01
  7.71344364E-01  7.83214271E-01  7.85719037E-01  7.82500207E-01  7.84221172E-01
  7.87839770E-01  7.95091987E-01  8.02594900E-01  8.05107594E-01  7.89014697E-01
  7.95001090E-01  8.06647122E-01  8.20524812E-01  8.30057859E-01  8.42363775E-01
  8.44384015E-01  8.48675132E-01  8.56900811E-01  8.64962697E-01  8.67786944E-01
  8.37665021E-01  8.50437343E-01  8.70279253E-01  8.94787431E-01  9.15298998E-01
  9.29319322E-01  9.42188680E-01  9.52686429E-01  9.55919743E-01  9.58359063E-01
  9.61117268E-01  9.62101758E-01  9.64856088E-01  9.77141261E-01  9.92235780E-01
  1.00324321E+00  1.01117456E+00  1.01666534E+00  1.02024233E+00  1.02215564E+00
  1.02288198E+00  1.02269948E+00  1.02182913E+00  1.02051115E+00  1.01892722E+00
  1.01722789E+00  1.01553833E+00  1.01389718E+00  1.01053452E+00
     2  'FLUX 23     '       2      64
  4.88185525E-01  4.87748802E-01  4.88787949E-01  4.92316484E-01  4.96199816E-01
  4.96461213E-01  4.98144865E-01  4.94738400E-01  4.95160073E-01  4.96793658E-01
  5.00393808E-01  5.05073309E-01  5.05478084E-01  5.00078201E-01  5.02356172E-01
  5.05452454E-01  5.12745440E-01  5.14748454E-01  5.15668273E-01  5.16657412E-01
  5.18742323E-01  5.22895396E-01  5.27127326E-01  5.28597534E-01  5.17197847E-01
  5.21493733E-01  5.29220045E-01  5.38084686E-01  5.44485629E-01  5.55305898E-01
  5.56486845E-01  5.58970332E-01  5.63693464E-01  5.68296492E-01  5.69938242E-01
  5.49669623E-01  5.58366120E-01  5.71355164E-01  5.86937428E-01  6.00221276E-01
  6.09653294E-01  6.18085086E-01  6.24730289E-01  6.26720786E-01  6.28224850E-01
  6.29912555E-01  6.30480051E-01  6.32169485E-01  6.39865696E-01  6.49843514E-01
  6.57567501E-01  6.63509905E-01  6.67994082E-01  6.71306431E-01  6.73555970E-01
  6.75029278E-01  6.75884426E-01  6.76233888E-01  6.76223874E-01  6.75961494E-01
  6.75534189E-01  6.75008357E-01  6.74421847E-01  6.73284054E-01
     2  'FLUX 24     '       2      64
  4.90551203E-01  4.88953114E-01  4.90713388E-01  4.97295529E-01  5.04681587E-01
  5.05172074E-01  5.08586228E-01  4.98974502E-01  4.99824941E-01  5.02991378E-01
  5.09916008E-01  5.18911660E-01  5.19896805E-01  5.11932433E-01  5.15747011E-01
  5.21124244E-01  5.33766687E-01  5.36157906E-01  5.32535136E-01  5.34439921E-01
  5.38490713E-01  5.46599388E-01  5.55002749E-01  5.57742238E-01  5.39720654E-01
  5.46404421E-01  5.59422791E-01  5.74760914E-01  5.85303724E-01  5.98941028E-01
  6.01328135E-01  6.06373012E-01  6.16006613E-01  6.25467300E-01  6.28701091E-01
  5.93641102E-01  6.08173490E-01  6.31441534E-01  6.59971416E-01  6.83625937E-01
  6.99463725E-01  7.13658094E-01  7.24886179E-01  7.28269994E-01  7.30807781E-01
  7.33652115E-01  7.34620512E-01  7.37494886E-01  7.50374317E-01  7.66671717E-01
  7.79336274E-01  7.89318979E-01  7.97172725E-01  8.03345501E-01  8.07974339E-01
  8.11479270E-01  8.14070404E-01  8.15872073E-01  8.17081928E-01  8.17833781E-01
  8.18233967E-01  8.18350315E-01  8.18248808E-01  8.18252206E-01
     2  'FLUX 25     '       2      64
  4.16041970E-01  4.14493233E-01  4.16429102E-01  4.23757106E-01  4.32015717E-01
  4.32575375E-01  4.36426103E-01  4.26110268E-01  4.26935583E-01  4.30323362E-01
  4.37983692E-01  4.48062479E-01  4.49190944E-01  4.40343618E-01  4.44496483E-01
  4.50201750E-01  4.64910328E-01  4.67579752E-01  4.63393152E-01  4.65512305E-01
  4.70060706E-01  4.79281723E-01  4.88909930E-01  4.92118090E-01  4.71614093E-01
  4.79184568E-01  4.94132012E-01  5.11702776E-01  5.23630261E-01  5.38923919E-01
  5.41665375E-01  5.47500968E-01  5.58747411E-01  5.69879472E-01  5.73782146E-01
  5.33231735E-01  5.50070763E-01  5.76928794E-01  6.10279143E-01  6.38340890E-01
  6.57780647E-01  6.75183415E-01  6.88823640E-01  6.92873538E-01  6.95931554E-01
  6.99340880E-01  7.00476527E-01  7.03942537E-01  7.19566643E-01  7.39550710E-01
  7.55330324E-01  7.68024325E-01  7.78277099E-01  7.86605656E-01  7.93140292E-01
  7.98365057E-01  8.02506685E-01  8.05678189E-01  8.08097661E-01  8.09904993E-01
  8.11208189E-01  8.12063694E-01  8.12559426E-01  8.13909948E-01
     2  'FLUX 26     '       2      64
  4.93777931E-01  4.93947655E-01  4.94462073E-01  4.96219456E-01  4.97927964E-01
  4.98055816E-01  4.98190939E-01  5.02217114E-01  5.02307594E-01  5.03119528E-01
  5.04869580E-01  5.07260084E-01  5.06986916E-01  4.99474615E-01  5.01980484E-01
  5.05059779E-01  5.10383487E-01  5.13660610E-01  5.24964213E-01  5.25473893E-01
  5.26563466E-01  5.28612852E-01  5.30481458E-01  5.31307161E-01  5.17127693E-01
  5.22677660E-01  5.30480325E-01  5.38424671E-01  5.45426130E-01  5.65811336E-01
  5.66519082E-01  5.67878366E-01  5.70296228E-01  5.72569430E-01  5.73450625E-01
  5.51386893E-01  5.61215222E-01  5.74099481E-01  5.87957680E-01  6.00521386E-01
  6.10491872E-01  6.19262040E-01  6.25923038E-01  6.27796352E-01  6.29158616E-01
  6.30615354E-01  6.30998313E-01  6.32430196E-01  6.39662862E-01  6.50874019E-01
  6.60812795E-01  6.69396937E-01  6.76723778E-01  6.82956040E-01  6.88074052E-01
  6.92332625E-01  6.95845366E-01  6.98655427E-01  7.00896859E-01  7.02655792E-01
  7.04000115E-01  7.04962969E-01  7.05617726E-01  7.07194149E-01
     2  'FLUX 27     '       2      64
  5.87653279E-01  5.84793091E-01  5.87786794E-01  5.99896729E-01  6.13624156E-01
  6.14561141E-01  6.20876193E-01  6.03925228E-01  6.05139732E-01  6.10656083E-01
  6.23389900E-01  6.40379608E-01  6.42272174E-01  6.27466917E-01  6.34418726E-01
  6.43788993E-01  6.68632627E-01  6.72780931E-01  6.65762126E-01  6.69301748E-01
  6.76988780E-01  6.92714453E-01  7.09274769E-01  7.14767694E-01  6.79591238E-01
  6.92550361E-01  7.18247831E-01  7.48181760E-01  7.68357694E-01  7.94386089E-01
  7.99200654E-01  8.09472203E-01  8.29368293E-01  8.49216640E-01  8.56161416E-01
  7.84712970E-01  8.14098120E-01  8.61475885E-01  9.20431197E-01  9.70270753E-01
  1.00529993E+00  1.03655112E+00  1.06080580E+00  1.06794560E+00  1.07326388E+00
  1.07918215E+00  1.08105922E+00  1.08706522E+00  1.11439824E+00  1.15042388E+00
  1.17983782E+00  1.20431030E+00  1.22481406E+00  1.24214482E+00  1.25640357E+00
  1.26838386E+00  1.27842033E+00  1.28662062E+00  1.29333413E+00  1.29876661E+00
  1.30307126E+00  1.30629647E+00  1.30862677E+00  1.31419683E+00
     2  'FLUX 28     '       2      64
  1.86490864E-01  1.86600834E-01  1.86775431E-01  1.87345818E-01  1.87811017E-01
  1.87850222E-01  1.87724873E-01  1.90596014E-01  1.90617800E-01  1.90908402E-01
  1.91474617E-01  1.92229584E-01  1.92003414E-01  1.88215151E-01  1.89433068E-01
  1.90923214E-01  1.93080038E-01  1.94791064E-01  2.01613411E-01  2.01790884E-01
  2.02167436E-01  2.02803552E-01  2.03270465E-01  2.03543425E-01  1.96539029E-01
  1.99299261E-01  2.02940717E-01  2.06509650E-01  2.09889784E-01  2.21025094E-01
  2.21282110E-01  2.21733108E-01  2.22448647E-01  2.23043099E-01  2.23295063E-01
  2.12776572E-01  2.17512324E-01  2.23494440E-01  2.29591802E-01  2.35160917E-01
  2.39617959E-01  2.43582889E-01  2.46594086E-01  2.47424453E-01  2.48003125E-01
  2.48615816E-01  2.48733580E-01  2.49310240E-01  2.52495915E-01  2.57775009E-01
  2.62666821E-01  2.67035455E-01  2.70885259E-01  2.74267226E-01  2.77147353E-01
  2.79633403E-01  2.81766355E-01  2.83549786E-01  2.85039783E-01  2.86268979E-01
  2.87261933E-01  2.88024545E-01  2.88596421E-01  2.89918095E-01
     2  'FLUX 29     '       2      64
  2.46027216E-01  2.46140733E-01  2.46251926E-01  2.46770591E-01  2.47216985E-01
  2.47253314E-01  2.47019127E-01  2.50111669E-01  2.50082076E-01  2.50314981E-01
  2.50825047E-01  2.51604825E-01  2.51363933E-01  2.47489482E-01  2.48700321E-01
  2.50132412E-01  2.52242208E-01  2.53928542E-01  2.60946035E-01  2.61099577E-01
  2.61440217E-01  2.62066096E-01  2.62607545E-01  2.62885630E-01  2.55719304E-01
  2.58543044E-01  2.62236595E-01  2.65797198E-01  2.69160807E-01  2.80270457E-01
  2.80539662E-01  2.81023830E-01  2.81861782E-01  2.82671213E-01  2.82983989E-01
  2.72052616E-01  2.76897341E-01  2.83116251E-01  2.89562374E-01  2.95559675E-01
  3.00559700E-01  3.04833382E-01  3.07963014E-01  3.08813572E-01  3.09410334E-01
  3.10045123E-01  3.10164541E-01  3.10778826E-01  3.14000964E-01  3.19594026E-01
  3.24920535E-01  3.29771727E-01  3.34117383E-01  3.37988853E-01  3.41330528E-01
  3.44247997E-01  3.46777558E-01  3.48914713E-01  3.50716949E-01  3.52217078E-01
  3.53439808E-01  3.54388833E-01  3.55110317E-01  3.56761456E-01
     2  'FLUX 30     '       2      64
  2.39931718E-01  2.40029573E-01  2.40040332E-01  2.40217447E-01  2.40293622E-01
  2.40304112E-01  2.39963263E-01  2.43062899E-01  2.43006080E-01  2.43089840E-01
  2.43261367E-01  2.43578494E-01  2.43322745E-01  2.40228176E-01  2.41161928E-01
  2.42243350E-01  2.43559718E-01  2.44932801E-01  2.51277834E-01  2.51339048E-01
  2.51481950E-01  2.51710325E-01  2.51841396E-01  2.51971275E-01  2.46365085E-01
  2.48594716E-01  2.51342416E-01  2.53875256E-01  2.56430179E-01  2.65642285E-01
  2.65792519E-01  2.66030371E-01  2.66399175E-01  2.66739100E-01  2.66881704E-01
  2.58628964E-01  2.62309700E-01  2.66913861E-01  2.71489084E-01  2.75781780E-01
  2.79390156E-01  2.82486856E-01  2.84758687E-01  2.85359323E-01  2.85769850E-01
  2.86190838E-01  2.86241889E-01  2.86632419E-01  2.88923025E-01  2.93183804E-01
  2.97399670E-01  3.01331699E-01  3.04918110E-01  3.08159947E-01  3.10995787E-01
  3.13498706E-01  3.15690041E-01  3.17558676E-01  3.19147587E-01  3.20480376E-01
  3.21574986E-01  3.22432101E-01  3.23091418E-01  3.24586749E-01
     2  'FLUX 31     '       2      64
  4.01498646E-01  4.01623070E-01  4.01644886E-01  4.01928484E-01  4.02089983E-01
  4.02107596E-01  4.01663601E-01  4.05767381E-01  4.05689955E-01  4.05817538E-01
  4.06094819E-01  4.06594396E-01  4.06258553E-01  4.02043134E-01  4.03319597E-01
  4.04792458E-01  4.06650335E-01  4.08514589E-01  4.17015314E-01  4.17110175E-01
  4.17330831E-01  4.17704970E-01  4.17961448E-01  4.18160468E-01  4.10476774E-01
  4.13536280E-01  4.17336375E-01  4.20852095E-01  4.24356461E-01  4.36754405E-01
  4.36975598E-01  4.37338740E-01  4.37925667E-01  4.38483447E-01  4.38707978E-01
  4.27370816E-01  4.32426721E-01  4.38783497E-01  4.45145041E-01  4.51098144E-01
  4.56089675E-01  4.60348487E-01  4.63448644E-01  4.64258760E-01  4.64812487E-01
  4.65365648E-01  4.65423673E-01  4.65937614E-01  4.69027907E-01  4.74964142E-01
  4.80960459E-01  4.86641705E-01  4.91894007E-01  4.96697813E-01  5.00948250E-01
  5.04736841E-01  5.08083880E-01  5.10963738E-01  5.13432264E-01  5.15518904E-01
  5.17245710E-01  5.18609643E-01  5.19669831E-01  5.22056460E-01
     2  'FLUX 32     '       2      64
  1.75876066E-01  1.75912946E-01  1.75956532E-01  1.76158383E-01  1.76328108E-01
  1.76342770E-01  1.76251471E-01  1.77595332E-01  1.77579954E-01  1.77669346E-01
  1.77869648E-01  1.78174391E-01  1.78070515E-01  1.76447958E-01  1.76961869E-01
  1.77563310E-01  1.78444311E-01  1.79168388E-01  1.82174474E-01  1.82236269E-01
  1.82373777E-01  1.82626367E-01  1.82835534E-01  1.82952136E-01  1.79933056E-01
  1.81136593E-01  1.82701871E-01  1.84203178E-01  1.85623378E-01  1.90260440E-01
  1.90369919E-01  1.90566212E-01  1.90904334E-01  1.91225916E-01  1.91354126E-01
  1.86838776E-01  1.88863084E-01  1.91450015E-01  1.94110647E-01  1.96549118E-01
  1.98524982E-01  2.00271681E-01  2.01590404E-01  2.01935783E-01  2.02169538E-01
  2.02403247E-01  2.02424839E-01  2.02635616E-01  2.03986406E-01  2.06457123E-01
  2.08930135E-01  2.11275816E-01  2.13452056E-01  2.15451211E-01  2.17229024E-01
  2.18821317E-01  2.20234826E-01  2.21456900E-01  2.22509354E-01  2.23402947E-01
  2.24145696E-01  2.24735364E-01  2.25196451E-01  2.26230368E-01
     2  'FLUX 33     '       2      64
  1.49137437E-01  1.49152637E-01  1.49254203E-01  1.49633467E-01  1.50030822E-01
  1.50059611E-01  1.50119096E-01  1.50653884E-01  1.50667712E-01  1.50830731E-01
  1.51209250E-01  1.51743352E-01  1.51715606E-01  1.50379509E-01  1.50833443E-01
  1.51381567E-01  1.52438492E-01  1.53009221E-01  1.54806405E-01  1.54912621E-01
  1.55143872E-01  1.55604631E-01  1.56061009E-01  1.56243607E-01  1.53641656E-01
  1.54663861E-01  1.56146869E-01  1.57671064E-01  1.58960089E-01  1.62400484E-01
  1.62551984E-01  1.62855163E-01  1.63421884E-01  1.63984314E-01  1.64193660E-01
  1.60057306E-01  1.61891639E-01  1.64357528E-01  1.67079419E-01  1.69525415E-01
  1.71452940E-01  1.73146456E-01  1.74421012E-01  1.74763113E-01  1.75001189E-01
  1.75248936E-01  1.75288171E-01  1.75522774E-01  1.76863566E-01  1.79151610E-01
  1.81371912E-01  1.83449045E-01  1.85361773E-01  1.87111661E-01  1.88664004E-01
  1.90053120E-01  1.91286013E-01  1.92352340E-01  1.93271369E-01  1.94052413E-01
  1.94702387E-01  1.95219070E-01  1.95623517E-01  1.96530595E-01
     2  'FLUX 34     '       2      64
  2.95395609E-02  2.95410436E-02  2.95577962E-02  2.96168849E-02  2.96740476E-02
  2.96785086E-02  2.96861678E-02  2.98316758E-02  2.98337359E-02  2.98603233E-02
  2.99196467E-02  3.00005395E-02  2.99910642E-02  2.97315158E-02  2.98200827E-02
  2.99271643E-02  3.01148836E-02  3.02298199E-02  3.06317173E-02  3.06491703E-02
  3.06869689E-02  3.07590514E-02  3.08239777E-02  3.08536254E-02  3.03528868E-02
  3.05512473E-02  3.08311712E-02  3.11135743E-02  3.13602947E-02  3.20679657E-02
  3.20930704E-02  3.21417451E-02  3.22293155E-02  3.23118269E-02  3.23440246E-02
  3.15687731E-02  3.19156162E-02  3.23750488E-02  3.28672901E-02  3.33059393E-02
  3.36444564E-02  3.39527689E-02  3.41920219E-02  3.42559330E-02  3.42993997E-02
  3.43431905E-02  3.43477502E-02  3.43874358E-02  3.46418880E-02  3.50744203E-02
  3.54960859E-02  3.58922444E-02  3.62582840E-02  3.65941040E-02  3.68928276E-02
  3.71607132E-02  3.73989493E-02  3.76053937E-02  3.77836116E-02  3.79353315E-02
  3.80617753E-02  3.81624848E-02  3.82414795E-02  3.84183340E-02
     2  'FLUX 35     '       2      64
  2.89855339E-02  2.89864913E-02  2.90066283E-02  2.90792603E-02  2.91541964E-02
  2.91596893E-02  2.91739982E-02  2.92752851E-02  2.92786621E-02  2.93104965E-02
  2.93832514E-02  2.94837821E-02  2.94785462E-02  2.92243976E-02  2.93122157E-02
  2.94190813E-02  2.96232216E-02  2.97324266E-02  3.00756041E-02  3.00962497E-02
  3.01409960E-02  3.02290991E-02  3.03142965E-02  3.03491540E-02  2.98525989E-02
  3.00478209E-02  3.03328931E-02  3.06262802E-02  3.08736451E-02  3.15331630E-02
  3.15620489E-02  3.16197202E-02  3.17266211E-02  3.18308957E-02  3.18700820E-02
  3.10828015E-02  3.14324237E-02  3.19039896E-02  3.24224420E-02  3.28839049E-02
  3.32406685E-02  3.35600935E-02  3.38047110E-02  3.38707231E-02  3.39160524E-02
  3.39625925E-02  3.39693651E-02  3.40130962E-02  3.42721418E-02  3.47089805E-02
  3.51319499E-02  3.55277546E-02  3.58925872E-02  3.62267829E-02  3.65237296E-02
  3.67898606E-02  3.70264351E-02  3.72313857E-02  3.74082997E-02  3.75588946E-02
  3.76844183E-02  3.77843678E-02  3.78627591E-02  3.80384438E-02
     2  'FLUX 36     '       2      64
  2.96759158E-02  2.96767633E-02  2.96992902E-02  2.97804810E-02  2.98659913E-02
  2.98721641E-02  2.98906099E-02  2.99732052E-02  2.99773943E-02  3.00126895E-02
  3.00939772E-02  3.02064903E-02  3.02032121E-02  2.99450364E-02  3.00349463E-02
  3.01447455E-02  3.03629264E-02  3.04727070E-02  3.07965763E-02  3.08193807E-02
  3.08687612E-02  3.09670214E-02  3.10640950E-02  3.11025046E-02  3.05948295E-02
  3.07938680E-02  3.10892612E-02  3.13963294E-02  3.16510387E-02  3.23050283E-02
  3.23364995E-02  3.23999934E-02  3.25189270E-02  3.26361135E-02  3.26797478E-02
  3.18665430E-02  3.22269201E-02  3.27165611E-02  3.32611725E-02  3.37454379E-02
  3.41196060E-02  3.44530754E-02  3.47076841E-02  3.47759388E-02  3.48241217E-02
  3.48731130E-02  3.48804258E-02  3.49269360E-02  3.51979733E-02  3.56508046E-02
  3.60872857E-02  3.64948958E-02  3.68701778E-02  3.72137241E-02  3.75188664E-02
  3.77922915E-02  3.80353555E-02  3.82459424E-02  3.84277515E-02  3.85825373E-02
  3.87115739E-02  3.88143398E-02  3.88949588E-02  3.90756465E-02
     2  'FLUX 37     '       2      64
  3.07317283E-02  3.07334252E-02  3.07546351E-02  3.08296215E-02  3.09066400E-02
  3.09123266E-02  3.09273284E-02  3.10346130E-02  3.10382713E-02  3.10712717E-02
  3.11463159E-02  3.12495101E-02  3.12438849E-02  3.09796110E-02  3.10708825E-02
  3.11820563E-02  3.13935094E-02  3.15081403E-02  3.18675451E-02  3.18889022E-02
  3.19350548E-02  3.20255905E-02  3.21126282E-02  3.21485773E-02  3.16333696E-02
  3.18362527E-02  3.21314223E-02  3.24354656E-02  3.26926336E-02  3.33798677E-02
  3.34095061E-02  3.34685780E-02  3.35777700E-02  3.36838923E-02  3.37239392E-02
  3.29103358E-02  3.32726650E-02  3.37591469E-02  3.42932269E-02  3.47692929E-02
  3.51381861E-02  3.54679190E-02  3.57195288E-02  3.57872210E-02  3.58341224E-02
  3.58819813E-02  3.58885787E-02  3.59334871E-02  3.61994840E-02  3.66518386E-02
  3.70913744E-02  3.75035070E-02  3.78839858E-02  3.82329598E-02  3.85434404E-02
  3.88220027E-02  3.90698798E-02  3.92848477E-02  3.94705832E-02  3.96288261E-02
  3.97608355E-02  3.98660600E-02  3.99486981E-02  4.01336439E-02
     2  'FLUX 38     '       2      64
  3.02902218E-02  3.02923024E-02  3.03145442E-02  3.03935781E-02  3.04764528E-02
  3.04824840E-02  3.04995719E-02  3.05874310E-02  3.05915270E-02  3.06259748E-02
  3.07049360E-02  3.08142137E-02  3.08103766E-02  3.05528659E-02  3.06419991E-02
  3.07508335E-02  3.09646428E-02  3.10752969E-02  3.14047895E-02  3.14269550E-02
  3.14748958E-02  3.15699875E-02  3.16636339E-02  3.17009725E-02  3.11972890E-02
  3.13951410E-02  3.16862874E-02  3.19886804E-02  3.22412997E-02  3.28955241E-02
  3.29260305E-02  3.29873934E-02  3.31020728E-02  3.32149602E-02  3.32570672E-02
  3.24554443E-02  3.28117646E-02  3.32926027E-02  3.38259190E-02  3.43017243E-02
  3.46711911E-02  3.49982008E-02  3.52456383E-02  3.53123993E-02  3.53586562E-02
  3.54062021E-02  3.54129635E-02  3.54582369E-02  3.57211195E-02  3.61675210E-02
  3.66006307E-02  3.70064564E-02  3.73810045E-02  3.77245136E-02  3.80301587E-02
  3.83044295E-02  3.85485291E-02  3.87602895E-02  3.89433019E-02  3.90992686E-02
  3.92294228E-02  3.93332206E-02  3.94147821E-02  3.95970978E-02
     2  'FLUX 39     '       2      64
  3.02854236E-02  3.02885938E-02  3.03064417E-02  3.03685926E-02  3.04302890E-02
  3.04349810E-02  3.04434430E-02  3.05735394E-02  3.05761322E-02  3.06039043E-02
  3.06659285E-02  3.07511687E-02  3.07430159E-02  3.04890815E-02  3.05752773E-02
  3.06798648E-02  3.08669936E-02  3.09794080E-02  3.13572213E-02  3.13751660E-02
  3.14138867E-02  3.14884372E-02  3.15577351E-02  3.15879993E-02  3.10998131E-02
  3.12930197E-02  3.15661542E-02  3.18439081E-02  3.20853554E-02  3.27630118E-02
  3.27883102E-02  3.28377038E-02  3.29274684E-02  3.30135226E-02  3.30464691E-02
  3.22901458E-02  3.26288640E-02  3.30761634E-02  3.35589871E-02  3.39918882E-02
  3.43299694E-02  3.46304961E-02  3.48583534E-02  3.49189192E-02  3.49605754E-02
  3.50028798E-02  3.50082293E-02  3.50478590E-02  3.52855138E-02  3.57039832E-02
  3.61164622E-02  3.65060009E-02  3.68673168E-02  3.71998660E-02  3.74966115E-02
  3.77634428E-02  3.80013175E-02  3.82079817E-02  3.83868031E-02  3.85393687E-02
  3.86667997E-02  3.87685522E-02  3.88486385E-02  3.90272327E-02
     2  'FLUX 40     '       2      64
  3.11452318E-02  3.11485976E-02  3.11675109E-02  3.12341265E-02  3.13016474E-02
  3.13066877E-02  3.13165113E-02  3.14378627E-02  3.14407200E-02  3.14701647E-02
  3.15365791E-02  3.16284783E-02  3.16212364E-02  3.13641205E-02  3.14515047E-02
  3.15575600E-02  3.17517556E-02  3.18646505E-02  3.22339311E-02  3.22528929E-02
  3.22938450E-02  3.23735923E-02  3.24493907E-02  3.24814841E-02  3.19864340E-02
  3.21820416E-02  3.24607156E-02  3.27454433E-02  3.29907127E-02  3.36653702E-02
  3.36919241E-02  3.37442085E-02  3.38401906E-02  3.39333639E-02  3.39686796E-02
  3.31988111E-02  3.35431993E-02  3.39998193E-02  3.44960764E-02  3.49403359E-02
  3.52864377E-02  3.55935991E-02  3.58261392E-02  3.58882770E-02  3.59307975E-02
  3.59740742E-02  3.59787531E-02  3.60192731E-02  3.62646729E-02  3.66931930E-02
  3.71147655E-02  3.75127867E-02  3.78820151E-02  3.82219367E-02  3.85253839E-02
  3.87983434E-02  3.90417837E-02  3.92533652E-02  3.94365229E-02  3.95928435E-02
  3.97234708E-02  3.98278087E-02  3.99099737E-02  4.00931686E-02
     2  'FLUX 41     '       2      64
  2.96821408E-02  2.96862163E-02  2.97007672E-02  2.97515430E-02  2.98001338E-02
  2.98039131E-02  2.98061781E-02  2.99526695E-02  2.99542267E-02  2.99772173E-02
  3.00277043E-02  3.00974213E-02  3.00872978E-02  2.98454482E-02  2.99261175E-02
  3.00234612E-02  3.01873367E-02  3.02956067E-02  3.06822080E-02  3.06970309E-02
  3.07289921E-02  3.07893734E-02  3.08435243E-02  3.08686271E-02  3.04100383E-02
  3.05922180E-02  3.08430046E-02  3.10943387E-02  3.13184522E-02  3.19757052E-02
  3.19970176E-02  3.20377164E-02  3.21103260E-02  3.21790874E-02  3.22057344E-02
  3.15086991E-02  3.18222381E-02  3.22303586E-02  3.26633155E-02  3.30529213E-02
  3.33585069E-02  3.36294658E-02  3.38340774E-02  3.38881835E-02  3.39245163E-02
  3.39614078E-02  3.39649692E-02  3.39993015E-02  3.42104882E-02  3.45942453E-02
  3.49779315E-02  3.53429615E-02  3.56832519E-02  3.59975994E-02  3.62789966E-02
  3.65326330E-02  3.67592014E-02  3.69564109E-02  3.71273197E-02  3.72733399E-02
  3.73954587E-02  3.74931209E-02  3.75701413E-02  3.77415717E-02
     2  'FLUX 42     '       2      64
  5.70315160E-02  5.70396185E-02  5.70595749E-02  5.71244471E-02  5.71763106E-02
  5.71810491E-02  5.71715944E-02  5.75314537E-02  5.75319156E-02  5.75633608E-02
  5.76279275E-02  5.77141680E-02  5.76867163E-02  5.72328269E-02  5.73823750E-02
  5.75615168E-02  5.78267276E-02  5.80370761E-02  5.88670596E-02  5.88876233E-02
  5.89316487E-02  5.90083413E-02  5.90641238E-02  5.90989403E-02  5.82523718E-02
  5.85919693E-02  5.90394139E-02  5.94754629E-02  5.98836131E-02  6.11846149E-02
  6.12154454E-02  6.12704679E-02  6.13612086E-02  6.14393055E-02  6.14726581E-02
  6.02293871E-02  6.07950427E-02  6.15125671E-02  6.22441061E-02  6.29018769E-02
  6.34142980E-02  6.38831481E-02  6.42452464E-02  6.43412471E-02  6.44028261E-02
  6.44638464E-02  6.44660294E-02  6.45197406E-02  6.48925677E-02  6.55824542E-02
  6.62810579E-02  6.69507086E-02  6.75782189E-02  6.81600943E-02  6.86825961E-02
  6.91546649E-02  6.95771948E-02  6.99455887E-02  7.02653155E-02  7.05387965E-02
  7.07678050E-02  7.09511638E-02  7.10959882E-02  7.14181215E-02
     2  'FLUX 43     '       2      64
  8.87250975E-02  8.87315273E-02  8.88025463E-02  8.90500098E-02  8.93171504E-02
  8.93360451E-02  8.94006640E-02  8.95382240E-02  8.95535797E-02  8.96603763E-02
  8.99069831E-02  9.02478322E-02  9.02472064E-02  8.95583555E-02  8.98003504E-02
  9.00976807E-02  9.07194614E-02  9.10120979E-02  9.17747617E-02  9.18427631E-02
  9.19892117E-02  9.22836438E-02  9.25814658E-02  9.26950499E-02  9.13385525E-02
  9.18698087E-02  9.26721320E-02  9.35198516E-02  9.42090824E-02  9.58691463E-02
  9.59593654E-02  9.61438492E-02  9.64931995E-02  9.68412161E-02  9.69695821E-02
  9.47931856E-02  9.57614109E-02  9.70788300E-02  9.85656902E-02  9.98848900E-02
  1.00900769E-01  1.01799600E-01  1.02479354E-01  1.02663137E-01  1.02790341E-01
  1.02920942E-01  1.02939680E-01  1.03065088E-01  1.03790224E-01  1.05016030E-01
  1.06206842E-01  1.07326023E-01  1.08362541E-01  1.09316565E-01  1.10168613E-01
  1.10935837E-01  1.11620978E-01  1.12217292E-01  1.12734251E-01  1.13176093E-01
  1.13545887E-01  1.13841653E-01  1.14074856E-01  1.14595696E-01
     2  'FLUX 44     '       2      64
  1.14362195E-01  1.14370711E-01  1.14455476E-01  1.14740781E-01  1.15041845E-01
  1.15063533E-01  1.15138866E-01  1.15366057E-01  1.15384683E-01  1.15510143E-01
  1.15794823E-01  1.16182394E-01  1.16175935E-01  1.15326352E-01  1.15625069E-01
  1.15992814E-01  1.16734922E-01  1.17104620E-01  1.18116222E-01  1.18196093E-01
  1.18367381E-01  1.18706547E-01  1.19040020E-01  1.19172268E-01  1.17508568E-01
  1.18163221E-01  1.19138390E-01  1.20164439E-01  1.21010765E-01  1.23106323E-01
  1.23211838E-01  1.23425499E-01  1.23824924E-01  1.24216102E-01  1.24362439E-01
  1.21726990E-01  1.22905992E-01  1.24495171E-01  1.26270980E-01  1.27846450E-01
  1.29055887E-01  1.30127415E-01  1.30935103E-01  1.31152481E-01  1.31301612E-01
  1.31453872E-01  1.31473273E-01  1.31618813E-01  1.32476449E-01  1.33958966E-01
  1.35414124E-01  1.36789873E-01  1.38069436E-01  1.39251143E-01  1.40309826E-01
  1.41265482E-01  1.42120764E-01  1.42866731E-01  1.43514678E-01  1.44069448E-01
  1.44534528E-01  1.44907311E-01  1.45201996E-01  1.45857781E-01
     2  'FLUX 45     '       2      64
  3.09019893E-01  3.09035212E-01  3.09249133E-01  3.09958011E-01  3.10707092E-01
  3.10761184E-01  3.10965240E-01  3.11456650E-01  3.11505944E-01  3.11818451E-01
  3.12527388E-01  3.13485354E-01  3.13475519E-01  3.11430395E-01  3.12157840E-01
  3.13055634E-01  3.14888895E-01  3.15781295E-01  3.18131387E-01  3.18330675E-01
  3.18757266E-01  3.19601357E-01  3.20428997E-01  3.20758045E-01  3.16753626E-01
  3.18331242E-01  3.20701152E-01  3.23208094E-01  3.25257987E-01  3.30185950E-01
  3.30446303E-01  3.30974817E-01  3.31964254E-01  3.32930177E-01  3.33293766E-01
  3.26986015E-01  3.29817533E-01  3.33645731E-01  3.37942034E-01  3.41713935E-01
  3.44543338E-01  3.47084045E-01  3.49018544E-01  3.49541545E-01  3.49889994E-01
  3.50247264E-01  3.50278497E-01  3.50615561E-01  3.52673709E-01  3.56281012E-01
  3.59857798E-01  3.63264740E-01  3.66453350E-01  3.69414091E-01  3.72080326E-01
  3.74497831E-01  3.76670122E-01  3.78572345E-01  3.80230308E-01  3.81654590E-01
  3.82852346E-01  3.83815914E-01  3.84580851E-01  3.86276871E-01
     2  'FLUX 46     '       2      64
  3.39131385E-01  3.39124054E-01  3.39299142E-01  3.39873970E-01  3.40479612E-01
  3.40523750E-01  3.40710312E-01  3.41088235E-01  3.41125667E-01  3.41379404E-01
  3.41963172E-01  3.42741787E-01  3.42736185E-01  3.41099948E-01  3.41698498E-01
  3.42428833E-01  3.43964249E-01  3.44674200E-01  3.46420556E-01  3.46588194E-01
  3.46947968E-01  3.47660661E-01  3.48349303E-01  3.48630667E-01  3.45448911E-01
  3.46709996E-01  3.48641932E-01  3.50698173E-01  3.52336138E-01  3.55871856E-01
  3.56094837E-01  3.56550425E-01  3.57406646E-01  3.58238369E-01  3.58560622E-01
  3.53697121E-01  3.55902255E-01  3.58932048E-01  3.62385482E-01  3.65283638E-01
  3.67225379E-01  3.69069159E-01  3.70524883E-01  3.70916218E-01  3.71161461E-01
  3.71374160E-01  3.71351510E-01  3.71554404E-01  3.73123229E-01  3.76101226E-01
  3.79194379E-01  3.82224381E-01  3.85118663E-01  3.87848347E-01  3.90341222E-01
  3.92625898E-01  3.94698054E-01  3.96528274E-01  3.98135275E-01  3.99524987E-01
  4.00700957E-01  4.01653886E-01  4.02416825E-01  4.04092491E-01
     2  'FLUX 47     '       2      64
  3.91290456E-01  3.91230345E-01  3.91377717E-01  3.91823947E-01  3.92325789E-01
  3.92361373E-01  3.92609239E-01  3.92260075E-01  3.92294794E-01  3.92486781E-01
  3.92956406E-01  3.93557250E-01  3.93605947E-01  3.92903507E-01  3.93234968E-01
  3.93624395E-01  3.94729823E-01  3.95010054E-01  3.94748360E-01  3.94884199E-01
  3.95171314E-01  3.95764261E-01  3.96347910E-01  3.96587044E-01  3.95323992E-01
  3.95846069E-01  3.96855652E-01  3.98038477E-01  3.98757160E-01  3.98297220E-01
  3.98465991E-01  3.98829848E-01  3.99552077E-01  4.00268823E-01  4.00570422E-01
  3.99271518E-01  3.99964631E-01  4.01102901E-01  4.02682394E-01  4.03482705E-01
  4.03093904E-01  4.03052300E-01  4.03098524E-01  4.03149366E-01  4.03047383E-01
  4.02945906E-01  4.02727813E-01  4.02611881E-01  4.02712792E-01  4.03932989E-01
  4.05721396E-01  4.07745868E-01  4.09853250E-01  4.11958694E-01  4.13969755E-01
  4.15872753E-01  4.17642951E-01  4.19241011E-01  4.20668781E-01  4.21921909E-01
  4.22996521E-01  4.23879862E-01  4.24599409E-01  4.26152766E-01
     2  'FLUX 48     '       2      64
  2.90553510E-01  2.90483117E-01  2.90534198E-01  2.90582031E-01  2.90651828E-01
  2.90656954E-01  2.90811270E-01  2.90344507E-01  2.90361106E-01  2.90382832E-01
  2.90452391E-01  2.90481806E-01  2.90519834E-01  2.90864468E-01  2.90848047E-01
  2.90799707E-01  2.90944308E-01  2.90809155E-01  2.89332092E-01  2.89356470E-01
  2.89392591E-01  2.89479256E-01  2.89529234E-01  2.89587408E-01  2.90610880E-01
  2.90266633E-01  2.89947122E-01  2.89731443E-01  2.89288163E-01  2.85419643E-01
  2.85415828E-01  2.85423219E-01  2.85477132E-01  2.85526603E-01  2.85606563E-01
  2.88766146E-01  2.87593573E-01  2.86117613E-01  2.84730732E-01  2.82603443E-01
  2.79473215E-01  2.77143240E-01  2.75498092E-01  2.74997860E-01  2.74600714E-01
  2.74127543E-01  2.73777604E-01  2.73298711E-01  2.71488041E-01  2.70076990E-01
  2.69615114E-01  2.69675493E-01  2.70054936E-01  2.70626992E-01  2.71307290E-01
  2.72036076E-01  2.72773951E-01  2.73484498E-01  2.74149746E-01  2.74755597E-01
  2.75291324E-01  2.75745749E-01  2.76129335E-01  2.76931286E-01
     2  'FLUX 49     '       2      64
  2.32843339E-01  2.32781589E-01  2.32845724E-01  2.32883915E-01  2.32965231E-01
  2.32969493E-01  2.33152673E-01  2.32344344E-01  2.32376486E-01  2.32394889E-01
  2.32447892E-01  2.32443720E-01  2.32507259E-01  2.33171493E-01  2.33058929E-01
  2.32905895E-01  2.32879594E-01  2.32621953E-01  2.30428591E-01  2.30441958E-01
  2.30445147E-01  2.30473399E-01  2.30477706E-01  2.30513483E-01  2.32262373E-01
  2.31640190E-01  2.30939001E-01  2.30373755E-01  2.29599938E-01  2.24372327E-01
  2.24324211E-01  2.24245593E-01  2.24150687E-01  2.24061355E-01  2.24096537E-01
  2.28770837E-01  2.26989195E-01  2.24646881E-01  2.22322851E-01  2.19222859E-01
  2.15121135E-01  2.11983338E-01  2.09704906E-01  2.09126756E-01  2.08568290E-01
  2.07952768E-01  2.07594842E-01  2.06983060E-01  2.04539463E-01  2.02141657E-01
  2.00781927E-01  2.00032249E-01  1.99682370E-01  1.99596763E-01  1.99698180E-01
  1.99911147E-01  2.00191900E-01  2.00506464E-01  2.00829536E-01  2.01143369E-01
  2.01434866E-01  2.01693729E-01  2.01922625E-01  2.02383637E-01
     2  'FLUX 50     '       2      64
  1.93518668E-01  1.93471849E-01  1.93548098E-01  1.93603680E-01  1.93710312E-01
  1.93715647E-01  1.93901911E-01  1.93018004E-01  1.93059489E-01  1.93087310E-01
  1.93151563E-01  1.93160981E-01  1.93229839E-01  1.93916395E-01  1.93793371E-01
  1.93637937E-01  1.93584859E-01  1.93329155E-01  1.91056833E-01  1.91069782E-01
  1.91067755E-01  1.91085368E-01  1.91084847E-01  1.91115409E-01  1.92954943E-01
  1.92297623E-01  1.91532180E-01  1.90913126E-01  1.90104097E-01  1.84749633E-01
  1.84686229E-01  1.84575737E-01  1.84421495E-01  1.84276447E-01  1.84290320E-01
  1.89240396E-01  1.87359959E-01  1.84833571E-01  1.82283327E-01  1.78974524E-01
  1.74703151E-01  1.71394765E-01  1.68969557E-01  1.68348894E-01  1.67767495E-01
  1.67136833E-01  1.66765720E-01  1.66157797E-01  1.63555115E-01  1.60848066E-01
  1.59169748E-01  1.58110738E-01  1.57467291E-01  1.57106534E-01  1.56957507E-01
  1.56941861E-01  1.57015845E-01  1.57148182E-01  1.57311484E-01  1.57487348E-01
  1.57662198E-01  1.57826349E-01  1.57979146E-01  1.58275247E-01
     2  'FLUX 51     '       2      64
  2.37484232E-01  2.37438753E-01  2.37555668E-01  2.37648234E-01  2.37812549E-01
  2.37820119E-01  2.38065884E-01  2.36886501E-01  2.36951619E-01  2.37000272E-01
  2.37098426E-01  2.37122700E-01  2.37212315E-01  2.38086224E-01  2.37934411E-01
  2.37749815E-01  2.37677366E-01  2.37370834E-01  2.34372407E-01  2.34390423E-01
  2.34383449E-01  2.34394625E-01  2.34380201E-01  2.34417066E-01  2.36883715E-01
  2.36007556E-01  2.34960794E-01  2.34115884E-01  2.33034551E-01  2.25786671E-01
  2.25685611E-01  2.25501344E-01  2.25224718E-01  2.24961340E-01  2.24957094E-01
  2.31866792E-01  2.29266137E-01  2.25700170E-01  2.22043023E-01  2.17346340E-01
  2.11339444E-01  2.06634536E-01  2.03173682E-01  2.02172756E-01  2.01405719E-01
  2.00549185E-01  2.00018033E-01  1.99182928E-01  1.95406556E-01  1.91398337E-01
  1.88831002E-01  1.87137589E-01  1.86036751E-01  1.85343996E-01  1.84964240E-01
  1.84786007E-01  1.84748277E-01  1.84808880E-01  1.84928313E-01  1.85080215E-01
  1.85245261E-01  1.85410276E-01  1.85571983E-01  1.85873836E-01
     2  'FLUX 52     '       2      64
  4.74882782E-01  4.74823296E-01  4.75147009E-01  4.75499183E-01  4.76020992E-01
  4.76047456E-01  4.76615369E-01  4.74117011E-01  4.74291891E-01  4.74474102E-01
  4.74825710E-01  4.75050092E-01  4.75239038E-01  4.76733804E-01  4.76543337E-01
  4.76339877E-01  4.76460576E-01  4.76013601E-01  4.69944715E-01  4.70016390E-01
  4.70057189E-01  4.70181227E-01  4.70239460E-01  4.70360488E-01  4.75130111E-01
  4.73470390E-01  4.71503377E-01  4.70016241E-01  4.67988163E-01  4.52829331E-01
  4.52608794E-01  4.52198207E-01  4.51570898E-01  4.50965971E-01  4.50952917E-01
  4.65687782E-01  4.60269839E-01  4.52666312E-01  4.44781363E-01  4.34480578E-01
  4.21111077E-01  4.10559535E-01  4.02648807E-01  4.00492489E-01  3.98714572E-01
  3.96761239E-01  3.95731986E-01  3.93801183E-01  3.85170937E-01  3.75944257E-01
  3.69964838E-01  3.65960538E-01  3.63301456E-01  3.61574054E-01  3.60567689E-01
  3.60030115E-01  3.59824061E-01  3.59855384E-01  3.60033780E-01  3.60299170E-01
  3.60607028E-01  3.60927403E-01  3.61250073E-01  3.61839801E-01
     2  'FLUX 53     '       2      64
  6.92884088E-01  6.92870557E-01  6.93546712E-01  6.94553375E-01  6.95840657E-01
  6.95912778E-01  6.96891487E-01  6.93446755E-01  6.93786085E-01  6.94294453E-01
  6.95281506E-01  6.96202219E-01  6.96467996E-01  6.97344899E-01  6.97536588E-01
  6.97875381E-01  6.99114144E-01  6.99120760E-01  6.91574275E-01  6.91801369E-01
  6.92097187E-01  6.92718148E-01  6.93206966E-01  6.93561137E-01  6.98411405E-01
  6.96849823E-01  6.95179760E-01  6.94353759E-01  6.92532539E-01  6.72352910E-01
  6.72104418E-01  6.71638250E-01  6.70959413E-01  6.70288980E-01  6.70372307E-01
  6.90044403E-01  6.83205247E-01  6.73235893E-01  6.62833273E-01  6.48323476E-01
  6.28455877E-01  6.12631321E-01  6.00567579E-01  5.97304046E-01  5.94596863E-01
  5.91506660E-01  5.90100050E-01  5.87201834E-01  5.73816717E-01  5.59851587E-01
  5.51036119E-01  5.45309246E-01  5.41667521E-01  5.39459050E-01  5.38340151E-01
  5.37923276E-01  5.37991703E-01  5.38392425E-01  5.38986325E-01  5.39678872E-01
  5.40399611E-01  5.41097760E-01  5.41761279E-01  5.43014944E-01
     2  'FLUX 54     '       2      64
  1.49174762E+00  1.49191070E+00  1.49415553E+00  1.49859309E+00  1.50374639E+00
  1.50407112E+00  1.50696027E+00  1.50050819E+00  1.50151348E+00  1.50368643E+00
  1.50806749E+00  1.51298559E+00  1.51356125E+00  1.50933886E+00  1.51191366E+00
  1.51554167E+00  1.52363253E+00  1.52653456E+00  1.51715231E+00  1.51825905E+00
  1.52020288E+00  1.52404523E+00  1.52749932E+00  1.52922153E+00  1.52789831E+00
  1.52915025E+00  1.53237665E+00  1.53811288E+00  1.54054260E+00  1.51227462E+00
  1.51243472E+00  1.51281512E+00  1.51388609E+00  1.51483786E+00  1.51592135E+00
  1.54047930E+00  1.53395915E+00  1.52314079E+00  1.51247239E+00  1.49130452E+00
  1.45555997E+00  1.42732787E+00  1.40575385E+00  1.39921689E+00  1.39466047E+00
  1.38898945E+00  1.38612556E+00  1.38104498E+00  1.35662198E+00  1.33361721E+00
  1.32120526E+00  1.31490099E+00  1.31257021E+00  1.31286025E+00  1.31496561E+00
  1.31815648E+00  1.32198548E+00  1.32609272E+00  1.33022308E+00  1.33418739E+00
  1.33784127E+00  1.34105897E+00  1.34386075E+00  1.34941912E+00
     2  'FLUX 55     '       2      64
  2.57938838E+00  2.58015752E+00  2.58638835E+00  2.60149312E+00  2.61828685E+00
  2.61940980E+00  2.62720060E+00  2.61695790E+00  2.61945653E+00  2.62667036E+00
  2.64175582E+00  2.66024923E+00  2.66152859E+00  2.63587523E+00  2.64674926E+00
  2.66177797E+00  2.69345546E+00  2.70682335E+00  2.70993495E+00  2.71393085E+00
  2.72188163E+00  2.73749995E+00  2.75243592E+00  2.75872707E+00  2.71809983E+00
  2.73496938E+00  2.76311088E+00  2.79819441E+00  2.82343602E+00  2.82817078E+00
  2.83129025E+00  2.83776355E+00  2.85042119E+00  2.86253476E+00  2.86808443E+00
  2.84145904E+00  2.86019897E+00  2.88265610E+00  2.91135073E+00  2.91881728E+00
  2.89358187E+00  2.87516475E+00  2.86024356E+00  2.85587835E+00  2.85206056E+00
  2.84784365E+00  2.84457040E+00  2.84080648E+00  2.82493210E+00  2.82299304E+00
  2.83424425E+00  2.85197878E+00  2.87319040E+00  2.89611745E+00  2.91932034E+00
  2.94217587E+00  2.96411800E+00  2.98450685E+00  3.00316405E+00  3.01988912E+00
  3.03450942E+00  3.04678655E+00  3.05696750E+00  3.07752895E+00
     2  'FLUX 56     '       2      64
  4.34106731E+00  4.34334278E+00  4.35879612E+00  4.40094090E+00  4.44679403E+00
  4.44996977E+00  4.46946669E+00  4.45507383E+00  4.46072817E+00  4.48067808E+00
  4.52332258E+00  4.57764530E+00  4.58050966E+00  4.49462843E+00  4.52759886E+00
  4.57313824E+00  4.66798544E+00  4.70952797E+00  4.76152372E+00  4.77314615E+00
  4.79772902E+00  4.84598494E+00  4.89323521E+00  4.91179037E+00  4.74962807E+00
  4.81354952E+00  4.91607189E+00  5.03697586E+00  5.13148737E+00  5.27900457E+00
  5.29205561E+00  5.31904697E+00  5.37031221E+00  5.41982985E+00  5.43912840E+00
  5.20752907E+00  5.31763649E+00  5.46682167E+00  5.64522696E+00  5.78337240E+00
  5.84916353E+00  5.90968180E+00  5.95757246E+00  5.97054148E+00  5.97824574E+00
  5.98640013E+00  5.98529291E+00  5.99337387E+00  6.05586195E+00  6.17654037E+00
  6.30035448E+00  6.42077160E+00  6.53542137E+00  6.64343786E+00  6.74255991E+00
  6.83384132E+00  6.91710186E+00  6.99135685E+00  7.05719137E+00  7.11471558E+00
  7.16394091E+00  7.20448685E+00  7.23742962E+00  7.30345821E+00
     2  'FLUX 57     '       2      64
  3.01791644E+00  3.02030349E+00  3.03415895E+00  3.07413650E+00  3.11711597E+00
  3.12013221E+00  3.13780904E+00  3.13042736E+00  3.13526678E+00  3.15424728E+00
  3.19511271E+00  3.24800324E+00  3.25041699E+00  3.16215563E+00  3.19466615E+00
  3.23992515E+00  3.33308148E+00  3.37482858E+00  3.44356513E+00  3.45488787E+00
  3.47960281E+00  3.52803659E+00  3.57590628E+00  3.59410882E+00  3.41701555E+00
  3.48564792E+00  3.59431982E+00  3.72088099E+00  3.82295322E+00  4.02551746E+00
  4.04034281E+00  4.07099771E+00  4.12877464E+00  4.18478251E+00  4.20535183E+00
  3.90816522E+00  4.04093885E+00  4.22555876E+00  4.44545507E+00  4.63628912E+00
  4.76503277E+00  4.87472725E+00  4.96157455E+00  4.98519087E+00  5.00121546E+00
  5.01765728E+00  5.01960945E+00  5.03522205E+00  5.14832544E+00  5.33096886E+00
  5.50091887E+00  5.65708923E+00  5.79987764E+00  5.93030310E+00  6.04702044E+00
  6.15239477E+00  6.24693966E+00  6.33010769E+00  6.40301895E+00  6.46612930E+00
  6.51971006E+00  6.56356478E+00  6.59897280E+00  6.66867256E+00
     2  'FLUX 58     '       2      64
  2.26274991E+00  2.26512408E+00  2.27716064E+00  2.31289339E+00  2.35105014E+00
  2.35374236E+00  2.36909103E+00  2.36538219E+00  2.36951351E+00  2.38658023E+00
  2.42334390E+00  2.47132134E+00  2.47332263E+00  2.39102578E+00  2.42065001E+00
  2.46221423E+00  2.54677677E+00  2.58538342E+00  2.65594602E+00  2.66623521E+00
  2.68906951E+00  2.73374462E+00  2.77816367E+00  2.79471564E+00  2.62514400E+00
  2.69032979E+00  2.79273462E+00  2.91165400E+00  3.00917459E+00  3.22022700E+00
  3.23479986E+00  3.26493621E+00  3.32158041E+00  3.37667799E+00  3.39624763E+00
  3.09197021E+00  3.22459435E+00  3.41088629E+00  3.63304138E+00  3.83454919E+00
  3.98392963E+00  4.10608864E+00  4.20103025E+00  4.22688150E+00  4.24486113E+00
  4.26338625E+00  4.26663399E+00  4.28460217E+00  4.40774727E+00  4.60363340E+00
  4.78230286E+00  4.94400406E+00  5.09003305E+00  5.22203493E+00  5.33913469E+00
  5.44407082E+00  5.53761196E+00  5.61945534E+00  5.69087696E+00  5.75245857E+00
  5.80457306E+00  5.84713745E+00  5.88144112E+00  5.94794846E+00
     2  'FLUX 59     '       2      64
  1.66346216E+00  1.66562152E+00  1.67547321E+00  1.70511580E+00  1.73664522E+00
  1.73887491E+00  1.75145864E+00  1.74950087E+00  1.75286996E+00  1.76712668E+00
  1.79779017E+00  1.83797324E+00  1.83958328E+00  1.76972759E+00  1.79452658E+00
  1.82962120E+00  1.90036416E+00  1.93310153E+00  1.99571753E+00  2.00435853E+00
  2.02375841E+00  2.06165814E+00  2.09948063E+00  2.11338186E+00  1.96709192E+00
  2.02304935E+00  2.11058235E+00  2.21238494E+00  2.29675078E+00  2.48705506E+00
  2.49993896E+00  2.52659678E+00  2.57664204E+00  2.62542510E+00  2.64237881E+00
  2.36908793E+00  2.48655963E+00  2.65265775E+00  2.85136437E+00  3.03599119E+00
  3.17871261E+00  3.29251051E+00  3.38010049E+00  3.40391731E+00  3.42062664E+00
  3.43800879E+00  3.44140911E+00  3.45836258E+00  3.57268667E+00  3.75397611E+00
  3.91779733E+00  4.06492615E+00  4.19692993E+00  4.31557369E+00  4.42032719E+00
  4.51380396E+00  4.59681797E+00  4.66922998E+00  4.73225737E+00  4.78648090E+00
  4.83228683E+00  4.86966848E+00  4.89978600E+00  4.95735168E+00
     2  'FLUX 60     '       2      64
  1.50319493E+00  1.50551891E+00  1.51528919E+00  1.54488051E+00  1.57628071E+00
  1.57850182E+00  1.59105337E+00  1.58947611E+00  1.59283161E+00  1.60716951E+00
  1.63794112E+00  1.67835152E+00  1.67995799E+00  1.60932744E+00  1.63416624E+00
  1.66964960E+00  1.74063897E+00  1.77380908E+00  1.83849239E+00  1.84721637E+00
  1.86697948E+00  1.90554452E+00  1.94413495E+00  1.95816696E+00  1.80837238E+00
  1.86544955E+00  1.95455396E+00  2.05856967E+00  2.14542055E+00  2.34588385E+00
  2.35941958E+00  2.38745356E+00  2.44005489E+00  2.49140668E+00  2.50895905E+00
  2.22040558E+00  2.34320164E+00  2.51782179E+00  2.72761035E+00  2.92574811E+00
  3.08262110E+00  3.20527792E+00  3.29904532E+00  3.32459879E+00  3.34259105E+00
  3.36131334E+00  3.36521769E+00  3.38362908E+00  3.50738239E+00  3.70363259E+00
  3.87990189E+00  4.03738070E+00  4.17802668E+00  4.30391932E+00  4.41470480E+00
  4.51326036E+00  4.60054255E+00  4.67651176E+00  4.74250937E+00  4.79919815E+00
  4.84702778E+00  4.88604975E+00  4.91749573E+00  4.97676659E+00
     2  'FLUX 61     '       2      64
  1.48231900E+00  1.48499608E+00  1.49563622E+00  1.52799523E+00  1.56230199E+00
  1.56472814E+00  1.57857502E+00  1.57643068E+00  1.58011651E+00  1.59592235E+00
  1.62978601E+00  1.67431426E+00  1.67613959E+00  1.59857023E+00  1.62566173E+00
  1.66480875E+00  1.74271548E+00  1.77924740E+00  1.85052669E+00  1.86018753E+00
  1.88226819E+00  1.92533517E+00  1.96855271E+00  1.98409736E+00  1.81740355E+00
  1.88066530E+00  1.97950220E+00  2.09556341E+00  2.19298768E+00  2.42069387E+00
  2.43627906E+00  2.46861100E+00  2.52929235E+00  2.58863044E+00  2.60860801E+00
  2.27758193E+00  2.41711974E+00  2.61698341E+00  2.85855722E+00  3.08973241E+00
  3.27566266E+00  3.41866660E+00  3.52784896E+00  3.55756569E+00  3.57842875E+00
  3.60021687E+00  3.60500598E+00  3.62646532E+00  3.77280378E+00  4.00436687E+00
  4.21104813E+00  4.39476252E+00  4.55812979E+00  4.70378971E+00  4.83157063E+00
  4.94491482E+00  5.04503107E+00  5.13199329E+00  5.20740747E+00  5.27208948E+00
  5.32660151E+00  5.37107086E+00  5.40692234E+00  5.47346878E+00
     2  'FLUX 62     '       2      64
  1.23256731E+00  1.23517931E+00  1.24503887E+00  1.27500975E+00  1.30679989E+00
  1.30904043E+00  1.32209432E+00  1.31906331E+00  1.32253063E+00  1.33731484E+00
  1.36891484E+00  1.41048265E+00  1.41228557E+00  1.34059417E+00  1.36549830E+00
  1.40200520E+00  1.47430408E+00  1.50824511E+00  1.57335734E+00  1.58243489E+00
  1.60336471E+00  1.64417756E+00  1.68525028E+00  1.69986284E+00  1.54368973E+00
  1.60270810E+00  1.69515753E+00  1.80465448E+00  1.89695930E+00  2.11351466E+00
  2.12873650E+00  2.16038585E+00  2.21983528E+00  2.27806878E+00  2.29739261E+00
  1.97750223E+00  2.11110854E+00  2.30406737E+00  2.53915048E+00  2.76663065E+00
  2.95133209E+00  3.09104919E+00  3.19773936E+00  3.22673917E+00  3.24714613E+00
  3.26829720E+00  3.27308512E+00  3.29402471E+00  3.44024682E+00  3.67111921E+00
  3.87589216E+00  4.05699968E+00  4.21735859E+00  4.35977745E+00  4.48433685E+00
  4.59450436E+00  4.69155884E+00  4.77569771E+00  4.84853458E+00  4.91091824E+00
  4.96343803E+00  5.00628710E+00  5.04086208E+00  5.10388470E+00
     2  'FLUX 63     '       2      64
  8.10227692E-01  8.12266052E-01  8.19459140E-01  8.41174066E-01  8.64237309E-01
  8.65861833E-01  8.75510871E-01  8.72343242E-01  8.74926925E-01  8.85758758E-01
  9.08824861E-01  9.39141393E-01  9.40540969E-01  8.88877869E-01  9.06737447E-01
  9.33346391E-01  9.85710442E-01  1.01039732E+00  1.05638218E+00  1.06305206E+00
  1.07854819E+00  1.10875034E+00  1.13921773E+00  1.14995158E+00  1.03606343E+00
  1.07893717E+00  1.14625943E+00  1.22682941E+00  1.29504788E+00  1.45469046E+00
  1.46626413E+00  1.49037910E+00  1.53572071E+00  1.58020639E+00  1.59476924E+00
  1.35482240E+00  1.45424938E+00  1.59890223E+00  1.77666569E+00  1.95035279E+00
  2.09212017E+00  2.19739890E+00  2.27775621E+00  2.29949331E+00  2.31491995E+00
  2.33082271E+00  2.33437371E+00  2.35014415E+00  2.46298409E+00  2.64123750E+00
  2.79852343E+00  2.93702531E+00  3.05919075E+00  3.16730666E+00  3.26161242E+00
  3.34480524E+00  3.41792321E+00  3.48120093E+00  3.53589702E+00  3.58268523E+00
  3.62204337E+00  3.65416551E+00  3.68011808E+00  3.72651291E+00
     2  'FLUX 64     '       2      64
  7.26034045E-01  7.28189528E-01  7.35331893E-01  7.56666243E-01  7.79376090E-01
  7.80968428E-01  7.90668726E-01  7.86400378E-01  7.89028823E-01  7.99799085E-01
  8.22636247E-01  8.52604747E-01  8.54082286E-01  8.03748727E-01  8.21079612E-01
  8.47355843E-01  8.98719609E-01  9.23042834E-01  9.66577590E-01  9.73226249E-01
  9.88779008E-01  1.01907921E+00  1.04970777E+00  1.06039727E+00  9.48162258E-01
  9.90252078E-01  1.05654347E+00  1.13680494E+00  1.20503843E+00  1.36360836E+00
  1.37551856E+00  1.40039170E+00  1.44720876E+00  1.49321163E+00  1.50807679E+00
  1.26504576E+00  1.36500704E+00  1.51149917E+00  1.69320011E+00  1.87226129E+00
  2.01875496E+00  2.12548137E+00  2.20678401E+00  2.22890472E+00  2.24441886E+00
  2.26048803E+00  2.26403928E+00  2.28009510E+00  2.39733267E+00  2.58288360E+00
  2.74586487E+00  2.88879895E+00  3.01441979E+00  3.12522411E+00  3.22162938E+00
  3.30646682E+00  3.38086271E+00  3.44514298E+00  3.50062704E+00  3.54803753E+00
  3.58789039E+00  3.62042999E+00  3.64675665E+00  3.69289207E+00
     2  'FLUX 65     '       2      64
  6.19428337E-01  6.21631861E-01  6.28514886E-01  6.48773849E-01  6.70428276E-01
  6.71934068E-01  6.81416452E-01  6.75726116E-01  6.78340554E-01  6.88720763E-01
  7.10615695E-01  7.39287436E-01  7.40823984E-01  6.93746865E-01  7.09896684E-01
  7.34940171E-01  7.83518374E-01  8.06584477E-01  8.45337152E-01  8.51766407E-01
  8.66914928E-01  8.96423876E-01  9.26332474E-01  9.36647952E-01  8.30187917E-01
  8.69913995E-01  9.32804525E-01  1.01009607E+00  1.07605660E+00  1.22733700E+00
  1.23928142E+00  1.26429975E+00  1.31146502E+00  1.35790253E+00  1.37267780E+00
  1.13429010E+00  1.23145759E+00  1.37521517E+00  1.55564892E+00  1.73510385E+00
  1.88200307E+00  1.98657548E+00  2.06622529E+00  2.08780980E+00  2.10292053E+00
  2.11863518E+00  2.12220716E+00  2.13784122E+00  2.25618458E+00  2.44388294E+00
  2.60786819E+00  2.75099635E+00  2.87625766E+00  2.98631310E+00  3.08178878E+00
  3.16557097E+00  3.23885560E+00  3.30206037E+00  3.35653114E+00  3.40301871E+00
  3.44206452E+00  3.47396469E+00  3.49981737E+00  3.54407191E+00
     2  'FLUX 66     '       2      64
  4.89901453E-01  4.92028207E-01  4.98365968E-01  5.16638994E-01  5.36315084E-01
  5.37673831E-01  5.46557784E-01  5.39071679E-01  5.41582525E-01  5.51122487E-01
  5.71119785E-01  5.97227871E-01  5.98797441E-01  5.57530403E-01  5.71649432E-01
  5.94237804E-01  6.37670100E-01  6.58240914E-01  6.89156890E-01  6.95093095E-01
  7.09189415E-01  7.36664414E-01  7.64615774E-01  7.74104953E-01  6.79018259E-01
  7.14254737E-01  7.70558298E-01  8.41177523E-01  9.01612580E-01  1.03695989E+00
  1.04847825E+00  1.07270229E+00  1.11848164E+00  1.16367614E+00  1.17777383E+00
  9.55188453E-01  1.04483068E+00  1.17926455E+00  1.35068834E+00  1.52293539E+00
  1.66371167E+00  1.76110721E+00  1.83527005E+00  1.85540569E+00  1.86947250E+00
  1.88393211E+00  1.88726568E+00  1.90178514E+00  2.01639557E+00  2.19816589E+00
  2.35579729E+00  2.49252796E+00  2.61155391E+00  2.71563220E+00  2.80560255E+00
  2.88428903E+00  2.95291257E+00  3.01197362E+00  3.06278324E+00  3.10608721E+00
  3.14243007E+00  3.17214394E+00  3.19627714E+00  3.23644781E+00
     2  'FLUX 67     '       2      64
  3.41099173E-01  3.42938125E-01  3.48334044E-01  3.63447875E-01  3.79952013E-01
  3.81073087E-01  3.88820559E-01  3.79296213E-01  3.81561190E-01  3.89645278E-01
  4.06469047E-01  4.28343326E-01  4.29886937E-01  3.97654504E-01  4.08692390E-01
  4.27203327E-01  4.62443769E-01  4.78857070E-01  4.98310149E-01  5.03375709E-01
  5.15497267E-01  5.39180636E-01  5.63418865E-01  5.71455717E-01  4.95117068E-01
  5.23105741E-01  5.68657100E-01  6.27491593E-01  6.77808821E-01  7.85462558E-01
  7.95829773E-01  8.17762554E-01  8.59381318E-01  9.00639117E-01  9.13155138E-01
  7.22600758E-01  7.98007727E-01  9.13522720E-01  1.06413853E+00  1.21722388E+00
  1.34181070E+00  1.42490852E+00  1.48828650E+00  1.50547206E+00  1.51734340E+00
  1.52960670E+00  1.53233337E+00  1.54477012E+00  1.64745986E+00  1.80989659E+00
  1.94929886E+00  2.06921029E+00  2.17287230E+00  2.26297188E+00  2.34051490E+00
  2.40806055E+00  2.46676612E+00  2.51716876E+00  2.56044602E+00  2.59727740E+00
  2.62816334E+00  2.65344334E+00  2.67403364E+00  2.70716596E+00
     2  'FLUX 68     '       2      64
  1.84996456E-01  1.86270595E-01  1.90213263E-01  2.00788483E-01  2.12683037E-01
  2.13468567E-01  2.19334856E-01  2.08150715E-01  2.09945992E-01  2.15782508E-01
  2.27845788E-01  2.43456647E-01  2.44853720E-01  2.25147247E-01  2.31982693E-01
  2.44472414E-01  2.68002093E-01  2.78322726E-01  2.83050746E-01  2.86745429E-01
  2.95640796E-01  3.13163608E-01  3.31322491E-01  3.37104410E-01  2.88187027E-01
  3.05784345E-01  3.35673213E-01  3.76228392E-01  4.10485566E-01  4.76022154E-01
  4.84130323E-01  5.01456559E-01  5.34618795E-01  5.67764759E-01  5.77374697E-01
  4.41078782E-01  4.93413180E-01  5.76809585E-01  6.89491689E-01  8.05524170E-01
  8.99127841E-01  9.58551466E-01  1.00413299E+00  1.01633787E+00  1.02484500E+00
  1.03350317E+00  1.03535795E+00  1.04425144E+00  1.12281191E+00  1.24569428E+00
  1.34934866E+00  1.43739390E+00  1.51276302E+00  1.57774377E+00  1.63335252E+00
  1.68155479E+00  1.72327960E+00  1.75900829E+00  1.78962350E+00  1.81564271E+00
  1.83745039E+00  1.85533381E+00  1.86996698E+00  1.89252377E+00
     2  'FLUX 69     '       2      64
  4.65759672E-02  4.71170545E-02  4.89046611E-02  5.32956086E-02  5.86680062E-02
  5.90101965E-02  6.18046857E-02  5.26609905E-02  5.35626002E-02  5.60498834E-02
  6.12249933E-02  6.79424405E-02  6.88216388E-02  6.38052002E-02  6.56879544E-02
  7.01291487E-02  7.84538165E-02  8.13864991E-02  7.37210512E-02  7.52965733E-02
  7.90723637E-02  8.67966563E-02  9.51731876E-02  9.76086706E-02  8.37314576E-02
  8.84862617E-02  9.79243964E-02  1.12582579E-01  1.24193989E-01  1.35702804E-01
  1.39476717E-01  1.47749394E-01  1.64115697E-01  1.81002453E-01  1.85410932E-01
  1.34474337E-01  1.52674213E-01  1.84780121E-01  2.32093856E-01  2.81816632E-01
  3.21314961E-01  3.44529927E-01  3.62695962E-01  3.67437333E-01  3.70671690E-01
  3.73910964E-01  3.74564052E-01  3.78035665E-01  4.12821323E-01  4.64660347E-01
  5.06598294E-01  5.41343451E-01  5.70591807E-01  5.95507205E-01  6.16675198E-01
  6.34920597E-01  6.50649130E-01  6.64089441E-01  6.75591409E-01  6.85363054E-01
  6.93560123E-01  7.00317681E-01  7.05919027E-01  7.13960052E-01
     2  'FUNSUR  1   '       2       4
  5.23449592E-02  5.41736819E-02  5.23449555E-02  5.41736856E-02
     2  'FUNSUR  2   '       2       4
  2.00239554E-01  2.04939738E-01  2.00239539E-01  2.04939738E-01
     2  'FUNSUR  3   '       2       4
  3.99604976E-01  4.05032188E-01  3.99604976E-01  4.05032218E-01
     2  'FUNSUR  4   '       2       4
  3.71170372E-01  3.73399973E-01  3.71170372E-01  3.73399973E-01
     2  'FUNSUR  5   '       2       4
  2.80025631E-01  2.78115392E-01  2.80025661E-01  2.78115422E-01
     2  'FUNSUR  6   '       2       4
  3.65425497E-01  3.62110853E-01  3.65425527E-01  3.62110883E-01
     2  'FUNSUR  7   '       2       4
  3.19142610E-01  3.16576511E-01  3.19142610E-01  3.16576570E-01
     2  'FUNSUR  8   '       2       4
  4.51074392E-01  4.47432429E-01  4.51074392E-01  4.47432488E-01
     2  'FUNSUR  9   '       2       4
  4.97411430E-01  4.93301243E-01  4.97411400E-01  4.93301362E-01
     2  'FUNSUR 10   '       2       4
  5.47654331E-01  5.43400288E-01  5.47654331E-01  5.43400347E-01
     2  'FUNSUR 11   '       2       4
  5.92033029E-01  5.87790906E-01  5.92032969E-01  5.87790966E-01
     2  'FUNSUR 12   '       2       4
  6.31958306E-01  6.28066957E-01  6.31958246E-01  6.28067076E-01
     2  'FUNSUR 13   '       2       4
  6.59412801E-01  6.55922711E-01  6.59412742E-01  6.55922771E-01
     2  'FUNSUR 14   '       2       4
  6.80894077E-01  6.77912593E-01  6.80894017E-01  6.77912712E-01
     2  'FUNSUR 15   '       2       4
  6.96511209E-01  6.93973005E-01  6.96511149E-01  6.93973124E-01
     2  'FUNSUR 16   '       2       4
  6.42145872E-01  6.40201747E-01  6.42145753E-01  6.40201867E-01
     2  'FUNSUR 17   '       2       4
  6.50859118E-01  6.49235249E-01  6.50858998E-01  6.49235368E-01
     2  'FUNSUR 18   '       2       4
  6.59363389E-01  6.58007681E-01  6.59363270E-01  6.58007741E-01
     2  'FUNSUR 19   '       2       4
  6.65519118E-01  6.64401591E-01  6.65519059E-01  6.64401710E-01
     2  'FUNSUR 20   '       2       4
  1.34373474E+00  1.34216368E+00  1.34373462E+00  1.34216392E+00
     2  'FUNSUR 21   '       2       4
  1.34986186E+00  1.34896433E+00  1.34986174E+00  1.34896457E+00
     2  'FUNSUR 22   '       2       4
  1.01203597E+00  1.01168013E+00  1.01203585E+00  1.01168025E+00
     2  'FUNSUR 23   '       2       4
  6.73359394E-01  6.73241019E-01  6.73359275E-01  6.73241138E-01
     2  'FUNSUR 24   '       2       4
  8.16909909E-01  8.16902399E-01  8.16909790E-01  8.16902578E-01
     2  'FUNSUR 25   '       2       4
  8.11204851E-01  8.11332822E-01  8.11204731E-01  8.11332881E-01
     2  'FUNSUR 26   '       2       4
  7.04906344E-01  7.05086291E-01  7.04906344E-01  7.05086291E-01
     2  'FUNSUR 27   '       2       4
  1.30670929E+00  1.30727720E+00  1.30670917E+00  1.30727744E+00
     2  'FUNSUR 28   '       2       4
  2.88348883E-01  2.88497090E-01  2.88348854E-01  2.88497120E-01
     2  'FUNSUR 29   '       2       4
  3.54876339E-01  3.55062544E-01  3.54876280E-01  3.55062604E-01
     2  'FUNSUR 30   '       2       4
  3.22941631E-01  3.23112071E-01  3.22941631E-01  3.23112071E-01
     2  'FUNSUR 31   '       2       4
  5.19515872E-01  5.19786060E-01  5.19515872E-01  5.19786119E-01
     2  'FUNSUR 32   '       2       4
  2.25148082E-01  2.25263849E-01  2.25148067E-01  2.25263879E-01
     2  'FUNSUR 33   '       2       4
  1.95580125E-01  1.95679933E-01  1.95580110E-01  1.95679963E-01
     2  'FUNSUR 34   '       2       4
  3.82345729E-02  3.82540748E-02  3.82345691E-02  3.82540822E-02
     2  'FUNSUR 35   '       2       4
  3.78552116E-02  3.78745236E-02  3.78552079E-02  3.78745310E-02
     2  'FUNSUR 36   '       2       4
  3.88871357E-02  3.89069505E-02  3.88871320E-02  3.89069542E-02
     2  'FUNSUR 37   '       2       4
  3.99417542E-02  3.99620347E-02  3.99417542E-02  3.99620421E-02
     2  'FUNSUR 38   '       2       4
  3.94085869E-02  3.94284762E-02  3.94085869E-02  3.94284837E-02
     2  'FUNSUR 39   '       2       4
  3.88442092E-02  3.88637111E-02  3.88442092E-02  3.88637185E-02
     2  'FUNSUR 40   '       2       4
  3.99055853E-02  3.99255753E-02  3.99055816E-02  3.99255827E-02
     2  'FUNSUR 41   '       2       4
  3.75672579E-02  3.75859998E-02  3.75672542E-02  3.75860035E-02
     2  'FUNSUR 42   '       2       4
  7.10920170E-02  7.11274892E-02  7.10920095E-02  7.11274967E-02
     2  'FUNSUR 43   '       2       4
  1.14060670E-01  1.14117421E-01  1.14060655E-01  1.14117436E-01
     2  'FUNSUR 44   '       2       4
  1.45192772E-01  1.45263806E-01  1.45192757E-01  1.45263836E-01
     2  'FUNSUR 45   '       2       4
  3.84582549E-01  3.84765416E-01  3.84582520E-01  3.84765476E-01
     2  'FUNSUR 46   '       2       4
  4.02479410E-01  4.02658552E-01  4.02479380E-01  4.02658612E-01
     2  'FUNSUR 47   '       2       4
  4.24767375E-01  4.24933285E-01  4.24767345E-01  4.24933374E-01
     2  'FUNSUR 48   '       2       4
  2.76332229E-01  2.76419908E-01  2.76332200E-01  2.76419938E-01
     2  'FUNSUR 49   '       2       4
  2.02123240E-01  2.02174753E-01  2.02123225E-01  2.02174783E-01
     2  'FUNSUR 50   '       2       4
  1.58166349E-01  1.58199951E-01  1.58166349E-01  1.58199981E-01
     2  'FUNSUR 51   '       2       4
  1.85821682E-01  1.85856104E-01  1.85821682E-01  1.85856134E-01
     2  'FUNSUR 52   '       2       4
  3.61793816E-01  3.61858577E-01  3.61793786E-01  3.61858577E-01
     2  'FUNSUR 53   '       2       4
  5.42627454E-01  5.42753220E-01  5.42627454E-01  5.42753279E-01
     2  'FUNSUR 54   '       2       4
  1.34597516E+00  1.34649265E+00  1.34597516E+00  1.34649277E+00
     2  'FUNSUR 55   '       2       4
  3.06172895E+00  3.06355500E+00  3.06172895E+00  3.06355548E+00
     2  'FUNSUR 56   '       2       4
  7.25032377E+00  7.25592375E+00  7.25032377E+00  7.25592422E+00
     2  'FUNSUR 57   '       2       4
  6.61349058E+00  6.61911726E+00  6.61349058E+00  6.61911821E+00
     2  'FUNSUR 58   '       2       4
  5.89647627E+00  5.90165138E+00  5.89647627E+00  5.90165186E+00
     2  'FUNSUR 59   '       2       4
  4.91391039E+00  4.91823483E+00  4.91391039E+00  4.91823483E+00
     2  'FUNSUR 60   '       2       4
  4.93320894E+00  4.93750668E+00  4.93320894E+00  4.93750715E+00
     2  'FUNSUR 61   '       2       4
  5.42598820E+00  5.43062925E+00  5.42598820E+00  5.43063021E+00
     2  'FUNSUR 62   '       2       4
  5.06050444E+00  5.06469870E+00  5.06050444E+00  5.06469917E+00
     2  'FUNSUR 63   '       2       4
  3.69583082E+00  3.69876218E+00  3.69583082E+00  3.69876218E+00
     2  'FUNSUR 64   '       2       4
  3.66362071E+00  3.66638136E+00  3.66362071E+00  3.66638160E+00
     2  'FUNSUR 65   '       2       4
  3.51733923E+00  3.51982069E+00  3.51733947E+00  3.51982093E+00
     2  'FUNSUR 66   '       2       4
  3.21358943E+00  3.21566844E+00  3.21358943E+00  3.21566868E+00
     2  'FUNSUR 67   '       2       4
  2.68966508E+00  2.69121528E+00  2.68966532E+00  2.69121623E+00
     2  'FUNSUR 68   '       2       4
  1.88173461E+00  1.88265479E+00  1.88173461E+00  1.88265526E+00
     2  'FUNSUR 69   '       2       4
  7.10815430E-01  7.11061776E-01  7.10815430E-01  7.11061835E-01
     2  '1/EIGENVALUE'       2       1
  1.17021906E+00
     1  'K-EFFECTIVE '       2       1
  1.17021906E+00
     1  'K-INFINITY  '       2       1
  1.17021906E+00
     1  'EPS-CONVERGE'       2       5
  4.99999987E-05  9.99999975E-06  4.99999987E-05  1.00000000E+01  1.00000000E+02
     1  'STATE-VECTOR'       1      40
       -99         0         3         3         1       138       127         0
        69        64         0         1         0         0         0         0
         0         0         0         0         0         0         0         0
         0         0         0         0         0         0         0         0
         0         0         0         0         0         0         0         0
