     1  'SIGNATURE   '       3      12
L_FLUX      
     1  'FLUXDIRECT  '       0      -1
     2  'FLUX  1     '       2      64
  3.66745710E-01  3.65631402E-01  3.64902735E-01  3.55863184E-01  3.46481949E-01
  3.46023470E-01  3.42022479E-01  3.60828727E-01  3.62906277E-01  3.61172855E-01
  3.52837265E-01  3.39441448E-01  3.37676615E-01  3.35703045E-01  3.36320341E-01
  3.41073602E-01  3.20331424E-01  3.26592982E-01  3.61341059E-01  3.58480185E-01
  3.52504075E-01  3.38390589E-01  3.22050065E-01  3.17253202E-01  3.25379074E-01
  3.20776701E-01  3.05762768E-01  2.95171320E-01  2.98623264E-01  3.22280437E-01
  3.19147378E-01  3.11159343E-01  2.93968350E-01  2.75686622E-01  2.68946648E-01
  2.95638233E-01  2.82760680E-01  2.64177471E-01  2.35177234E-01  2.08018452E-01
  1.83987319E-01  1.67112544E-01  1.55257881E-01  1.50085986E-01  1.45398453E-01
  1.39319643E-01  1.36130750E-01  1.30571529E-01  1.18478395E-01  1.02597214E-01
  9.03511718E-02  8.05200711E-02  7.24674165E-02  6.56763315E-02  6.03174977E-02
  5.58182336E-02  5.20232022E-02  4.90058698E-02  4.65675071E-02  4.46286090E-02
  4.31407541E-02  4.21769805E-02  4.16354313E-02  3.91246080E-02
     2  'FLUX  2     '       2      64
  1.60235834E+00  1.59841204E+00  1.59419477E+00  1.55581093E+00  1.51496291E+00
  1.51282978E+00  1.49506986E+00  1.57705355E+00  1.58414817E+00  1.57575405E+00
  1.53976941E+00  1.48315620E+00  1.47524607E+00  1.46917987E+00  1.47060108E+00
  1.48646629E+00  1.40066957E+00  1.42406332E+00  1.56684816E+00  1.55502772E+00
  1.52997804E+00  1.47137225E+00  1.40372097E+00  1.38364160E+00  1.41936123E+00
  1.40149367E+00  1.34043849E+00  1.29161835E+00  1.29848611E+00  1.39115119E+00
  1.37756503E+00  1.34354079E+00  1.27084398E+00  1.19384372E+00  1.16545832E+00
  1.28340316E+00  1.22932374E+00  1.14675164E+00  1.01802373E+00  8.97854149E-01
  7.94409990E-01  7.21282542E-01  6.68883383E-01  6.47149861E-01  6.27690196E-01
  6.02504790E-01  5.89928865E-01  5.67274868E-01  5.12629211E-01  4.40370500E-01
  3.84511858E-01  3.39672834E-01  3.02983195E-01  2.72138387E-01  2.47621536E-01
  2.27048248E-01  2.09715039E-01  1.95827901E-01  1.84548497E-01  1.75521627E-01
  1.68530196E-01  1.63828209E-01  1.61011770E-01  1.49328366E-01
     2  'FLUX  3     '       2      64
  3.39603043E+00  3.38606596E+00  3.37353039E+00  3.29661918E+00  3.21381569E+00
  3.20944357E+00  3.17031217E+00  3.33298898E+00  3.34406543E+00  3.32550502E+00
  3.25259185E+00  3.14172101E+00  3.12563992E+00  3.11882091E+00  3.11851478E+00
  3.14207220E+00  2.97019482E+00  3.00769949E+00  3.27929449E+00  3.25595284E+00
  3.20602703E+00  3.09078169E+00  2.96023941E+00  2.92021394E+00  2.99708462E+00
  2.96072173E+00  2.83914375E+00  2.73212671E+00  2.73141336E+00  2.89280725E+00
  2.86586738E+00  2.79865336E+00  2.65626788E+00  2.50757837E+00  2.45221567E+00
  2.69394302E+00  2.58309031E+00  2.41332436E+00  2.15090728E+00  1.90650296E+00
  1.70047235E+00  1.55027449E+00  1.43735850E+00  1.39157152E+00  1.35146534E+00
  1.30125964E+00  1.27769566E+00  1.23402309E+00  1.11226606E+00  9.51830029E-01
  8.27753901E-01  7.28083134E-01  6.46496773E-01  5.78011692E-01  5.23236990E-01
  4.77260530E-01  4.38532114E-01  4.07305509E-01  3.81831378E-01  3.61330569E-01
  3.45317513E-01  3.34224939E-01  3.27225238E-01  3.00913781E-01
     2  'FLUX  4     '       2      64
  3.66548634E+00  3.66179991E+00  3.64647245E+00  3.57010007E+00  3.48550367E+00
  3.48088336E+00  3.43412995E+00  3.60460162E+00  3.61297512E+00  3.59316564E+00
  3.51847672E+00  3.40905309E+00  3.39131641E+00  3.38152862E+00  3.37759686E+00
  3.39434910E+00  3.21745920E+00  3.25165820E+00  3.52846694E+00  3.50527644E+00
  3.45437026E+00  3.33801579E+00  3.20893812E+00  3.16758847E+00  3.24324727E+00
  3.20957541E+00  3.08617210E+00  2.96702433E+00  2.95264626E+00  3.11290526E+00
  3.08452535E+00  3.01437688E+00  2.86682153E+00  2.71483994E+00  2.65718436E+00
  2.91097307E+00  2.79925013E+00  2.61349654E+00  2.32766390E+00  2.06815648E+00
  1.86202860E+00  1.69715357E+00  1.56238019E+00  1.51018059E+00  1.46708345E+00
  1.41473055E+00  1.39192104E+00  1.34832478E+00  1.19785035E+00  1.00986075E+00
  8.67411733E-01  7.54233360E-01  6.62379324E-01  5.85948408E-01  5.24883986E-01
  4.73891586E-01  4.31152165E-01  3.96651268E-01  3.68502796E-01  3.45815629E-01
  3.28023463E-01  3.15442741E-01  3.07239264E-01  2.78905928E-01
     2  'FLUX  5     '       2      64
  3.56229734E+00  3.56114721E+00  3.54199815E+00  3.47325301E+00  3.39551473E+00
  3.39081645E+00  3.34404063E+00  3.49474716E+00  3.49382806E+00  3.46992517E+00
  3.40090775E+00  3.30688143E+00  3.29043126E+00  3.30108833E+00  3.28927159E+00
  3.27889967E+00  3.13125515E+00  3.14021945E+00  3.34186912E+00  3.32187843E+00
  3.27756023E+00  3.18114090E+00  3.07723284E+00  3.04232049E+00  3.12906981E+00
  3.09741855E+00  2.99197412E+00  2.86452389E+00  2.81299806E+00  2.88378644E+00
  2.85799813E+00  2.79766154E+00  2.67448926E+00  2.55033588E+00  2.50352550E+00
  2.75893974E+00  2.65211582E+00  2.46872711E+00  2.19544291E+00  1.95132589E+00
  1.76972878E+00  1.61629868E+00  1.48708093E+00  1.44197488E+00  1.40668380E+00
  1.36582351E+00  1.35024190E+00  1.31564093E+00  1.15964186E+00  9.64923024E-01
  8.17555547E-01  7.01019287E-01  6.07024789E-01  5.29658139E-01  4.67642576E-01
  4.16238546E-01  3.73504668E-01  3.38869661E-01  3.10582191E-01  2.87694097E-01
  2.69561797E-01  2.56133825E-01  2.46623218E-01  2.20714852E-01
     2  'FLUX  6     '       2      64
  4.05063248E+00  4.04397726E+00  4.01897955E+00  3.95171165E+00  3.87477136E+00
  3.86918354E+00  3.82506967E+00  3.93863392E+00  3.93330479E+00  3.90719390E+00
  3.84048057E+00  3.75395417E+00  3.73988342E+00  3.78361368E+00  3.75954080E+00
  3.73276353E+00  3.58848953E+00  3.57015991E+00  3.68044424E+00  3.66177797E+00
  3.62124372E+00  3.53572202E+00  3.44710755E+00  3.41474366E+00  3.54401302E+00
  3.49393511E+00  3.37750506E+00  3.23697090E+00  3.15691543E+00  3.10806060E+00
  3.08637714E+00  3.03611088E+00  2.93623090E+00  2.83795071E+00  2.79917693E+00
  3.08063364E+00  2.95315766E+00  2.76338601E+00  2.50523639E+00  2.27405167E+00
  2.08923650E+00  1.90588391E+00  1.75425553E+00  1.70877886E+00  1.67502475E+00
  1.63789618E+00  1.62614703E+00  1.58998871E+00  1.41718495E+00  1.20340645E+00
  1.03536952E+00  8.98823202E-01  7.86288798E-01  6.92129374E-01  6.15278304E-01
  5.50803125E-01  4.96653974E-01  4.52231884E-01  4.15595591E-01  3.85666579E-01
  3.61695945E-01  3.43565226E-01  3.30269068E-01  2.96857029E-01
     2  'FLUX  7     '       2      64
  2.98718166E+00  2.98451066E+00  2.97335839E+00  2.94341946E+00  2.91088247E+00
  2.90818167E+00  2.89128041E+00  2.90901041E+00  2.90592480E+00  2.89248371E+00
  2.86176634E+00  2.82267785E+00  2.81895781E+00  2.87186980E+00  2.85095358E+00
  2.82320142E+00  2.75043273E+00  2.72495627E+00  2.70254517E+00  2.69373608E+00
  2.67419410E+00  2.63533640E+00  2.59683180E+00  2.58177209E+00  2.69862175E+00
  2.65408993E+00  2.57647872E+00  2.48422503E+00  2.41433549E+00  2.28151202E+00
  2.26925325E+00  2.24310756E+00  2.19336438E+00  2.14499998E+00  2.12633276E+00
  2.35320902E+00  2.25478196E+00  2.11298442E+00  1.93583775E+00  1.77301264E+00
  1.64138103E+00  1.51799250E+00  1.42120922E+00  1.39527929E+00  1.37681758E+00
  1.35735261E+00  1.35251212E+00  1.33103001E+00  1.21364844E+00  1.05160975E+00
  9.16645288E-01  8.03448379E-01  7.08093345E-01  6.27213180E-01  5.59981048E-01
  5.03064334E-01  4.54952866E-01  4.15039957E-01  3.81858200E-01  3.54522377E-01
  3.32381636E-01  3.15132439E-01  3.01814914E-01  2.73761034E-01
     2  'FLUX  8     '       2      64
  3.31977129E+00  3.31634283E+00  3.30593991E+00  3.27887750E+00  3.24983716E+00
  3.24733162E+00  3.23690104E+00  3.22181535E+00  3.21877408E+00  3.20627093E+00
  3.17921996E+00  3.14434528E+00  3.14366055E+00  3.21879482E+00  3.19163704E+00
  3.15716887E+00  3.08764267E+00  3.05056381E+00  2.96310472E+00  2.95557761E+00
  2.93928385E+00  2.90781593E+00  2.87761950E+00  2.86512160E+00  3.01387382E+00
  2.95536351E+00  2.86837006E+00  2.77218962E+00  2.69037867E+00  2.48236299E+00
  2.47267342E+00  2.45279598E+00  2.41620588E+00  2.38113761E+00  2.36757278E+00
  2.61886883E+00  2.50585556E+00  2.35666966E+00  2.18663859E+00  2.02892876E+00
  1.89454484E+00  1.76704681E+00  1.67081845E+00  1.64656043E+00  1.62970173E+00
  1.61230314E+00  1.60882759E+00  1.58855438E+00  1.48013592E+00  1.31757152E+00
  1.17294490E+00  1.04634237E+00  9.36109841E-01  8.40062022E-01  7.58315802E-01
  6.87757015E-01  6.27094626E-01  5.75990856E-01  5.32932162E-01  4.97029305E-01
  4.67622429E-01  4.44466799E-01  4.26448435E-01  3.88551712E-01
     2  'FLUX  9     '       2      64
  2.62195134E+00  2.62017465E+00  2.61691475E+00  2.60707116E+00  2.59769177E+00
  2.59681249E+00  2.59941745E+00  2.54871130E+00  2.54855227E+00  2.54390121E+00
  2.53398275E+00  2.52000904E+00  2.52352238E+00  2.59075379E+00  2.56887889E+00
  2.54326510E+00  2.50511074E+00  2.47408628E+00  2.35360765E+00  2.35062361E+00
  2.34405255E+00  2.33214402E+00  2.32206750E+00  2.31694150E+00  2.44241071E+00
  2.39264584E+00  2.32748818E+00  2.26362085E+00  2.20270085E+00  2.00294590E+00
  1.99817646E+00  1.98931384E+00  1.97421479E+00  1.95990241E+00  1.95439494E+00
  2.14965963E+00  2.06238174E+00  1.95134795E+00  1.83627963E+00  1.72805607E+00
  1.62974322E+00  1.53648484E+00  1.46957445E+00  1.45381892E+00  1.44309342E+00
  1.43252730E+00  1.43104923E+00  1.41807222E+00  1.35173488E+00  1.23803556E+00
  1.12782860E+00  1.02625227E+00  9.34336245E-01  8.51724327E-01  7.79565215E-01
  7.15917051E-01  6.60149038E-01  6.12400472E-01  5.71599305E-01  5.37158072E-01
  5.08644044E-01  4.86011654E-01  4.68303174E-01  4.30032462E-01
     2  'FLUX 10     '       2      64
  2.14507747E+00  2.14378047E+00  2.14368606E+00  2.14196682E+00  2.14161372E+00
  2.14153957E+00  2.14886165E+00  2.09007955E+00  2.09109545E+00  2.09021926E+00
  2.08845139E+00  2.08463240E+00  2.08937263E+00  2.14498949E+00  2.12811756E+00
  2.10920811E+00  2.08823252E+00  2.06330919E+00  1.94438624E+00  1.94364464E+00
  1.94178271E+00  1.93912303E+00  1.93828630E+00  1.93673778E+00  2.03755355E+00
  1.99732566E+00  1.94877708E+00  1.90540481E+00  1.86023772E+00  1.68871343E+00
  1.68651283E+00  1.68311274E+00  1.67832196E+00  1.67390335E+00  1.67230034E+00
  1.82112765E+00  1.75485790E+00  1.67260957E+00  1.59339142E+00  1.51799548E+00
  1.44621885E+00  1.37918508E+00  1.33341837E+00  1.32333720E+00  1.31682634E+00
  1.31059146E+00  1.31042635E+00  1.30231380E+00  1.26196063E+00  1.18138790E+00
  1.09682190E+00  1.01512885E+00  9.38577116E-01  8.67832065E-01  8.04538846E-01
  7.47609675E-01  6.96873486E-01  6.52776003E-01  6.14606202E-01  5.82018256E-01
  5.54761648E-01  5.32922983E-01  5.15668929E-01  4.78104860E-01
     2  'FLUX 11     '       2      64
  1.78503728E+00  1.78400338E+00  1.78494358E+00  1.78620923E+00  1.78890419E+00
  1.78913152E+00  1.79686832E+00  1.74443305E+00  1.74570417E+00  1.74628127E+00
  1.74756801E+00  1.74779463E+00  1.75220537E+00  1.79519880E+00  1.78269303E+00
  1.76905859E+00  1.75708878E+00  1.73813987E+00  1.63800037E+00  1.63815749E+00
  1.63819826E+00  1.63907683E+00  1.64149845E+00  1.64140511E+00  1.71840775E+00
  1.68755507E+00  1.65194976E+00  1.62220323E+00  1.58952653E+00  1.45439696E+00
  1.45344257E+00  1.45246053E+00  1.45194936E+00  1.45159388E+00  1.45158720E+00
  1.56142199E+00  1.51261485E+00  1.45286238E+00  1.39829600E+00  1.34612572E+00
  1.29467297E+00  1.24711835E+00  1.21608055E+00  1.20972538E+00  1.20584440E+00
  1.20234466E+00  1.20280445E+00  1.19786048E+00  1.17409992E+00  1.11806226E+00
  1.05465674E+00  9.90658581E-01  9.28700864E-01  8.69931936E-01  8.16162527E-01
  7.66905189E-01  7.22299099E-01  6.82981789E-01  6.48537099E-01  6.18816137E-01
  5.93720734E-01  5.73442280E-01  5.57278514E-01  5.21734238E-01
     2  'FLUX 12     '       2      64
  1.50383043E+00  1.50287735E+00  1.50440645E+00  1.50758219E+00  1.51218498E+00
  1.51258612E+00  1.51997840E+00  1.47520220E+00  1.47654974E+00  1.47802830E+00
  1.48124433E+00  1.48415673E+00  1.48805344E+00  1.51979852E+00  1.51104498E+00
  1.50181770E+00  1.49649811E+00  1.48249590E+00  1.40155590E+00  1.40227175E+00
  1.40351713E+00  1.40661883E+00  1.41099095E+00  1.41181207E+00  1.46788955E+00
  1.44523168E+00  1.42069995E+00  1.40175307E+00  1.37911081E+00  1.27639329E+00
  1.27626550E+00  1.27682757E+00  1.27896106E+00  1.28112996E+00  1.28207946E+00
  1.35953033E+00  1.32502806E+00  1.28392518E+00  1.24855614E+00  1.21392870E+00
  1.17818666E+00  1.14614487E+00  1.12628543E+00  1.12263072E+00  1.12056088E+00
  1.11891925E+00  1.11966455E+00  1.11706507E+00  1.10405087E+00  1.06536281E+00
  1.01809216E+00  9.68292594E-01  9.18551147E-01  8.70199621E-01  8.24999511E-01
  7.82875001E-01  7.44158089E-01  7.09569931E-01  6.78920329E-01  6.52204871E-01
  6.29437685E-01  6.10862195E-01  5.95885336E-01  5.63072860E-01
     2  'FLUX 13     '       2      64
  1.27350187E+00  1.27280915E+00  1.27441657E+00  1.27825665E+00  1.28330290E+00
  1.28377676E+00  1.28993452E+00  1.25464976E+00  1.25587463E+00  1.25768209E+00
  1.26153743E+00  1.26560569E+00  1.26874804E+00  1.29052079E+00  1.28478777E+00
  1.27899480E+00  1.27765226E+00  1.26799667E+00  1.20711482E+00  1.20803773E+00
  1.20975852E+00  1.21363676E+00  1.21855330E+00  1.21977198E+00  1.25793743E+00
  1.24235094E+00  1.22650349E+00  1.21541762E+00  1.20080137E+00  1.12753963E+00
  1.12787259E+00  1.12917721E+00  1.13244605E+00  1.13572538E+00  1.13707244E+00
  1.18810987E+00  1.16526318E+00  1.13876665E+00  1.11763644E+00  1.09664953E+00
  1.07332635E+00  1.05166197E+00  1.03862453E+00  1.03658044E+00  1.03564847E+00
  1.03518021E+00  1.03608274E+00  1.03482628E+00  1.02796948E+00  1.00215948E+00
  9.68109190E-01  9.30689573E-01  8.92153680E-01  8.53788078E-01  8.17170799E-01
  7.82472193E-01  7.50119090E-01  7.20842779E-01  6.94614828E-01  6.71531737E-01
  6.51687324E-01  6.35355890E-01  6.22059584E-01  5.92890382E-01
     2  'FLUX 14     '       2      64
  1.09526813E+00  1.09443760E+00  1.09599423E+00  1.09957731E+00  1.10423648E+00
  1.10461736E+00  1.10985827E+00  1.08318484E+00  1.08422112E+00  1.08590543E+00
  1.08959401E+00  1.09350622E+00  1.09593773E+00  1.11084473E+00  1.10734546E+00
  1.10396755E+00  1.10511172E+00  1.09858906E+00  1.05383098E+00  1.05475152E+00
  1.05651200E+00  1.06034732E+00  1.06481791E+00  1.06606507E+00  1.09169722E+00
  1.08123910E+00  1.07158136E+00  1.06579626E+00  1.05666721E+00  1.00486207E+00
  1.00533760E+00  1.00682235E+00  1.01021171E+00  1.01349318E+00  1.01486087E+00
  1.04855251E+00  1.03362274E+00  1.01703227E+00  1.00493121E+00  9.91542578E-01
  9.75933671E-01  9.64846075E-01  9.59948838E-01  9.59487498E-01  9.59511101E-01
  9.59809542E-01  9.60634172E-01  9.60726976E-01  9.60798740E-01  9.45482790E-01
  9.21990037E-01  8.94619048E-01  8.65377903E-01  8.35485220E-01  8.06315601E-01
  7.78198481E-01  7.51602173E-01  7.27223098E-01  7.05145240E-01  6.85528755E-01
  6.68518066E-01  6.54392123E-01  6.42773867E-01  6.17401898E-01
     2  'FLUX 15     '       2      64
  9.72115219E-01  9.71450865E-01  9.72811937E-01  9.76209641E-01  9.80415702E-01
  9.80846882E-01  9.85068858E-01  9.64574695E-01  9.65457499E-01  9.67112839E-01
  9.70616221E-01  9.74496543E-01  9.76415992E-01  9.86146510E-01  9.84123886E-01
  9.82363284E-01  9.84541476E-01  9.80356753E-01  9.47605073E-01  9.48504508E-01
  9.50232744E-01  9.53876674E-01  9.58021283E-01  9.59325194E-01  9.75893438E-01
  9.69070077E-01  9.63410199E-01  9.60969269E-01  9.55759764E-01  9.19846177E-01
  9.20471430E-01  9.22078729E-01  9.25511122E-01  9.28854287E-01  9.30271327E-01
  9.51031864E-01  9.41781700E-01  9.32092845E-01  9.26336527E-01  9.19445097E-01
  9.09654796E-01  9.02519703E-01  9.00098205E-01  9.00265098E-01  9.00662243E-01
  9.01324689E-01  9.02053833E-01  9.02448535E-01  9.04851913E-01  8.96013916E-01
  8.79998326E-01  8.60204220E-01  8.38281751E-01  8.15289021E-01  7.92372406E-01
  7.69921303E-01  7.48392880E-01  7.28419483E-01  7.10147083E-01  6.93767071E-01
  6.79448545E-01  6.67462766E-01  6.57519758E-01  6.35835290E-01
     2  'FLUX 16     '       2      64
  8.01370621E-01  8.00857127E-01  8.01950634E-01  8.04775000E-01  8.08234930E-01
  8.08571517E-01  8.11580598E-01  7.97494173E-01  7.98162341E-01  7.99531460E-01
  8.02444816E-01  8.05781364E-01  8.07124496E-01  8.12585533E-01  8.11667681E-01
  8.11024964E-01  8.13612938E-01  8.11215520E-01  7.89770842E-01  7.90526390E-01
  7.92002797E-01  7.95081675E-01  7.98517466E-01  7.99617290E-01  8.08676600E-01
  8.04873645E-01  8.02384079E-01  8.02187979E-01  7.99790084E-01  7.77719498E-01
  7.78316319E-01  7.79766440E-01  7.82770276E-01  7.85714447E-01  7.86917210E-01
  7.97495723E-01  7.92733550E-01  7.88348973E-01  7.86936283E-01  7.84350455E-01
  7.79466569E-01  7.76564300E-01  7.76319742E-01  7.76789963E-01  7.77325451E-01
  7.78086603E-01  7.78706431E-01  7.79429734E-01  7.82463014E-01  7.77931988E-01
  7.67902970E-01  7.54759789E-01  7.39701450E-01  7.23532259E-01  7.07103968E-01
  6.90772414E-01  6.74920022E-01  6.60053074E-01  6.46328628E-01  6.33927882E-01
  6.23010159E-01  6.13805830E-01  6.06112778E-01  5.89362621E-01
     2  'FLUX 17     '       2      64
  7.18499541E-01  7.17634559E-01  7.18725204E-01  7.21384168E-01  7.24475861E-01
  7.24863231E-01  7.28221297E-01  7.16765285E-01  7.17396259E-01  7.18722641E-01
  7.21547127E-01  7.24552393E-01  7.25758910E-01  7.29530752E-01  7.29477167E-01
  7.29767978E-01  7.33664691E-01  7.32311487E-01  7.15623438E-01  7.16402292E-01
  7.17919588E-01  7.20992923E-01  7.24053323E-01  7.25305080E-01  7.30699897E-01
  7.28520155E-01  7.28378177E-01  7.30384707E-01  7.29913831E-01  7.14323997E-01
  7.14972019E-01  7.16484010E-01  7.19488859E-01  7.22204566E-01  7.23518074E-01
  7.29106188E-01  7.26841629E-01  7.25932777E-01  7.27706075E-01  7.27022827E-01
  7.22827971E-01  7.23711848E-01  7.28068471E-01  7.29509950E-01  7.30521858E-01
  7.31525481E-01  7.31790364E-01  7.32903063E-01  7.41849542E-01  7.43306637E-01
  7.38580763E-01  7.30416536E-01  7.20045686E-01  7.08277166E-01  6.95862353E-01
  6.83209777E-01  6.70695126E-01  6.58775687E-01  6.47637904E-01  6.37471795E-01
  6.28442466E-01  6.20764136E-01  6.14287913E-01  6.00226879E-01
     2  'FLUX 18     '       2      64
  6.91283166E-01  6.91050112E-01  6.91999137E-01  6.94786191E-01  6.98163033E-01
  6.98389947E-01  7.00185716E-01  6.91471696E-01  6.91974282E-01  6.93273783E-01
  6.96092606E-01  6.99665368E-01  7.00481892E-01  7.01271474E-01  7.01474547E-01
  7.02088654E-01  7.05610871E-01  7.04989254E-01  6.93966389E-01  6.94690585E-01
  6.96158767E-01  6.99196160E-01  7.02617824E-01  7.03613579E-01  7.04492569E-01
  7.03893602E-01  7.04906166E-01  7.07429111E-01  7.08123863E-01  6.99900866E-01
  7.00589597E-01  7.02153862E-01  7.05297589E-01  7.08509803E-01  7.09614217E-01
  7.08547413E-01  7.08796978E-01  7.10398495E-01  7.14351118E-01  7.17313170E-01
  7.18743861E-01  7.20236421E-01  7.21674025E-01  7.22402275E-01  7.23151147E-01
  7.24184811E-01  7.24979401E-01  7.26258397E-01  7.28479326E-01  7.27769017E-01
  7.23578393E-01  7.17010438E-01  7.08768308E-01  6.99387491E-01  6.89418614E-01
  6.79180264E-01  6.68977678E-01  6.59189820E-01  6.49984717E-01  6.41533196E-01
  6.33985937E-01  6.27533555E-01  6.22062325E-01  6.10193014E-01
     2  'FLUX 19     '       2      64
  6.41488850E-01  6.41086161E-01  6.42050266E-01  6.44926667E-01  6.48283064E-01
  6.48492098E-01  6.50524795E-01  6.42896593E-01  6.43373609E-01  6.44710064E-01
  6.47647977E-01  6.51300132E-01  6.52027726E-01  6.51856661E-01  6.52474344E-01
  6.53640151E-01  6.58135772E-01  6.58009768E-01  6.49175823E-01  6.49954438E-01
  6.51546061E-01  6.54790103E-01  6.58240080E-01  6.59338713E-01  6.58041835E-01
  6.58382177E-01  6.60792768E-01  6.64728522E-01  6.66583359E-01  6.61786020E-01
  6.62555695E-01  6.64275467E-01  6.67677641E-01  6.71012819E-01  6.72212243E-01
  6.67919636E-01  6.69729769E-01  6.73497140E-01  6.79690838E-01  6.84151888E-01
  6.85859084E-01  6.88677788E-01  6.92119837E-01  6.93447411E-01  6.94526672E-01
  6.95835829E-01  6.96511924E-01  6.97799802E-01  7.02746153E-01  7.05301940E-01
  7.04100072E-01  7.00456262E-01  6.95077121E-01  6.88481629E-01  6.81140184E-01
  6.73381209E-01  6.65487111E-01  6.57787979E-01  6.50455773E-01  6.43654168E-01
  6.37526810E-01  6.32244229E-01  6.27726078E-01  6.17946863E-01
     2  'FLUX 20     '       2      64
  1.16012728E+00  1.15931571E+00  1.16132784E+00  1.16736186E+00  1.17425525E+00
  1.17473209E+00  1.17874646E+00  1.16652620E+00  1.16743469E+00  1.17020988E+00
  1.17635739E+00  1.18403268E+00  1.18530416E+00  1.18184280E+00  1.18416548E+00
  1.18764937E+00  1.19853377E+00  1.19974267E+00  1.18852532E+00  1.19018030E+00
  1.19359493E+00  1.20050716E+00  1.20765400E+00  1.21010709E+00  1.20132864E+00
  1.20450282E+00  1.21274626E+00  1.22375274E+00  1.23029971E+00  1.23060441E+00
  1.23233271E+00  1.23612237E+00  1.24350703E+00  1.25066447E+00  1.25332916E+00
  1.23537707E+00  1.24322236E+00  1.25631750E+00  1.27420294E+00  1.28806925E+00
  1.29572415E+00  1.30537081E+00  1.31516373E+00  1.31840241E+00  1.32087243E+00
  1.32366514E+00  1.32479572E+00  1.32753050E+00  1.34061182E+00  1.35141671E+00
  1.35541165E+00  1.35488725E+00  1.35103762E+00  1.34475279E+00  1.33672512E+00
  1.32758665E+00  1.31781816E+00  1.30793393E+00  1.29826379E+00  1.28910232E+00
  1.28070378E+00  1.27334309E+00  1.26694369E+00  1.25316739E+00
     2  'FLUX 21     '       2      64
  1.04726779E+00  1.04585135E+00  1.04768038E+00  1.05302107E+00  1.05889821E+00
  1.05941021E+00  1.06345367E+00  1.05543578E+00  1.05625868E+00  1.05882192E+00
  1.06442928E+00  1.07108343E+00  1.07207835E+00  1.06659961E+00  1.06997180E+00
  1.07449079E+00  1.08603632E+00  1.08840787E+00  1.08423293E+00  1.08580530E+00
  1.08904612E+00  1.09544873E+00  1.10155332E+00  1.10398471E+00  1.09102905E+00
  1.09604704E+00  1.10675168E+00  1.11975312E+00  1.12831962E+00  1.13713920E+00
  1.13883555E+00  1.14246690E+00  1.14932370E+00  1.15563989E+00  1.15822434E+00
  1.13486087E+00  1.14536750E+00  1.16231632E+00  1.18315387E+00  1.19816542E+00
  1.20551383E+00  1.21950638E+00  1.23502529E+00  1.23949337E+00  1.24241412E+00
  1.24530566E+00  1.24577570E+00  1.24852645E+00  1.26874828E+00  1.28697646E+00
  1.29789996E+00  1.30424500E+00  1.30721033E+00  1.30764437E+00  1.30605173E+00
  1.30307138E+00  1.29911959E+00  1.29457486E+00  1.28975797E+00  1.28492844E+00
  1.28030467E+00  1.27609372E+00  1.27229691E+00  1.26424849E+00
     2  'FLUX 22     '       2      64
  7.01183438E-01  7.00280249E-01  7.01964319E-01  7.07706749E-01  7.14133918E-01
  7.14560330E-01  7.17579722E-01  7.09567606E-01  7.10313320E-01  7.12995470E-01
  7.18893945E-01  7.26516366E-01  7.27370024E-01  7.20564246E-01  7.23718107E-01
  7.28169799E-01  7.39240706E-01  7.41576552E-01  7.38547623E-01  7.40152895E-01
  7.43527234E-01  7.50289977E-01  7.57286549E-01  7.59629965E-01  7.44646132E-01
  7.50220180E-01  7.61069179E-01  7.74002552E-01  7.82884121E-01  7.94322729E-01
  7.96204388E-01  8.00201893E-01  8.07865441E-01  8.15375865E-01  8.18007708E-01
  7.89971709E-01  8.01863551E-01  8.20333004E-01  8.43152165E-01  8.62248778E-01
  8.75301421E-01  8.87290001E-01  8.97076070E-01  9.00085688E-01  9.02364850E-01
  9.04937863E-01  9.05854523E-01  9.08424377E-01  9.19879198E-01  9.33941007E-01
  9.44181263E-01  9.51545894E-01  9.56629276E-01  9.59923685E-01  9.61664975E-01
  9.62297440E-01  9.62082446E-01  9.61227238E-01  9.59956765E-01  9.58441317E-01
  9.56822038E-01  9.55216348E-01  9.53660309E-01  9.50468242E-01
     2  'FLUX 23     '       2      64
  4.62075800E-01  4.61678833E-01  4.62642103E-01  4.65906084E-01  4.69496012E-01
  4.69738126E-01  4.71291453E-01  4.68178838E-01  4.68568921E-01  4.70079988E-01
  4.73408401E-01  4.77733701E-01  4.78105247E-01  4.73081917E-01  4.75196302E-01
  4.78068650E-01  4.84822839E-01  4.86692697E-01  4.87612903E-01  4.88527149E-01
  4.90453839E-01  4.94290650E-01  4.98197705E-01  4.99556988E-01  4.88971233E-01
  4.92962211E-01  5.00125647E-01  5.08339286E-01  5.14277935E-01  5.24370432E-01
  5.25460482E-01  5.27752399E-01  5.32109976E-01  5.36355257E-01  5.37870526E-01
  5.19089222E-01  5.27153492E-01  5.39180160E-01  5.53596735E-01  5.65891385E-01
  5.74627638E-01  5.82439005E-01  5.88595986E-01  5.90441048E-01  5.91834903E-01
  5.93398333E-01  5.93925953E-01  5.95489740E-01  6.02622628E-01  6.11872017E-01
  6.19028986E-01  6.24529421E-01  6.28672957E-01  6.31725550E-01  6.33789361E-01
  6.35130882E-01  6.35897398E-01  6.36194646E-01  6.36159062E-01  6.35890424E-01
  6.35470748E-01  6.34962380E-01  6.34400427E-01  6.33305788E-01
     2  'FLUX 24     '       2      64
  4.64968473E-01  4.63489085E-01  4.65136737E-01  4.71280247E-01  4.78174210E-01
  4.78632212E-01  4.81820643E-01  4.72842842E-01  4.73637909E-01  4.76591647E-01
  4.83050466E-01  4.91438627E-01  4.92359221E-01  4.84942704E-01  4.88494784E-01
  4.93503273E-01  5.05292535E-01  5.07526994E-01  5.04126787E-01  5.05902469E-01
  5.09677351E-01  5.17233312E-01  5.25063992E-01  5.27617693E-01  5.10845721E-01
  5.17066538E-01  5.29186547E-01  5.43473721E-01  5.53292453E-01  5.65968394E-01
  5.68188488E-01  5.72881222E-01  5.81842780E-01  5.90643227E-01  5.93652666E-01
  5.61057150E-01  5.74575782E-01  5.96207857E-01  6.22737348E-01  6.44734383E-01
  6.59464657E-01  6.72672033E-01  6.83125854E-01  6.86271489E-01  6.88635826E-01
  6.91283822E-01  6.92185760E-01  6.94863379E-01  7.06854761E-01  7.22018361E-01
  7.33793557E-01  7.43068099E-01  7.50357926E-01  7.56080270E-01  7.60364115E-01
  7.63600826E-01  7.65986800E-01  7.67638385E-01  7.68740177E-01  7.69417226E-01
  7.69769192E-01  7.69859493E-01  7.69749522E-01  7.69718945E-01
     2  'FLUX 25     '       2      64
  3.94894898E-01  3.93464923E-01  3.95284832E-01  4.02142674E-01  4.09872442E-01
  4.10395592E-01  4.14003104E-01  4.04336333E-01  4.05111045E-01  4.08279538E-01
  4.15442735E-01  4.24863160E-01  4.25920814E-01  4.17667717E-01  4.21541661E-01
  4.26865578E-01  4.40614581E-01  4.43117052E-01  4.39166754E-01  4.41147000E-01
  4.45395142E-01  4.54007119E-01  4.62999225E-01  4.65997070E-01  4.46882457E-01
  4.53941047E-01  4.67883050E-01  4.84283358E-01  4.95413482E-01  5.09645939E-01
  5.12199998E-01  5.17637610E-01  5.28118014E-01  5.38491189E-01  5.42129874E-01
  5.04374027E-01  5.20065427E-01  5.45071423E-01  5.76131582E-01  6.02270007E-01
  6.20384216E-01  6.36607468E-01  6.49325788E-01  6.53109372E-01  6.55954540E-01
  6.59140706E-01  6.60193861E-01  6.63429976E-01  6.78003907E-01  6.96631670E-01
  7.11331129E-01  7.23149419E-01  7.32689261E-01  7.40432858E-01  7.46503472E-01
  7.51352310E-01  7.55191565E-01  7.58127272E-01  7.60363102E-01  7.62029588E-01
  7.63228118E-01  7.64011383E-01  7.64461339E-01  7.65693843E-01
     2  'FLUX 26     '       2      64
  4.68957752E-01  4.69124407E-01  4.69584674E-01  4.71158206E-01  4.72675622E-01
  4.72789824E-01  4.72873718E-01  4.76776987E-01  4.76853639E-01  4.77582604E-01
  4.79147941E-01  4.81290907E-01  4.81020600E-01  4.74037468E-01  4.76356208E-01
  4.79201078E-01  4.84048724E-01  4.87104505E-01  4.97799188E-01  4.98256266E-01
  4.99233246E-01  5.01063108E-01  5.02718747E-01  5.03460705E-01  4.90326583E-01
  4.95472640E-01  5.02658367E-01  5.09949982E-01  5.16417503E-01  5.35447180E-01
  5.36085665E-01  5.37304819E-01  5.39463878E-01  5.41488588E-01  5.42276323E-01
  5.21926701E-01  5.31001031E-01  5.42852938E-01  5.55552423E-01  5.67083120E-01
  5.76255202E-01  5.84320545E-01  5.90441704E-01  5.92166543E-01  5.93410254E-01
  5.94749093E-01  5.95097899E-01  5.96407413E-01  6.03048205E-01  6.13382518E-01
  6.22560322E-01  6.30492687E-01  6.37265205E-01  6.43025637E-01  6.47754908E-01
  6.51688397E-01  6.54930830E-01  6.57522380E-01  6.59587622E-01  6.61206186E-01
  6.62441552E-01  6.63324296E-01  6.63922787E-01  6.65365219E-01
     2  'FLUX 27     '       2      64
  5.57683349E-01  5.55023670E-01  5.57852745E-01  5.69240749E-01  5.82155347E-01
  5.83035767E-01  5.88990331E-01  5.72947085E-01  5.74095011E-01  5.79279482E-01
  5.91244996E-01  6.07201457E-01  6.08990550E-01  5.95180213E-01  6.01677001E-01
  6.10441685E-01  6.33750260E-01  6.37630343E-01  6.30824506E-01  6.34147763E-01
  6.41360223E-01  6.56117380E-01  6.71661317E-01  6.76817536E-01  6.43987179E-01
  6.56081080E-01  6.80106938E-01  7.08130419E-01  7.26997077E-01  7.51128435E-01
  7.55633175E-01  7.65248060E-01  7.83876479E-01  8.02461028E-01  8.08966875E-01
  7.42290199E-01  7.69728243E-01  8.13959539E-01  8.69044244E-01  9.15609717E-01
  9.48338628E-01  9.77552891E-01  1.00023544E+00  1.00691974E+00  1.01189160E+00
  1.01742172E+00  1.01918435E+00  1.02480912E+00  1.05038321E+00  1.08404529E+00
  1.11150360E+00  1.13433397E+00  1.15345132E+00  1.16960239E+00  1.18288279E+00
  1.19403613E+00  1.20337510E+00  1.21100175E+00  1.21724212E+00  1.22228909E+00
  1.22628593E+00  1.22927821E+00  1.23143804E+00  1.23660409E+00
     2  'FLUX 28     '       2      64
  1.76731929E-01  1.76836625E-01  1.76996946E-01  1.77518249E-01  1.77939013E-01
  1.77974790E-01  1.77850559E-01  1.80561557E-01  1.80581018E-01  1.80847839E-01
  1.81364879E-01  1.82053939E-01  1.81839705E-01  1.78302795E-01  1.79438174E-01
  1.80826947E-01  1.82821065E-01  1.84421524E-01  1.90826550E-01  1.90989196E-01
  1.91333726E-01  1.91912428E-01  1.92331448E-01  1.92581162E-01  1.86053261E-01
  1.88627064E-01  1.92012042E-01  1.95325226E-01  1.98472887E-01  2.08882287E-01
  2.09117994E-01  2.09529534E-01  2.10178226E-01  2.10713491E-01  2.10941821E-01
  2.01161563E-01  2.05568254E-01  2.11123243E-01  2.16773346E-01  2.21937314E-01
  2.26073772E-01  2.29754850E-01  2.32551619E-01  2.33322397E-01  2.33858243E-01
  2.34426826E-01  2.34535277E-01  2.35068753E-01  2.38026232E-01  2.42934540E-01
  2.47485295E-01  2.51549810E-01  2.55131602E-01  2.58277565E-01  2.60956317E-01
  2.63268054E-01  2.65250951E-01  2.66908437E-01  2.68292785E-01  2.69434422E-01
  2.70356387E-01  2.71064162E-01  2.71594644E-01  2.72820860E-01
     2  'FLUX 29     '       2      64
  2.32875809E-01  2.32983112E-01  2.33084098E-01  2.33558998E-01  2.33965516E-01
  2.33998626E-01  2.33774409E-01  2.36678436E-01  2.36649811E-01  2.36863226E-01
  2.37329945E-01  2.38045767E-01  2.37819016E-01  2.34208539E-01  2.35335290E-01
  2.36667350E-01  2.38619044E-01  2.40191996E-01  2.46755913E-01  2.46896639E-01
  2.47208863E-01  2.47781336E-01  2.48274744E-01  2.48530373E-01  2.41860479E-01
  2.44489551E-01  2.47920766E-01  2.51224875E-01  2.54353076E-01  2.64712304E-01
  2.64960259E-01  2.65404969E-01  2.66173095E-01  2.66915053E-01  2.67202199E-01
  2.57042855E-01  2.61546880E-01  2.67321557E-01  2.73300052E-01  2.78865993E-01
  2.83510983E-01  2.87480414E-01  2.90386498E-01  2.91175812E-01  2.91729301E-01
  2.92318135E-01  2.92429984E-01  2.92998582E-01  2.95989573E-01  3.01188171E-01
  3.06141347E-01  3.10653061E-01  3.14694643E-01  3.18294913E-01  3.21401983E-01
  3.24114263E-01  3.26465517E-01  3.28451455E-01  3.30125809E-01  3.31519067E-01
  3.32654446E-01  3.33535373E-01  3.34204793E-01  3.35737079E-01
     2  'FLUX 30     '       2      64
  2.26826012E-01  2.26917475E-01  2.26925746E-01  2.27085680E-01  2.27151051E-01
  2.27160498E-01  2.26839602E-01  2.29738116E-01  2.29684412E-01  2.29760140E-01
  2.29915068E-01  2.30204210E-01  2.29964793E-01  2.27083877E-01  2.27952465E-01
  2.28957757E-01  2.30175540E-01  2.31454223E-01  2.37374455E-01  2.37430111E-01
  2.37560287E-01  2.37767249E-01  2.37883434E-01  2.38002509E-01  2.32787520E-01
  2.34861970E-01  2.37414703E-01  2.39765361E-01  2.42140591E-01  2.50718892E-01
  2.50857383E-01  2.51075596E-01  2.51412779E-01  2.51723379E-01  2.51854032E-01
  2.44184628E-01  2.47605845E-01  2.51882225E-01  2.56127834E-01  2.60112971E-01
  2.63464510E-01  2.66340971E-01  2.68449813E-01  2.69010067E-01  2.69390255E-01
  2.69779950E-01  2.69827515E-01  2.70189703E-01  2.72317082E-01  2.76278198E-01
  2.80198723E-01  2.83855528E-01  2.87190914E-01  2.90205598E-01  2.92842329E-01
  2.95169234E-01  2.97206104E-01  2.98942655E-01  3.00419003E-01  3.01657051E-01
  3.02673638E-01  3.03469479E-01  3.04081291E-01  3.05469334E-01
     2  'FLUX 31     '       2      64
  3.79682332E-01  3.79799157E-01  3.79813939E-01  3.80061090E-01  3.80191863E-01
  3.80207002E-01  3.79782617E-01  3.83642375E-01  3.83568019E-01  3.83679390E-01
  3.83920908E-01  3.84364426E-01  3.84047687E-01  3.80127817E-01  3.81312072E-01
  3.82676959E-01  3.84378254E-01  3.86113644E-01  3.94067407E-01  3.94151181E-01
  3.94347072E-01  3.94675702E-01  3.94893616E-01  3.95072132E-01  3.87937963E-01
  3.90779942E-01  3.94297242E-01  3.97543222E-01  4.00791615E-01  4.12339985E-01
  4.12541091E-01  4.12868202E-01  4.13392812E-01  4.13890481E-01  4.14091706E-01
  4.03586447E-01  4.08273071E-01  4.14155424E-01  4.20028627E-01  4.25529599E-01
  4.30147588E-01  4.34087098E-01  4.36955333E-01  4.37702805E-01  4.38213617E-01
  4.38722879E-01  4.38773841E-01  4.39247698E-01  4.42102820E-01  4.47604746E-01
  4.53169286E-01  4.58444387E-01  4.63322490E-01  4.67784703E-01  4.71733093E-01
  4.75252271E-01  4.78361219E-01  4.81035918E-01  4.83328342E-01  4.85265881E-01
  4.86869007E-01  4.88135040E-01  4.89119023E-01  4.91333842E-01
     2  'FLUX 32     '       2      64
  1.66354194E-01  1.66388884E-01  1.66426733E-01  1.66606471E-01  1.66755334E-01
  1.66768387E-01  1.66678384E-01  1.67945594E-01  1.67930096E-01  1.68009683E-01
  1.68188170E-01  1.68461770E-01  1.68363363E-01  1.66857317E-01  1.67333126E-01
  1.67888999E-01  1.68695197E-01  1.69367820E-01  1.72179967E-01  1.72235325E-01
  1.72358841E-01  1.72584891E-01  1.72770038E-01  1.72875524E-01  1.70077473E-01
  1.71193466E-01  1.72639549E-01  1.74022898E-01  1.75336555E-01  1.79648980E-01
  1.79748669E-01  1.79926336E-01  1.80231363E-01  1.80521265E-01  1.80637255E-01
  1.76461026E-01  1.78333849E-01  1.80723488E-01  1.83175817E-01  1.85425013E-01
  1.87249154E-01  1.88861996E-01  1.90079421E-01  1.90398678E-01  1.90613598E-01
  1.90828294E-01  1.90847665E-01  1.91040620E-01  1.92287013E-01  1.94574192E-01
  1.96866795E-01  1.99042872E-01  2.01062575E-01  2.02918395E-01  2.04568952E-01
  2.06047416E-01  2.07359806E-01  2.08494455E-01  2.09471554E-01  2.10301116E-01
  2.10990518E-01  2.11537823E-01  2.11965725E-01  2.12925136E-01
     2  'FLUX 33     '       2      64
  1.41462505E-01  1.41478390E-01  1.41567364E-01  1.41902149E-01  1.42250836E-01
  1.42276213E-01  1.42320231E-01  1.42860293E-01  1.42870829E-01  1.43014595E-01
  1.43348724E-01  1.43822372E-01  1.43792182E-01  1.42553777E-01  1.42971754E-01
  1.43474802E-01  1.44428343E-01  1.44959271E-01  1.46676093E-01  1.46770135E-01
  1.46975070E-01  1.47382617E-01  1.47784323E-01  1.47946984E-01  1.45545229E-01
  1.46490052E-01  1.47848800E-01  1.49238229E-01  1.50422812E-01  1.53635323E-01
  1.53770939E-01  1.54040933E-01  1.54544353E-01  1.55043617E-01  1.55229956E-01
  1.51431784E-01  1.53117910E-01  1.55375361E-01  1.57855541E-01  1.60087824E-01
  1.61851004E-01  1.63400099E-01  1.64565265E-01  1.64877564E-01  1.65094614E-01
  1.65318206E-01  1.65353522E-01  1.65565059E-01  1.66788608E-01  1.68891579E-01
  1.70939535E-01  1.72858968E-01  1.74628496E-01  1.76248565E-01  1.77686587E-01
  1.78973809E-01  1.80116579E-01  1.81105122E-01  1.81957170E-01  1.82681367E-01
  1.83284029E-01  1.83763131E-01  1.84138164E-01  1.84979111E-01
     2  'FLUX 34     '       2      64
  2.81066205E-02  2.81086154E-02  2.81221122E-02  2.81700529E-02  2.82147583E-02
  2.82183792E-02  2.82213353E-02  2.83744242E-02  2.83754747E-02  2.83972006E-02
  2.84453332E-02  2.85111517E-02  2.85005383E-02  2.82602832E-02  2.83413213E-02
  2.84387190E-02  2.86022536E-02  2.87096798E-02  2.91032959E-02  2.91176960E-02
  2.91489344E-02  2.92076506E-02  2.92586852E-02  2.92834472E-02  2.88236272E-02
  2.90063601E-02  2.92594004E-02  2.95118280E-02  2.97364965E-02  3.04030105E-02
  3.04242689E-02  3.04648075E-02  3.05366665E-02  3.06035355E-02  3.06300763E-02
  2.99265571E-02  3.02422252E-02  3.06564104E-02  3.10948025E-02  3.14865001E-02
  3.17898653E-02  3.20670567E-02  3.22824903E-02  3.23398300E-02  3.23785208E-02
  3.24172638E-02  3.24205011E-02  3.24550867E-02  3.26835066E-02  3.30768861E-02
  3.34630013E-02  3.38270441E-02  3.41641791E-02  3.44739445E-02  3.47498097E-02
  3.49973924E-02  3.52176912E-02  3.54086868E-02  3.55736241E-02  3.57140638E-02
  3.58311310E-02  3.59243862E-02  3.59975696E-02  3.61613072E-02
     2  'FLUX 35     '       2      64
  2.75902171E-02  2.75918208E-02  2.76084952E-02  2.76692361E-02  2.77308077E-02
  2.77353935E-02  2.77444907E-02  2.78556813E-02  2.78579649E-02  2.78846398E-02
  2.79454384E-02  2.80298628E-02  2.80232765E-02  2.77881641E-02  2.78683901E-02
  2.79654674E-02  2.81443335E-02  2.82462686E-02  2.85841655E-02  2.86015738E-02
  2.86393445E-02  2.87131649E-02  2.87834145E-02  2.88130660E-02  2.83574369E-02
  2.85370890E-02  2.87947878E-02  2.90573332E-02  2.92823836E-02  2.99029090E-02
  2.99277250E-02  2.99767107E-02  3.00667863E-02  3.01542301E-02  3.01873721E-02
  2.94729415E-02  2.97910068E-02  3.02162990E-02  3.06790639E-02  3.10920738E-02
  3.14126462E-02  3.17000933E-02  3.19203325E-02  3.19795273E-02  3.20198573E-02
  3.20611261E-02  3.20664793E-02  3.21048759E-02  3.23371850E-02  3.27342302E-02
  3.31213027E-02  3.34848315E-02  3.38206887E-02  3.41288112E-02  3.44029330E-02
  3.46487984E-02  3.48674953E-02  3.50570530E-02  3.52207348E-02  3.53600979E-02
  3.54762897E-02  3.55688222E-02  3.56414244E-02  3.58040407E-02
     2  'FLUX 36     '       2      64
  2.82443017E-02  2.82458197E-02  2.82647796E-02  2.83338036E-02  2.84057129E-02
  2.84109358E-02  2.84239445E-02  2.85164807E-02  2.85195261E-02  2.85495333E-02
  2.86185853E-02  2.87147127E-02  2.87100598E-02  2.84714438E-02  2.85535436E-02
  2.86532231E-02  2.88453735E-02  2.89475881E-02  2.92657409E-02  2.92852148E-02
  2.93274447E-02  2.94111017E-02  2.94929706E-02  2.95260455E-02  2.90604215E-02
  2.92434283E-02  2.95106675E-02  2.97859944E-02  3.00177075E-02  3.06312814E-02
  3.06585729E-02  3.07132043E-02  3.08149755E-02  3.09150424E-02  3.09524871E-02
  3.02140005E-02  3.05419471E-02  3.09841037E-02  3.14716287E-02  3.19062434E-02
  3.22433822E-02  3.25439498E-02  3.27734426E-02  3.28346305E-02  3.28775197E-02
  3.29211429E-02  3.29271108E-02  3.29680629E-02  3.32113542E-02  3.36230695E-02
  3.40225473E-02  3.43969055E-02  3.47423479E-02  3.50590646E-02  3.53407115E-02
  3.55932899E-02  3.58179621E-02  3.60127054E-02  3.61808948E-02  3.63241173E-02
  3.64435427E-02  3.65386792E-02  3.66133377E-02  3.67805697E-02
     2  'FLUX 37     '       2      64
  2.92390268E-02  2.92412527E-02  2.92590056E-02  2.93224957E-02  2.93868370E-02
  2.93916538E-02  2.94015277E-02  2.95159370E-02  2.95185037E-02  2.95464694E-02
  2.96099614E-02  2.96978205E-02  2.96910796E-02  2.94470824E-02  2.95303538E-02
  2.96312291E-02  2.98172850E-02  2.99237333E-02  3.02733500E-02  3.02915256E-02
  3.03308889E-02  3.04076802E-02  3.04806549E-02  3.05115245E-02  3.00392993E-02
  3.02256737E-02  3.04926392E-02  3.07651758E-02  3.09989993E-02  3.16418037E-02
  3.16675082E-02  3.17182243E-02  3.18113901E-02  3.19017135E-02  3.19359861E-02
  3.11971810E-02  3.15267779E-02  3.19661275E-02  3.24443020E-02  3.28716747E-02
  3.32041718E-02  3.35013084E-02  3.37278433E-02  3.37886028E-02  3.38302925E-02
  3.38728130E-02  3.38780954E-02  3.39176841E-02  3.41561511E-02  3.45672481E-02
  3.49693932E-02  3.53477895E-02  3.56979258E-02  3.60195860E-02  3.63061056E-02
  3.65633853E-02  3.67924608E-02  3.69912274E-02  3.71630192E-02  3.73094231E-02
  3.74315754E-02  3.75289842E-02  3.76054980E-02  3.77766527E-02
     2  'FLUX 38     '       2      64
  2.88065709E-02  2.88090743E-02  2.88279988E-02  2.88961120E-02  2.89669838E-02
  2.89721526E-02  2.89844330E-02  2.90782060E-02  2.90812720E-02  2.91109122E-02
  2.91789006E-02  2.92735901E-02  2.92687677E-02  2.90312767E-02  2.91125961E-02
  2.92113870E-02  2.94007789E-02  2.95032449E-02  2.98217461E-02  2.98408940E-02
  2.98823696E-02  2.99644265E-02  3.00447587E-02  3.00772637E-02  2.96156760E-02
  2.97973193E-02  3.00610941E-02  3.03329881E-02  3.05628050E-02  3.11725829E-02
  3.11993193E-02  3.12527493E-02  3.13522108E-02  3.14501189E-02  3.14867310E-02
  3.07578463E-02  3.10822688E-02  3.15174386E-02  3.19968164E-02  3.24255116E-02
  3.27596813E-02  3.30550745E-02  3.32782269E-02  3.33382413E-02  3.33796069E-02
  3.34218815E-02  3.34275626E-02  3.34676094E-02  3.37038077E-02  3.41099575E-02
  3.45064625E-02  3.48792262E-02  3.52239907E-02  3.55406627E-02  3.58227380E-02
  3.60760763E-02  3.63016725E-02  3.64974737E-02  3.66667472E-02  3.68110500E-02
  3.69314924E-02  3.70275602E-02  3.71030867E-02  3.72718088E-02
     2  'FLUX 39     '       2      64
  2.87928209E-02  2.87962127E-02  2.88110785E-02  2.88636498E-02  2.89150365E-02
  2.89189834E-02  2.89234165E-02  2.90557221E-02  2.90574078E-02  2.90809199E-02
  2.91333515E-02  2.92059444E-02  2.91971546E-02  2.89632063E-02  2.90417895E-02
  2.91366372E-02  2.93014776E-02  2.94054206E-02  2.97677983E-02  2.97830682E-02
  2.98160985E-02  2.98793092E-02  2.99372785E-02  2.99633052E-02  2.95162890E-02
  2.96935365E-02  2.99406555E-02  3.01898401E-02  3.04092634E-02  3.10399123E-02
  3.10618859E-02  3.11043616E-02  3.11810486E-02  3.12543884E-02  3.12826037E-02
  3.05955801E-02  3.09036598E-02  3.13079879E-02  3.17409933E-02  3.21302302E-02
  3.24353948E-02  3.27063799E-02  3.29114124E-02  3.29657570E-02  3.30028720E-02
  3.30403894E-02  3.30446959E-02  3.30796167E-02  3.32925282E-02  3.36727984E-02
  3.40501480E-02  3.44077535E-02  3.47402021E-02  3.50466557E-02  3.53204422E-02
  3.55668291E-02  3.57866250E-02  3.59776691E-02  3.61430347E-02  3.62841561E-02
  3.64020653E-02  3.64962332E-02  3.65703814E-02  3.67356353E-02
     2  'FLUX 40     '       2      64
  2.96021979E-02  2.96057146E-02  2.96216682E-02  2.96787005E-02  2.97358800E-02
  2.97401678E-02  2.97461022E-02  2.98691131E-02  2.98710763E-02  2.98962630E-02
  2.99530718E-02  3.00322790E-02  3.00244708E-02  2.97878366E-02  2.98674852E-02
  2.99636554E-02  3.01354397E-02  3.02396547E-02  3.05924527E-02  3.06087490E-02
  3.06440126E-02  3.07124257E-02  3.07769254E-02  3.08047552E-02  3.03516760E-02
  3.05309892E-02  3.07833329E-02  3.10392193E-02  3.12621407E-02  3.18885259E-02
  3.19117568E-02  3.19571383E-02  3.20400596E-02  3.21204774E-02  3.21510807E-02
  3.14514823E-02  3.17647830E-02  3.21779288E-02  3.26239355E-02  3.30241024E-02
  3.33369449E-02  3.36142182E-02  3.38237658E-02  3.38795409E-02  3.39175388E-02
  3.39560136E-02  3.39597203E-02  3.39955054E-02  3.42158377E-02  3.46055329E-02
  3.49913277E-02  3.53567749E-02  3.56965289E-02  3.60097736E-02  3.62897329E-02
  3.65417711E-02  3.67666893E-02  3.69622856E-02  3.71316411E-02  3.72762308E-02
  3.73970829E-02  3.74936350E-02  3.75697054E-02  3.77392061E-02
     2  'FLUX 41     '       2      64
  2.82070227E-02  2.82111242E-02  2.82230843E-02  2.82656029E-02  2.83054374E-02
  2.83085871E-02  2.83076968E-02  2.84534190E-02  2.84542218E-02  2.84735095E-02
  2.85157692E-02  2.85746492E-02  2.85642128E-02  2.83418354E-02  2.84152776E-02
  2.85034534E-02  2.86474973E-02  2.87473518E-02  2.91154422E-02  2.91279685E-02
  2.91550290E-02  2.92057600E-02  2.92504355E-02  2.92718709E-02  2.88525298E-02
  2.90194154E-02  2.92461254E-02  2.94713844E-02  2.96748262E-02  3.02846804E-02
  3.03031337E-02  3.03379390E-02  3.03995069E-02  3.04576140E-02  3.04802898E-02
  2.98477076E-02  3.01325843E-02  3.05012316E-02  3.08892187E-02  3.12392227E-02
  3.15147601E-02  3.17587927E-02  3.19428071E-02  3.19910496E-02  3.20234746E-02
  3.20560560E-02  3.20587680E-02  3.20889205E-02  3.22778337E-02  3.26262861E-02
  3.29770781E-02  3.33120078E-02  3.36249620E-02  3.39145213E-02  3.41740474E-02
  3.44081596E-02  3.46174352E-02  3.47996801E-02  3.49576771E-02  3.50927040E-02
  3.52056660E-02  3.52960266E-02  3.53673175E-02  3.55258957E-02
     2  'FLUX 42     '       2      64
  5.41906022E-02  5.41985631E-02  5.42140342E-02  5.42651527E-02  5.43027408E-02
  5.43064177E-02  5.42920195E-02  5.46450540E-02  5.46442233E-02  5.46694137E-02
  5.47202304E-02  5.47886454E-02  5.47611490E-02  5.43442890E-02  5.44803105E-02
  5.46423495E-02  5.48727587E-02  5.50666265E-02  5.58548085E-02  5.58714792E-02
  5.59072793E-02  5.59680089E-02  5.60086817E-02  5.60373627E-02  5.52643239E-02
  5.55750839E-02  5.59784807E-02  5.63675202E-02  5.67373708E-02  5.79441525E-02
  5.79701886E-02  5.80154844E-02  5.80883436E-02  5.81495427E-02  5.81764765E-02
  5.70509732E-02  5.75638376E-02  5.82099408E-02  5.88618666E-02  5.94494827E-02
  5.99087961E-02  6.03293367E-02  6.06540367E-02  6.07395992E-02  6.07941970E-02
  6.08475506E-02  6.08483180E-02  6.08948916E-02  6.12274073E-02  6.18527234E-02
  6.24907017E-02  6.31045997E-02  6.36812747E-02  6.42169118E-02  6.46985471E-02
  6.51340932E-02  6.55241832E-02  6.58645034E-02  6.61599860E-02  6.64128065E-02
  6.66245669E-02  6.67941719E-02  6.69281855E-02  6.72261119E-02
     2  'FLUX 43     '       2      64
  8.42947215E-02  8.43015015E-02  8.43637958E-02  8.45829174E-02  8.48189890E-02
  8.48356709E-02  8.48890319E-02  8.50354508E-02  8.50481614E-02  8.51425156E-02
  8.53607655E-02  8.56637731E-02  8.56611803E-02  8.50298628E-02  8.52501169E-02
  8.55197310E-02  8.60771835E-02  8.63457769E-02  8.70674998E-02  8.71277526E-02
  8.72575790E-02  8.75186920E-02  8.77826586E-02  8.78837854E-02  8.66449624E-02
  8.71306881E-02  8.78587887E-02  8.86247084E-02  8.92512426E-02  9.07808021E-02
  9.08614099E-02  9.10257250E-02  9.13367420E-02  9.16469395E-02  9.17614549E-02
  8.97825882E-02  9.06635150E-02  9.18585211E-02  9.32027251E-02  9.43967178E-02
  9.53179598E-02  9.61323604E-02  9.67474654E-02  9.69133750E-02  9.70275402E-02
  9.71450284E-02  9.71605927E-02  9.72726494E-02  9.79273841E-02  9.90441442E-02
  1.00134395E-01  1.01161949E-01  1.02115460E-01  1.02994271E-01  1.03779994E-01
  1.04488067E-01  1.05120756E-01  1.05671689E-01  1.06149502E-01  1.06558010E-01
  1.06899947E-01  1.07173532E-01  1.07389323E-01  1.07871041E-01
     2  'FLUX 44     '       2      64
  1.08681910E-01  1.08690590E-01  1.08764201E-01  1.09014161E-01  1.09276764E-01
  1.09295785E-01  1.09356806E-01  1.09593064E-01  1.09608270E-01  1.09717973E-01
  1.09967388E-01  1.10308282E-01  1.10299505E-01  1.09523073E-01  1.09794147E-01
  1.10126458E-01  1.10787883E-01  1.11126371E-01  1.12082861E-01  1.12153046E-01
  1.12303711E-01  1.12601683E-01  1.12893827E-01  1.13010645E-01  1.11495607E-01
  1.12092584E-01  1.12974390E-01  1.13897562E-01  1.14664353E-01  1.16591997E-01
  1.16685644E-01  1.16874598E-01  1.17227264E-01  1.17572732E-01  1.17702231E-01
  1.15313813E-01  1.16383076E-01  1.17819570E-01  1.19418390E-01  1.20838448E-01
  1.21930584E-01  1.22897491E-01  1.23624988E-01  1.23820506E-01  1.23953722E-01
  1.24089293E-01  1.24105647E-01  1.24234341E-01  1.25004962E-01  1.26351535E-01
  1.27680928E-01  1.28941774E-01  1.30117074E-01  1.31204188E-01  1.32179379E-01
  1.33060411E-01  1.33849487E-01  1.34538114E-01  1.35136470E-01  1.35648996E-01
  1.36078775E-01  1.36423379E-01  1.36695907E-01  1.37302041E-01
     2  'FLUX 45     '       2      64
  2.94063717E-01  2.94079423E-01  2.94260889E-01  2.94868946E-01  2.95508206E-01
  2.95554727E-01  2.95715123E-01  2.96248496E-01  2.96287090E-01  2.96554685E-01
  2.97163397E-01  2.97990024E-01  2.97972381E-01  2.96120822E-01  2.96773612E-01
  2.97574490E-01  2.99183697E-01  2.99992710E-01  3.02216858E-01  3.02388728E-01
  3.02757412E-01  3.03486079E-01  3.04197371E-01  3.04483443E-01  3.00872982E-01
  3.02297503E-01  3.04416239E-01  3.06642979E-01  3.08478773E-01  3.12975764E-01
  3.13203663E-01  3.13664377E-01  3.14524829E-01  3.15364867E-01  3.15682083E-01
  3.10027868E-01  3.12567681E-01  3.15989465E-01  3.19811314E-01  3.23169619E-01
  3.25691402E-01  3.27954888E-01  3.29675138E-01  3.30139488E-01  3.30445409E-01
  3.30756992E-01  3.30779374E-01  3.31071824E-01  3.32895368E-01  3.36141676E-01
  3.39386791E-01  3.42491746E-01  3.45406681E-01  3.48119199E-01  3.50566328E-01
  3.52787971E-01  3.54786158E-01  3.56537431E-01  3.58064741E-01  3.59377593E-01
  3.60482097E-01  3.61371070E-01  3.62077236E-01  3.63641948E-01
     2  'FLUX 46     '       2      64
  3.24363261E-01  3.24356258E-01  3.24485302E-01  3.24924380E-01  3.25380504E-01
  3.25414449E-01  3.25534850E-01  3.26015025E-01  3.26035887E-01  3.26228738E-01
  3.26678008E-01  3.27283204E-01  3.27263087E-01  3.25847000E-01  3.26356620E-01
  3.26968193E-01  3.28218341E-01  3.28830749E-01  3.30494285E-01  3.30625892E-01
  3.30909729E-01  3.31471205E-01  3.32007140E-01  3.32232535E-01  3.29500556E-01
  3.30586731E-01  3.32220852E-01  3.33934903E-01  3.35318685E-01  3.38402987E-01
  3.38585854E-01  3.38956177E-01  3.39649856E-01  3.40323299E-01  3.40586990E-01
  3.36468816E-01  3.38337928E-01  3.40897143E-01  3.43791366E-01  3.46209198E-01
  3.47805023E-01  3.49330753E-01  3.50535542E-01  3.50855887E-01  3.51050019E-01
  3.51209372E-01  3.51175308E-01  3.51323783E-01  3.52609813E-01  3.55174094E-01
  3.57897729E-01  3.60596657E-01  3.63194048E-01  3.65656346E-01  3.67914259E-01
  3.69989693E-01  3.71876299E-01  3.73545796E-01  3.75013888E-01  3.76284987E-01
  3.77361745E-01  3.78235132E-01  3.78935516E-01  3.80471617E-01
     2  'FLUX 47     '       2      64
  3.78483236E-01  3.78421992E-01  3.78493696E-01  3.78723413E-01  3.78984153E-01
  3.79003018E-01  3.79139513E-01  3.79012167E-01  3.79018009E-01  3.79112244E-01
  3.79368216E-01  3.79695028E-01  3.79715979E-01  3.79315197E-01  3.79520476E-01
  3.79735917E-01  3.80410612E-01  3.80554825E-01  3.80272150E-01  3.80351335E-01
  3.80520642E-01  3.80877912E-01  3.81220579E-01  3.81373286E-01  3.80725473E-01
  3.81009012E-01  3.81597638E-01  3.82281631E-01  3.82638514E-01  3.81627232E-01
  3.81736159E-01  3.81971985E-01  3.82447809E-01  3.82923901E-01  3.83136719E-01
  3.82855207E-01  3.83085698E-01  3.83573085E-01  3.84362489E-01  3.84491205E-01
  3.83632302E-01  3.83157730E-01  3.82860392E-01  3.82812262E-01  3.82638037E-01
  3.82459164E-01  3.82220745E-01  3.82026166E-01  3.81726891E-01  3.82396847E-01
  3.83715183E-01  3.85330230E-01  3.87078524E-01  3.88865888E-01  3.90601397E-01
  3.92261297E-01  3.93817902E-01  3.95232141E-01  3.96501809E-01  3.97620499E-01
  3.98582995E-01  3.99376929E-01  4.00026262E-01  4.01423126E-01
     2  'FLUX 48     '       2      64
  2.84962982E-01  2.84888327E-01  2.84868807E-01  2.84716576E-01  2.84562767E-01
  2.84552574E-01  2.84606367E-01  2.84351319E-01  2.84340054E-01  2.84271032E-01
  2.84143835E-01  2.83920795E-01  2.83933163E-01  2.84552217E-01  2.84421951E-01
  2.84214377E-01  2.83970594E-01  2.83709675E-01  2.82223046E-01  2.82195777E-01
  2.82124877E-01  2.81997532E-01  2.81828016E-01  2.81807929E-01  2.83382118E-01
  2.82824755E-01  2.82130599E-01  2.81465679E-01  2.80694723E-01  2.76341230E-01
  2.76284218E-01  2.76178122E-01  2.76013464E-01  2.75848716E-01  2.75849938E-01
  2.79903799E-01  2.78321862E-01  2.76275694E-01  2.74193496E-01  2.71474779E-01
  2.67933547E-01  2.65230954E-01  2.63292760E-01  2.62707084E-01  2.62246639E-01
  2.61702955E-01  2.61333168E-01  2.60782868E-01  2.58627445E-01  2.56754279E-01
  2.55908728E-01  2.55642503E-01  2.55740523E-01  2.56067336E-01  2.56538033E-01
  2.57084131E-01  2.57662863E-01  2.58237571E-01  2.58786827E-01  2.59294480E-01
  2.59748816E-01  2.60138601E-01  2.60471761E-01  2.61161327E-01
     2  'FLUX 49     '       2      64
  2.30698898E-01  2.30632961E-01  2.30633184E-01  2.30489880E-01  2.30367675E-01
  2.30358154E-01  2.30450302E-01  2.29836747E-01  2.29843363E-01  2.29779094E-01
  2.29653090E-01  2.29419082E-01  2.29459122E-01  2.30372444E-01  2.30156854E-01
  2.29858533E-01  2.29481637E-01  2.29109198E-01  2.26910859E-01  2.26877302E-01
  2.26783544E-01  2.26617351E-01  2.26421267E-01  2.26385921E-01  2.28632465E-01
  2.27818102E-01  2.26779237E-01  2.25806385E-01  2.24734038E-01  2.19073534E-01
  2.18977392E-01  2.18796268E-01  2.18503356E-01  2.18219116E-01  2.18182653E-01
  2.23660499E-01  2.21510485E-01  2.18655854E-01  2.15704292E-01  2.12070361E-01
  2.07600147E-01  2.04129443E-01  2.01587602E-01  2.00932786E-01  2.00316191E-01
  1.99639127E-01  1.99262783E-01  1.98585376E-01  1.95830211E-01  1.93021744E-01
  1.91326261E-01  1.90294415E-01  1.89704046E-01  1.89410880E-01  1.89336345E-01
  1.89397037E-01  1.89545885E-01  1.89748526E-01  1.89976364E-01  1.90210000E-01
  1.90435216E-01  1.90641522E-01  1.90829679E-01  1.91199884E-01
     2  'FLUX 50     '       2      64
  1.92997262E-01  1.92946494E-01  1.92966908E-01  1.92864001E-01  1.92793056E-01
  1.92786157E-01  1.92893595E-01  1.92175969E-01  1.92195103E-01  1.92150488E-01
  1.92058295E-01  1.91866502E-01  1.91915125E-01  1.92823678E-01  1.92609608E-01
  1.92325115E-01  1.91964820E-01  1.91606089E-01  1.89321473E-01  1.89293385E-01
  1.89206511E-01  1.89054027E-01  1.88878268E-01  1.88846260E-01  1.91127628E-01
  1.90299869E-01  1.89236730E-01  1.88257709E-01  1.87182963E-01  1.81440875E-01
  1.81335405E-01  1.81135520E-01  1.80808514E-01  1.80493176E-01  1.80444241E-01
  1.86102152E-01  1.83896825E-01  1.80920050E-01  1.77817836E-01  1.74039200E-01
  1.69445142E-01  1.65845826E-01  1.63190812E-01  1.62502423E-01  1.61870912E-01
  1.61186337E-01  1.60799012E-01  1.60132885E-01  1.57255605E-01  1.54188052E-01
  1.52216569E-01  1.50912032E-01  1.50060281E-01  1.49520263E-01  1.49219871E-01
  1.49073511E-01  1.49034604E-01  1.49071366E-01  1.49153501E-01  1.49261102E-01
  1.49379537E-01  1.49499103E-01  1.49617344E-01  1.49836674E-01
     2  'FLUX 51     '       2      64
  2.37965733E-01  2.37914354E-01  2.37962157E-01  2.37859160E-01  2.37804726E-01
  2.37797439E-01  2.37946957E-01  2.36960500E-01  2.36998051E-01  2.36957029E-01
  2.36861929E-01  2.36637548E-01  2.36703336E-01  2.37862587E-01  2.37594917E-01
  2.37246603E-01  2.36791506E-01  2.36351505E-01  2.33313426E-01  2.33280703E-01
  2.33168691E-01  2.32969940E-01  2.32739508E-01  2.32699096E-01  2.35730261E-01
  2.34635979E-01  2.33213350E-01  2.31914744E-01  2.30494782E-01  2.22736880E-01
  2.22583801E-01  2.22289428E-01  2.21800312E-01  2.21327424E-01  2.21245751E-01
  2.29050398E-01  2.26038009E-01  2.21905068E-01  2.17555746E-01  2.12269142E-01
  2.05858380E-01  2.00790331E-01  1.97041914E-01  1.95960298E-01  1.95128754E-01
  1.94202378E-01  1.93654373E-01  1.92746043E-01  1.88625336E-01  1.84163138E-01
  1.81225881E-01  1.79222703E-01  1.77859023E-01  1.76940158E-01  1.76369458E-01
  1.76026389E-01  1.75846398E-01  1.75786525E-01  1.75803676E-01  1.75869524E-01
  1.75963521E-01  1.76072329E-01  1.76190436E-01  1.76395953E-01
     2  'FLUX 52     '       2      64
  4.78031427E-01  4.77957249E-01  4.78148401E-01  4.78126049E-01  4.78231311E-01
  4.78229612E-01  4.78619337E-01  4.76432890E-01  4.76555288E-01  4.76564735E-01
  4.76545334E-01  4.76292223E-01  4.76440668E-01  4.78534371E-01  4.78106707E-01
  4.77570027E-01  4.76940632E-01  4.76211071E-01  4.69953626E-01  4.69927371E-01
  4.69765484E-01  4.69485998E-01  4.69131887E-01  4.69103485E-01  4.75046217E-01
  4.72932309E-01  4.70202982E-01  4.67804909E-01  4.65081990E-01  4.48794305E-01
  4.48472857E-01  4.47849870E-01  4.46814895E-01  4.45809275E-01  4.45647120E-01
  4.62212831E-01  4.55951124E-01  4.47198600E-01  4.37926441E-01  4.26439077E-01
  4.12257999E-01  4.00982350E-01  3.92501831E-01  3.90181869E-01  3.88281137E-01
  3.86194855E-01  3.85125130E-01  3.83053243E-01  3.73738408E-01  3.63591999E-01
  3.56855214E-01  3.52212578E-01  3.49009007E-01  3.46811652E-01  3.45406860E-01
  3.44524533E-01  3.44020218E-01  3.43798339E-01  3.43761444E-01  3.43845308E-01
  3.44002962E-01  3.44204247E-01  3.44434291E-01  3.44821066E-01
     2  'FLUX 53     '       2      64
  7.00196624E-01  7.00158596E-01  7.00657606E-01  7.01163948E-01  7.01901615E-01
  7.01936424E-01  7.02690244E-01  6.99537218E-01  6.99808300E-01  7.00083554E-01
  7.00573266E-01  7.00853765E-01  7.01075912E-01  7.02865303E-01  7.02707291E-01
  7.02559829E-01  7.02756405E-01  7.02331185E-01  6.94287121E-01  6.94381297E-01
  6.94401383E-01  6.94478214E-01  6.94417357E-01  6.94567621E-01  7.01192677E-01
  6.98942602E-01  6.96156204E-01  6.94018543E-01  6.91166997E-01  6.69133067E-01
  6.68744445E-01  6.67987227E-01  6.66754425E-01  6.65542245E-01  6.65423214E-01
  6.87832654E-01  6.79733098E-01  6.68067396E-01  6.55650556E-01  6.39407098E-01
  6.18349254E-01  6.01478398E-01  5.88597655E-01  5.85100114E-01  5.82222939E-01
  5.78944981E-01  5.77482283E-01  5.74388742E-01  5.60027242E-01  5.44702232E-01
  5.34743547E-01  5.28039515E-01  5.23555517E-01  5.20613670E-01  5.18868268E-01
  5.17905414E-01  5.17498910E-01  5.17494261E-01  5.17741799E-01  5.18141150E-01
  5.18618286E-01  5.19122362E-01  5.19633770E-01  5.20559192E-01
     2  'FLUX 54     '       2      64
  1.51264071E+00  1.51275408E+00  1.51466227E+00  1.51811945E+00  1.52221012E+00
  1.52246130E+00  1.52494764E+00  1.51878071E+00  1.51966000E+00  1.52137065E+00
  1.52476978E+00  1.52841401E+00  1.52892876E+00  1.52676415E+00  1.52857602E+00
  1.53115523E+00  1.53709912E+00  1.53903925E+00  1.52810705E+00  1.52894652E+00
  1.53032875E+00  1.53307152E+00  1.53542745E+00  1.53673625E+00  1.53943467E+00
  1.53912961E+00  1.53990054E+00  1.54280567E+00  1.54295194E+00  1.51015246E+00
  1.51001143E+00  1.50977528E+00  1.50968361E+00  1.50950444E+00  1.51016557E+00
  1.54100275E+00  1.53162396E+00  1.51695526E+00  1.50177801E+00  1.47669232E+00
  1.43822467E+00  1.40765810E+00  1.38430333E+00  1.37725556E+00  1.37232852E+00
  1.36625397E+00  1.36328328E+00  1.35777950E+00  1.33122158E+00  1.30509412E+00
  1.28997684E+00  1.28131485E+00  1.27691829E+00  1.27538633E+00  1.27591562E+00
  1.27772021E+00  1.28033316E+00  1.28339362E+00  1.28662276E+00  1.28982008E+00
  1.29283273E+00  1.29553556E+00  1.29793084E+00  1.30262744E+00
     2  'FLUX 55     '       2      64
  2.62398267E+00  2.62471557E+00  2.63043499E+00  2.64393616E+00  2.65901327E+00
  2.66001868E+00  2.66720343E+00  2.65705729E+00  2.65937281E+00  2.66582155E+00
  2.67926645E+00  2.69560719E+00  2.69681597E+00  2.67493200E+00  2.68443990E+00
  2.69760585E+00  2.72556353E+00  2.73724055E+00  2.73703575E+00  2.74057221E+00
  2.74753404E+00  2.76121879E+00  2.77423477E+00  2.77980566E+00  2.74674320E+00
  2.76071405E+00  2.78430438E+00  2.81422591E+00  2.83524752E+00  2.83101153E+00
  2.83354664E+00  2.83882689E+00  2.84925151E+00  2.85919523E+00  2.86394811E+00
  2.84976435E+00  2.86298919E+00  2.87783217E+00  2.89763117E+00  2.89727044E+00
  2.86647511E+00  2.84344220E+00  2.82507610E+00  2.81972766E+00  2.81521416E+00
  2.81022644E+00  2.80676961E+00  2.80221677E+00  2.78220320E+00  2.77388358E+00
  2.77943730E+00  2.79210353E+00  2.80880332E+00  2.82769847E+00  2.84736919E+00
  2.86708593E+00  2.88625216E+00  2.90423107E+00  2.92080045E+00  2.93573618E+00
  2.94885182E+00  2.95991278E+00  2.96912527E+00  2.98767686E+00
     2  'FLUX 56     '       2      64
  4.43081331E+00  4.43320179E+00  4.44790077E+00  4.48735189E+00  4.53034973E+00
  4.53333092E+00  4.55187035E+00  4.53737974E+00  4.54278135E+00  4.56142616E+00
  4.60122204E+00  4.65174484E+00  4.65451145E+00  4.57540417E+00  4.60594559E+00
  4.64817047E+00  4.73641729E+00  4.77514219E+00  4.82091856E+00  4.83171272E+00
  4.85444975E+00  4.89908743E+00  4.94272566E+00  4.95996714E+00  4.81206369E+00
  4.87061071E+00  4.96454477E+00  5.07580471E+00  5.16246176E+00  5.29262972E+00
  5.30444384E+00  5.32889843E+00  5.37542295E+00  5.42031431E+00  5.43797064E+00
  5.23194361E+00  5.33114529E+00  5.46456432E+00  5.62439203E+00  5.74602032E+00
  5.79984951E+00  5.85072803E+00  5.89145517E+00  5.90244150E+00  5.90873575E+00
  5.91534567E+00  5.91390610E+00  5.92044687E+00  5.97424269E+00  6.08102036E+00
  6.19215918E+00  6.30114079E+00  6.40549517E+00  6.50422335E+00  6.59513807E+00
  6.67907619E+00  6.75580311E+00  6.82435322E+00  6.88521957E+00  6.93846846E+00
  6.98408222E+00  7.02169037E+00  7.05227852E+00  7.11354446E+00
     2  'FLUX 57     '       2      64
  3.09041405E+00  3.09302735E+00  3.10641861E+00  3.14446139E+00  3.18540096E+00
  3.18827891E+00  3.20527768E+00  3.19791722E+00  3.20260668E+00  3.22063684E+00
  3.25938010E+00  3.30940318E+00  3.31174159E+00  3.22844267E+00  3.25917363E+00
  3.30198288E+00  3.39021134E+00  3.43007898E+00  3.49441671E+00  3.50510573E+00
  3.52835393E+00  3.57389975E+00  3.61886787E+00  3.63605189E+00  3.46995282E+00
  3.53451443E+00  3.63649035E+00  3.75555587E+00  3.85161161E+00  4.04075432E+00
  4.05448818E+00  4.08289433E+00  4.13645649E+00  4.18833160E+00  4.20748281E+00
  3.93178034E+00  4.05570316E+00  4.22694063E+00  4.43087482E+00  4.60743666E+00
  4.72576141E+00  4.82726955E+00  4.90803671E+00  4.93001604E+00  4.94485760E+00
  4.96005726E+00  4.96172905E+00  4.97608566E+00  5.08166361E+00  5.25203848E+00
  5.41070843E+00  5.55663967E+00  5.69016457E+00  5.81220341E+00  5.92147636E+00
  6.02017403E+00  6.10876179E+00  6.18671513E+00  6.25507450E+00  6.31425905E+00
  6.36451674E+00  6.40565968E+00  6.43888378E+00  6.50426960E+00
     2  'FLUX 58     '       2      64
  2.32332206E+00  2.32596707E+00  2.33768868E+00  2.37192488E+00  2.40850711E+00
  2.41109324E+00  2.42590642E+00  2.42235208E+00  2.42638326E+00  2.44270492E+00
  2.47778010E+00  2.52345920E+00  2.52539039E+00  2.44692111E+00  2.47516394E+00
  2.51480389E+00  2.59545541E+00  2.63272905E+00  2.70010376E+00  2.70987368E+00
  2.73148561E+00  2.77374482E+00  2.81572866E+00  2.83144569E+00  2.67071795E+00
  2.73267269E+00  2.82962155E+00  2.94243360E+00  3.03512287E+00  3.23543859E+00
  3.24903631E+00  3.27715588E+00  3.33001065E+00  3.38138366E+00  3.39970279E+00
  3.11386371E+00  3.23907423E+00  3.41378164E+00  3.62199092E+00  3.81099510E+00
  3.95122337E+00  4.06632853E+00  4.15605736E+00  4.18051052E+00  4.19747543E+00
  4.21494007E+00  4.21800327E+00  4.23487186E+00  4.35146332E+00  4.53653097E+00
  4.70521307E+00  4.85782719E+00  4.99561930E+00  5.12015486E+00  5.23061514E+00
  5.32958937E+00  5.41780710E+00  5.49498415E+00  5.56233072E+00  5.62039328E+00
  5.66952515E+00  5.70965195E+00  5.74198723E+00  5.80467272E+00
     2  'FLUX 59     '       2      64
  1.71206892E+00  1.71449316E+00  1.72413003E+00  1.75264561E+00  1.78298855E+00
  1.78513658E+00  1.79730678E+00  1.79558086E+00  1.79888237E+00  1.81256914E+00
  1.84192884E+00  1.88032687E+00  1.88187420E+00  1.81488192E+00  1.83863974E+00
  1.87226593E+00  1.94000447E+00  1.97181976E+00  2.03222108E+00  2.04045415E+00
  2.05887365E+00  2.09483242E+00  2.13069129E+00  2.14393258E+00  2.00449467E+00
  2.05797553E+00  2.14123487E+00  2.23824263E+00  2.31886482E+00  2.50092483E+00
  2.51298785E+00  2.53793716E+00  2.58476925E+00  2.63038731E+00  2.64629698E+00
  2.38805747E+00  2.49958777E+00  2.65616417E+00  2.84331369E+00  3.01756525E+00
  3.15269160E+00  3.26073503E+00  3.34408879E+00  3.36677647E+00  3.38265729E+00
  3.39918184E+00  3.40240884E+00  3.41849971E+00  3.52741241E+00  3.69969416E+00
  3.85518527E+00  3.99472928E+00  4.11985445E+00  4.23226166E+00  4.33146477E+00
  4.41995716E+00  4.49851894E+00  4.56702805E+00  4.62664223E+00  4.67791843E+00
  4.72122574E+00  4.75656176E+00  4.78502321E+00  4.83942318E+00
     2  'FLUX 60     '       2      64
  1.55077112E+00  1.55339015E+00  1.56298506E+00  1.59153426E+00  1.62183821E+00
  1.62398565E+00  1.63614368E+00  1.63489783E+00  1.63819563E+00  1.65199888E+00
  1.68153882E+00  1.72025537E+00  1.72179472E+00  1.65377975E+00  1.67765987E+00
  1.71177197E+00  1.77994490E+00  1.81233990E+00  1.87517476E+00  1.88350594E+00
  1.90231144E+00  1.93897641E+00  1.97563791E+00  1.98903251E+00  1.84571171E+00
  1.90047359E+00  1.98549700E+00  2.08492112E+00  2.16823101E+00  2.36100197E+00
  2.37369967E+00  2.39998317E+00  2.44928503E+00  2.49738193E+00  2.51387620E+00
  2.24023986E+00  2.35724568E+00  2.52236795E+00  2.72054458E+00  2.90824771E+00
  3.05749488E+00  3.17446589E+00  3.26407743E+00  3.28849840E+00  3.30567074E+00
  3.32355618E+00  3.32732415E+00  3.34486103E+00  3.46319318E+00  3.65036559E+00
  3.81823802E+00  3.96806979E+00  4.10178185E+00  4.22138834E+00  4.32657862E+00
  4.42010832E+00  4.50290203E+00  4.57493496E+00  4.63749027E+00  4.69120646E+00
  4.73651457E+00  4.77346849E+00  4.80323887E+00  4.85934973E+00
     2  'FLUX 61     '       2      64
  1.53344524E+00  1.53648412E+00  1.54697514E+00  1.57828891E+00  1.61149430E+00
  1.61384654E+00  1.62728965E+00  1.62561488E+00  1.62925005E+00  1.64451027E+00
  1.67710245E+00  1.71987212E+00  1.72162211E+00  1.64664841E+00  1.67277884E+00
  1.71052706E+00  1.78555834E+00  1.82140613E+00  1.89106786E+00  1.90031457E+00
  1.92136991E+00  1.96239483E+00  2.00353312E+00  2.01840544E+00  1.85839462E+00
  1.91929317E+00  2.01386690E+00  2.12511659E+00  2.21888399E+00  2.43878841E+00
  2.45343137E+00  2.48378825E+00  2.54073834E+00  2.59638786E+00  2.61518431E+00
  2.30040312E+00  2.43374467E+00  2.62319422E+00  2.85193348E+00  3.07157111E+00
  3.24910212E+00  3.38594437E+00  3.49063230E+00  3.51909995E+00  3.53909969E+00
  3.56001186E+00  3.56459999E+00  3.58515811E+00  3.72551966E+00  3.94702625E+00
  4.14440870E+00  4.31965828E+00  4.47535372E+00  4.61405993E+00  4.73565149E+00
  4.84344006E+00  4.93859339E+00  5.02120447E+00  5.09281254E+00  5.15420675E+00
  5.20592976E+00  5.24810743E+00  5.28209972E+00  5.34519243E+00
     2  'FLUX 62     '       2      64
  1.27923787E+00  1.28222144E+00  1.29198205E+00  1.32107794E+00  1.35193813E+00
  1.35412240E+00  1.36682987E+00  1.36433339E+00  1.36776423E+00  1.38207853E+00
  1.41257417E+00  1.45260191E+00  1.45433259E+00  1.38480127E+00  1.40889597E+00
  1.44420063E+00  1.51403606E+00  1.54749799E+00  1.61149561E+00  1.62020433E+00
  1.64020395E+00  1.67915654E+00  1.71832669E+00  1.73234081E+00  1.58198774E+00
  1.63897491E+00  1.72766161E+00  1.83289754E+00  1.92201722E+00  2.13193965E+00
  2.14625931E+00  2.17600846E+00  2.23185968E+00  2.28652668E+00  2.30473113E+00
  1.99987853E+00  2.12785864E+00  2.31110358E+00  2.53411126E+00  2.75073504E+00
  2.92757726E+00  3.06163573E+00  3.16419148E+00  3.19207311E+00  3.21170330E+00
  3.23204303E+00  3.23663712E+00  3.25675893E+00  3.39736915E+00  3.61875629E+00
  3.81476831E+00  3.98791051E+00  4.14105368E+00  4.27694082E+00  4.39568663E+00
  4.50063705E+00  4.59303522E+00  4.67308998E+00  4.74235678E+00  4.80165482E+00
  4.85155630E+00  4.89225245E+00  4.92507648E+00  4.98490477E+00
     2  'FLUX 63     '       2      64
  8.43720138E-01  8.46046865E-01  8.53193104E-01  8.74334633E-01  8.96786392E-01
  8.98372352E-01  9.07792449E-01  9.05078351E-01  9.07640517E-01  9.18155253E-01
  9.40468967E-01  9.69728947E-01  9.71074224E-01  9.20818031E-01  9.38144565E-01
  9.63941813E-01  1.01465523E+00  1.03909242E+00  1.08452511E+00  1.09093606E+00
  1.10576987E+00  1.13464332E+00  1.16374636E+00  1.17406011E+00  1.06415033E+00
  1.10565376E+00  1.17037272E+00  1.24797916E+00  1.31401765E+00  1.46925056E+00
  1.48014665E+00  1.50283110E+00  1.54545617E+00  1.58724332E+00  1.60097456E+00
  1.37195325E+00  1.46736693E+00  1.60491359E+00  1.77376521E+00  1.93943608E+00
  2.07543087E+00  2.17663932E+00  2.25402141E+00  2.27496934E+00  2.28981972E+00
  2.30515957E+00  2.30857658E+00  2.32375717E+00  2.43245983E+00  2.60369062E+00
  2.75450206E+00  2.88712430E+00  3.00397205E+00  3.10727906E+00  3.19730735E+00
  3.27666378E+00  3.34635949E+00  3.40663576E+00  3.45870829E+00  3.50323009E+00
  3.54066491E+00  3.57120323E+00  3.59586382E+00  3.63994837E+00
     2  'FLUX 64     '       2      64
  7.58695424E-01  7.61151969E-01  7.68270075E-01  7.89099216E-01  8.11265051E-01
  8.12822938E-01  8.22320879E-01  8.18560421E-01  8.21172655E-01  8.31653297E-01
  8.53796184E-01  8.82782638E-01  8.84205341E-01  8.35106492E-01  8.51963699E-01
  8.77496719E-01  9.27368641E-01  9.51538384E-01  9.94773626E-01  1.00117600E+00
  1.01608908E+00  1.04509974E+00  1.07439888E+00  1.08468926E+00  9.76138353E-01
  1.01697731E+00  1.08082652E+00  1.15829360E+00  1.22450531E+00  1.37912643E+00
  1.39034688E+00  1.41375709E+00  1.45778835E+00  1.50101602E+00  1.51504278E+00
  1.28280318E+00  1.37887180E+00  1.51829910E+00  1.69106126E+00  1.86207414E+00
  2.00280738E+00  2.10555720E+00  2.18397570E+00  2.20531178E+00  2.22027683E+00
  2.23578644E+00  2.23922849E+00  2.25469375E+00  2.36778545E+00  2.54627109E+00
  2.70275140E+00  2.83979297E+00  2.96009183E+00  3.06608939E+00  3.15822172E+00
  3.23922944E+00  3.31021237E+00  3.37150049E+00  3.42436957E+00  3.46952033E+00
  3.50745463E+00  3.53841352E+00  3.56344891E+00  3.60731745E+00
     2  'FLUX 65     '       2      64
  6.50130391E-01  6.52637899E-01  6.59522593E-01  6.79368615E-01  7.00570524E-01
  7.02049315E-01  7.11365461E-01  7.06225038E-01  7.08828568E-01  7.18958378E-01
  7.40247309E-01  7.68049896E-01  7.69534111E-01  7.23463297E-01  7.39219010E-01
  7.63619065E-01  8.10932100E-01  8.33954871E-01  8.72697055E-01  8.78901541E-01
  8.93455923E-01  9.21760023E-01  9.50418949E-01  9.60371435E-01  8.57153416E-01
  8.95798862E-01  9.56502140E-01  1.03127694E+00  1.09545910E+00  1.24344110E+00
  1.25470150E+00  1.27826107E+00  1.32263875E+00  1.36628842E+00  1.38024080E+00
  1.15218091E+00  1.24570489E+00  1.38265014E+00  1.55437040E+00  1.72597229E+00
  1.86729062E+00  1.96811008E+00  2.04504681E+00  2.06588531E+00  2.08049750E+00
  2.09566975E+00  2.09913564E+00  2.11422682E+00  2.22853613E+00  2.40932989E+00
  2.56697869E+00  2.70437622E+00  2.82446957E+00  2.92986655E+00  3.02120423E+00
  3.10128140E+00  3.17126727E+00  3.23158145E+00  3.28352642E+00  3.32783151E+00
  3.36502457E+00  3.39539599E+00  3.41999626E+00  3.46210337E+00
     2  'FLUX 66     '       2      64
  5.17092228E-01  5.19511759E-01  5.25878370E-01  5.43855071E-01  5.63194931E-01
  5.64536214E-01  5.73302329E-01  5.66382408E-01  5.68888426E-01  5.78231633E-01
  5.97744346E-01  6.23142183E-01  6.24665260E-01  5.84120810E-01  5.97945809E-01
  6.20024145E-01  6.62492871E-01  6.83139086E-01  7.14353442E-01  7.20097959E-01
  7.33676016E-01  7.60089993E-01  7.86931813E-01  7.96112120E-01  7.03650057E-01
  7.38033175E-01  7.92521298E-01  8.61037552E-01  9.20039058E-01  1.05295706E+00
  1.06382430E+00  1.08665144E+00  1.12974656E+00  1.17224336E+00  1.18556917E+00
  9.72383082E-01  1.05880141E+00  1.18697739E+00  1.35028791E+00  1.51521039E+00
  1.65082669E+00  1.74486458E+00  1.81659973E+00  1.83608437E+00  1.84969354E+00
  1.86369312E+00  1.86691511E+00  1.88095701E+00  1.99181819E+00  2.16714501E+00
  2.31888294E+00  2.45029926E+00  2.56454349E+00  2.66432023E+00  2.75047421E+00
  2.82574868E+00  2.89133739E+00  2.94774008E+00  2.99622798E+00  3.03752637E+00
  3.07216597E+00  3.10047269E+00  3.12344980E+00  3.16169047E+00
     2  'FLUX 67     '       2      64
  3.62770528E-01  3.64868671E-01  3.70317101E-01  3.85269463E-01  4.01573688E-01
  4.02685791E-01  4.10375953E-01  4.01386380E-01  4.03652459E-01  4.11607504E-01
  4.28101242E-01  4.49471176E-01  4.50977981E-01  4.19143170E-01  4.30002183E-01
  4.48170602E-01  4.82816130E-01  4.99411851E-01  5.19447744E-01  5.24367392E-01
  5.36085010E-01  5.58925807E-01  5.82270443E-01  5.90074301E-01  5.15557647E-01
  5.42974710E-01  5.87211728E-01  6.44512713E-01  6.93850398E-01  8.00164163E-01
  8.09956491E-01  8.30645382E-01  8.69850338E-01  9.08662200E-01  9.20510292E-01
  7.37778306E-01  8.10602248E-01  9.20846820E-01  1.06450164E+00  1.21128881E+00
  1.33148527E+00  1.41184211E+00  1.47323811E+00  1.48990226E+00  1.50141060E+00
  1.51329517E+00  1.51593781E+00  1.52798438E+00  1.62746727E+00  1.78437185E+00
  1.91873944E+00  2.03412747E+00  2.13373280E+00  2.22019100E+00  2.29450989E+00
  2.35917687E+00  2.41532397E+00  2.46348929E+00  2.50481176E+00  2.53995514E+00
  2.56940746E+00  2.59350061E+00  2.61311245E+00  2.64466476E+00
     2  'FLUX 68     '       2      64
  1.98900357E-01  2.00364128E-01  2.04369172E-01  2.14913681E-01  2.26742297E-01
  2.27527708E-01  2.33396411E-01  2.22631007E-01  2.24431992E-01  2.30213776E-01
  2.42121622E-01  2.57462889E-01  2.58837998E-01  2.39221200E-01  2.45989174E-01
  2.58320540E-01  2.81641930E-01  2.92196542E-01  2.97656655E-01  3.01265091E-01
  3.09912741E-01  3.26895505E-01  3.44459862E-01  3.50104868E-01  3.02078396E-01
  3.19411814E-01  3.48594725E-01  3.88321579E-01  4.22128797E-01  4.87534255E-01
  4.95210111E-01  5.11584163E-01  5.42861998E-01  5.74065566E-01  5.83184540E-01
  4.52288449E-01  5.02938390E-01  5.82634866E-01  6.90284193E-01  8.01742494E-01
  8.92198920E-01  9.49765801E-01  9.94008839E-01  1.00586343E+00  1.01412320E+00
  1.02253413E+00  1.02434027E+00  1.03296590E+00  1.10921419E+00  1.22810209E+00
  1.32814920E+00  1.41297162E+00  1.48546159E+00  1.54786789E+00  1.60120034E+00
  1.64737451E+00  1.68730009E+00  1.72145545E+00  1.75069726E+00  1.77553093E+00
  1.79633105E+00  1.81337774E+00  1.82731795E+00  1.84880102E+00
     2  'FLUX 69     '       2      64
  5.09345606E-02  5.15342504E-02  5.33568040E-02  5.77807054E-02  6.31646737E-02
  6.35095537E-02  6.63349777E-02  5.73337898E-02  5.82422912E-02  6.07341342E-02
  6.58969581E-02  7.25547969E-02  7.34308809E-02  6.83691502E-02  7.02496320E-02
  7.46759623E-02  8.30339566E-02  8.60888138E-02  7.88634643E-02  8.04194957E-02
  8.41342583E-02  9.16940495E-02  9.98574719E-02  1.02256626E-01  8.84796306E-02
  9.32090953E-02  1.02520436E-01  1.17029145E-01  1.28617182E-01  1.40768707E-01
  1.44367501E-01  1.52234793E-01  1.67735606E-01  1.83672935E-01  1.87880561E-01
  1.38834774E-01  1.56509146E-01  1.87284932E-01  2.32645363E-01  2.80551851E-01
  3.18806201E-01  3.41351241E-01  3.59033048E-01  3.63651901E-01  3.66801977E-01
  3.69956493E-01  3.70592415E-01  3.73968631E-01  4.07820880E-01  4.58073109E-01
  4.98605698E-01  5.32109201E-01  5.60256362E-01  5.84192336E-01  6.04496419E-01
  6.21973991E-01  6.37022495E-01  6.49868309E-01  6.60851419E-01  6.70174897E-01
  6.77990913E-01  6.84430003E-01  6.89764321E-01  6.97419226E-01
     2  'FUNSUR  1   '       2       4
  4.91888449E-02  5.09348437E-02  4.91888411E-02  5.09348400E-02
     2  'FUNSUR  2   '       2       4
  1.88176379E-01  1.92671239E-01  1.88176379E-01  1.92671254E-01
     2  'FUNSUR  3   '       2       4
  3.75569910E-01  3.80779982E-01  3.75569910E-01  3.80779952E-01
     2  'FUNSUR  4   '       2       4
  3.48845631E-01  3.51014256E-01  3.48845661E-01  3.51014256E-01
     2  'FUNSUR  5   '       2       4
  2.63201177E-01  2.61419773E-01  2.63201177E-01  2.61419773E-01
     2  'FUNSUR  6   '       2       4
  3.43515456E-01  3.40407103E-01  3.43515486E-01  3.40407133E-01
     2  'FUNSUR  7   '       2       4
  2.99997956E-01  2.97586292E-01  2.99997956E-01  2.97586322E-01
     2  'FUNSUR  8   '       2       4
  4.24042523E-01  4.20618981E-01  4.24042523E-01  4.20619041E-01
     2  'FUNSUR  9   '       2       4
  4.67629254E-01  4.63765174E-01  4.67629224E-01  4.63765264E-01
     2  'FUNSUR 10   '       2       4
  5.14887333E-01  5.10887384E-01  5.14887273E-01  5.10887444E-01
     2  'FUNSUR 11   '       2       4
  5.56633413E-01  5.52644193E-01  5.56633413E-01  5.52644253E-01
     2  'FUNSUR 12   '       2       4
  5.94191909E-01  5.90531945E-01  5.94191849E-01  5.90532064E-01
     2  'FUNSUR 13   '       2       4
  6.20025277E-01  6.16742313E-01  6.20025158E-01  6.16742432E-01
     2  'FUNSUR 14   '       2       4
  6.40241325E-01  6.37436509E-01  6.40241265E-01  6.37436628E-01
     2  'FUNSUR 15   '       2       4
  6.54942632E-01  6.52554572E-01  6.54942572E-01  6.52554631E-01
     2  'FUNSUR 16   '       2       4
  6.03836060E-01  6.02006733E-01  6.03835940E-01  6.02006853E-01
     2  'FUNSUR 17   '       2       4
  6.12042665E-01  6.10514462E-01  6.12042546E-01  6.10514522E-01
     2  'FUNSUR 18   '       2       4
  6.20055139E-01  6.18779063E-01  6.20055079E-01  6.18779123E-01
     2  'FUNSUR 19   '       2       4
  6.25860274E-01  6.24808073E-01  6.25860214E-01  6.24808192E-01
     2  'FUNSUR 20   '       2       4
  1.26372337E+00  1.26224315E+00  1.26372313E+00  1.26224339E+00
     2  'FUNSUR 21   '       2       4
  1.26958013E+00  1.26873279E+00  1.26958001E+00  1.26873291E+00
     2  'FUNSUR 22   '       2       4
  9.51915026E-01  9.51577365E-01  9.51914907E-01  9.51577485E-01
     2  'FUNSUR 23   '       2       4
  6.33406878E-01  6.33293152E-01  6.33406818E-01  6.33293211E-01
     2  'FUNSUR 24   '       2       4
  7.68497109E-01  7.68486619E-01  7.68497050E-01  7.68486738E-01
     2  'FUNSUR 25   '       2       4
  7.63193905E-01  7.63310313E-01  7.63193786E-01  7.63310373E-01
     2  'FUNSUR 26   '       2       4
  6.63262308E-01  6.63427651E-01  6.63262188E-01  6.63427711E-01
     2  'FUNSUR 27   '       2       4
  1.22964120E+00  1.23016739E+00  1.22964120E+00  1.23016751E+00
     2  'FUNSUR 28   '       2       4
  2.71363646E-01  2.71501243E-01  2.71363616E-01  2.71501273E-01
     2  'FUNSUR 29   '       2       4
  3.33986431E-01  3.34159374E-01  3.33986431E-01  3.34159434E-01
     2  'FUNSUR 30   '       2       4
  3.03941369E-01  3.04099709E-01  3.03941369E-01  3.04099739E-01
     2  'FUNSUR 31   '       2       4
  4.88975793E-01  4.89226669E-01  4.88975734E-01  4.89226758E-01
     2  'FUNSUR 32   '       2       4
  2.11920902E-01  2.12028414E-01  2.11920887E-01  2.12028444E-01
     2  'FUNSUR 33   '       2       4
  1.84098825E-01  1.84191480E-01  1.84098810E-01  1.84191510E-01
     2  'FUNSUR 34   '       2       4
  3.59915569E-02  3.60096581E-02  3.59915569E-02  3.60096656E-02
     2  'FUNSUR 35   '       2       4
  3.56348343E-02  3.56527567E-02  3.56348306E-02  3.56527641E-02
     2  'FUNSUR 36   '       2       4
  3.66064943E-02  3.66248786E-02  3.66064906E-02  3.66248824E-02
     2  'FUNSUR 37   '       2       4
  3.75994779E-02  3.76182869E-02  3.75994742E-02  3.76182944E-02
     2  'FUNSUR 38   '       2       4
  3.70977223E-02  3.71161662E-02  3.70977223E-02  3.71161737E-02
     2  'FUNSUR 39   '       2       4
  3.65666412E-02  3.65847200E-02  3.65666375E-02  3.65847275E-02
     2  'FUNSUR 40   '       2       4
  3.75659987E-02  3.75845283E-02  3.75659950E-02  3.75845358E-02
     2  'FUNSUR 41   '       2       4
  3.53649966E-02  3.53823639E-02  3.53649929E-02  3.53823714E-02
     2  'FUNSUR 42   '       2       4
  6.69252053E-02  6.69580773E-02  6.69251978E-02  6.69580847E-02
     2  'FUNSUR 43   '       2       4
  1.07377112E-01  1.07429676E-01  1.07377104E-01  1.07429691E-01
     2  'FUNSUR 44   '       2       4
  1.36688665E-01  1.36754423E-01  1.36688650E-01  1.36754438E-01
     2  'FUNSUR 45   '       2       4
  3.62083435E-01  3.62252504E-01  3.62083405E-01  3.62252533E-01
     2  'FUNSUR 46   '       2       4
  3.79002273E-01  3.79167140E-01  3.79002273E-01  3.79167169E-01
     2  'FUNSUR 47   '       2       4
  4.00200903E-01  4.00351316E-01  4.00200874E-01  4.00351346E-01
     2  'FUNSUR 48   '       2       4
  2.60681391E-01  2.60758281E-01  2.60681361E-01  2.60758311E-01
     2  'FUNSUR 49   '       2       4
  1.91036582E-01  1.91079557E-01  1.91036582E-01  1.91079572E-01
     2  'FUNSUR 50   '       2       4
  1.49809733E-01  1.49836153E-01  1.49809733E-01  1.49836183E-01
     2  'FUNSUR 51   '       2       4
  1.76445797E-01  1.76471233E-01  1.76445782E-01  1.76471263E-01
     2  'FUNSUR 52   '       2       4
  3.44985187E-01  3.45031083E-01  3.44985157E-01  3.45031112E-01
     2  'FUNSUR 53   '       2       4
  5.20499051E-01  5.20594418E-01  5.20499051E-01  5.20594478E-01
     2  'FUNSUR 54   '       2       4
  1.30000126E+00  1.30043960E+00  1.30000126E+00  1.30043972E+00
     2  'FUNSUR 55   '       2       4
  2.97367787E+00  2.97532415E+00  2.97367787E+00  2.97532487E+00
     2  'FUNSUR 56   '       2       4
  7.06442785E+00  7.06962061E+00  7.06442785E+00  7.06962204E+00
     2  'FUNSUR 57   '       2       4
  6.45253420E+00  6.45781231E+00  6.45253372E+00  6.45781279E+00
     2  'FUNSUR 58   '       2       4
  5.75614452E+00  5.76102257E+00  5.75614452E+00  5.76102304E+00
     2  'FUNSUR 59   '       2       4
  4.79834366E+00  4.80243158E+00  4.79834414E+00  4.80243158E+00
     2  'FUNSUR 60   '       2       4
  4.81807804E+00  4.82214880E+00  4.81807804E+00  4.82214880E+00
     2  'FUNSUR 61   '       2       4
  5.30013132E+00  5.30453444E+00  5.30013132E+00  5.30453491E+00
     2  'FUNSUR 62   '       2       4
  4.94367743E+00  4.94766235E+00  4.94367790E+00  4.94766283E+00
     2  'FUNSUR 63   '       2       4
  3.61076117E+00  3.61354852E+00  3.61076117E+00  3.61354876E+00
     2  'FUNSUR 64   '       2       4
  3.57945204E+00  3.58207965E+00  3.57945228E+00  3.58207965E+00
     2  'FUNSUR 65   '       2       4
  3.43663907E+00  3.43900228E+00  3.43663931E+00  3.43900228E+00
     2  'FUNSUR 66   '       2       4
  3.13990641E+00  3.14188719E+00  3.13990617E+00  3.14188743E+00
     2  'FUNSUR 67   '       2       4
  2.62798095E+00  2.62945867E+00  2.62798119E+00  2.62945938E+00
     2  'FUNSUR 68   '       2       4
  1.83851600E+00  1.83939326E+00  1.83851612E+00  1.83939373E+00
     2  'FUNSUR 69   '       2       4
  6.94423854E-01  6.94658577E-01  6.94423854E-01  6.94658637E-01
     2  '1/EIGENVALUE'       2       1
  1.12152505E+00
     1  'K-EFFECTIVE '       2       1
  1.12152505E+00
     1  'K-INFINITY  '       2       1
  1.12152505E+00
     1  'EPS-CONVERGE'       2       5
  4.99999987E-05  9.99999975E-06  4.99999987E-05  1.00000000E+01  1.00000000E+02
     1  'STATE-VECTOR'       1      40
       -99         0         3         3         1       138       127         0
        69        64         0         1         0         0         0         0
         0         0         0         0         0         0         0         0
         0         0         0         0         0         0         0         0
         0         0         0         0         0         0         0         0
