 2
1.604	4
1.953	4
                 1 1 1 1 1 1
           1 1 1 1 1 1 1 1 1 1 1 1
         1 1 1 1 1 1 1 1 1 1 1 1 1 1
       1 1 1 1 1 2 2 2 2 2 2 1 1 1 1 1 
     1 1 1 1 2 2 2 2 2 2 2 2 2 2 1 1 1 1
     1 1 1 2 2 2 2 2 2 2 2 2 2 2 2 1 1 1 
   1 1 1 2 2 2 2 2 2 2 2 2 2 2 2 2 2 1 1 1 
   1 1 1 2 2 2 2 2 2 2 2 2 2 2 2 2 2 1 1 1
 1 1 1 2 2 2 2 2 2 2 2 2 2 2 2 2 2 2 2 1 1 1
 1 1 1 2 2 2 2 2 2 2 2 2 2 2 2 2 2 2 2 1 1 1
 1 1 1 2 2 2 2 2 2 2 2 2 2 2 2 2 2 2 2 1 1 1
 1 1 1 2 2 2 2 2 2 2 2 2 2 2 2 2 2 2 2 1 1 1
 1 1 1 2 2 2 2 2 2 2 2 2 2 2 2 2 2 2 2 1 1 1
 1 1 1 2 2 2 2 2 2 2 2 2 2 2 2 2 2 2 2 1 1 1
   1 1 1 2 2 2 2 2 2 2 2 2 2 2 2 2 2 1 1 1 
   1 1 1 2 2 2 2 2 2 2 2 2 2 2 2 2 2 1 1 1 
     1 1 1 2 2 2 2 2 2 2 2 2 2 2 2 1 1 1 
     1 1 1 1 2 2 2 2 2 2 2 2 2 2 1 1 1 1 
       1 1 1 1 1 2 2 2 2 2 2 1 1 1 1 1 
         1 1 1 1 1 1 1 1 1 1 1 1 1 1 
           1 1 1 1 1 1 1 1 1 1 1 1
                 1 1 1 1 1 1
