 Dwell Times in FPD
   151.40   146.61   142.08   142.08   146.60   151.38   170.23   144.28   126.45   118.21
   113.29   111.52   111.52   113.28   118.19   126.43   144.25   170.20   152.11   129.87
   113.29   103.20    97.71    95.40    96.35    96.35    95.40    97.69   103.18   113.27
   129.84   152.07   146.45   123.13   106.43    96.15    90.17   107.13   106.21   108.24
   108.24   106.20   107.12    90.15    96.12   106.41   123.10   146.41   150.50   122.87
   105.32    94.34   107.75   103.11   101.13   100.95   103.10   103.10   100.94   101.12
   103.09   107.72    94.32   105.28   122.83   150.45   126.14   106.87    96.37   109.28
   103.65   100.57   100.47   100.61   101.81   101.81   100.60   100.46   100.55   103.62
   109.25    96.34   106.83   126.10   136.75   112.35    97.25   112.19   105.85   100.95
    98.71    99.13    99.04    98.36    98.36    99.03    99.12    98.69   100.92   105.82
   112.16    97.22   112.31   136.71   122.42   102.15    91.02   107.60   103.23    99.46
    97.80    98.28    98.05    97.04    97.03    98.04    98.26    97.77    99.43   103.19
   107.57    90.98   102.11   122.37   145.59   114.13    95.74   107.16   104.88   101.91
    99.64    98.36    98.16    97.94    97.19    97.18    97.93    98.14    98.33    99.61
   101.87   104.85   107.12    95.71   114.09   145.54   138.03   107.86    91.66   104.05
   103.87   101.75    99.25    98.30    98.29    98.49    98.55    98.55    98.48    98.27
    98.28    99.22   101.72   103.84   104.01    91.63   107.82   137.98   133.10   104.66
    89.41   101.70   100.32    98.74    98.22    98.00    98.45    99.34   101.20   101.20
    99.33    98.44    97.98    98.20    98.71   100.28   101.66    89.38   104.62   133.05
   132.83   104.35    88.99   100.91    99.02    97.51    97.54    97.72    98.45    99.63
   101.87   101.86    99.62    98.43    97.69    97.51    97.48    98.99   100.87    88.96
   104.32   132.78   137.30   107.04    90.56   101.85    99.13    97.26    97.35    97.57
    98.28    99.27   101.11   101.10    99.26    98.26    97.55    97.32    97.22    99.10
   101.81    90.52   107.00   137.25   144.66   113.12    94.44   104.72    99.99    97.35
    97.67    97.59    98.11    98.49    98.29    98.29    98.47    98.09    97.57    97.64
    97.32    99.96   104.68    94.41   113.08   144.61   121.68   101.29    89.90   105.73
   101.57    98.56    97.47    98.32    98.36    97.49    97.49    98.35    98.31    97.45
    98.53   101.54   105.69    89.87   101.26   121.64   136.76   112.44    97.46   112.67
   106.33   101.31    99.02    99.40    99.20    98.32    98.32    99.19    99.39    99.00
   101.29   106.31   112.63    97.42   112.41   136.72   127.63   108.83    99.48   112.62
   105.37   101.58   101.06   100.73   100.94   100.93   100.72   101.04   101.56   105.35
   112.59    99.45   108.80   127.59   153.75   126.69   111.01    99.01   110.46   104.67
   102.07   101.44   103.23   103.22   101.44   102.06   104.65   110.43    98.99   110.98
   126.66   153.70   151.33   127.98   110.20    98.55    91.72   108.40   107.07   108.89
   108.89   107.06   108.38    91.70    98.53   110.18   127.95   151.29   157.18   133.72
   115.94   105.01    99.00    96.38    97.19    97.19    96.38    98.99   105.00   115.92
   133.70   157.14   174.74   147.41   128.64   119.85   114.60   112.68   112.67   114.59
   119.84   128.63   147.38   174.71   153.55   148.40   143.68   143.68   148.40   153.53
 Channel Powers in MW
   3.415   3.526   3.638   3.638   3.526   3.415   3.037   3.583   4.088   4.373
   4.563   4.635   4.635   4.563   4.374   4.089   3.584   3.037   3.398   3.981
   4.563   5.010   5.291   5.418   5.365   5.365   5.419   5.292   5.010   4.564
   3.981   3.399   3.530   4.198   4.857   5.377   5.733   5.840   5.890   5.778
   5.779   5.891   5.841   5.734   5.378   4.858   4.199   3.531   3.435   4.207
   4.909   5.480   5.806   6.068   6.186   6.197   6.067   6.067   6.197   6.187
   6.068   5.807   5.481   4.910   4.208   3.436   4.098   4.837   5.364   5.724
   6.036   6.221   6.227   6.218   6.143   6.144   6.219   6.228   6.222   6.037
   5.725   5.365   4.838   4.099   3.780   4.601   5.315   5.575   5.909   6.197
   6.338   6.311   6.317   6.360   6.361   6.317   6.312   6.339   6.199   5.911
   5.576   5.317   4.602   3.781   4.223   5.061   5.680   5.813   6.059   6.290
   6.397   6.366   6.381   6.448   6.448   6.381   6.367   6.399   6.291   6.061
   5.814   5.681   5.062   4.224   3.551   4.529   5.399   5.838   5.963   6.138
   6.279   6.361   6.374   6.388   6.438   6.438   6.389   6.375   6.362   6.280
   6.139   5.965   5.839   5.401   4.531   3.552   3.745   4.793   5.640   6.013
   6.021   6.147   6.303   6.364   6.365   6.352   6.348   6.348   6.353   6.366
   6.366   6.305   6.149   6.023   6.014   5.641   4.794   3.746   3.884   4.939
   5.782   6.151   6.236   6.336   6.369   6.384   6.355   6.298   6.180   6.181
   6.298   6.356   6.385   6.371   6.337   6.238   6.153   5.784   4.941   3.885
   3.892   4.954   5.809   6.200   6.318   6.416   6.414   6.403   6.355   6.279
   6.140   6.140   6.280   6.356   6.404   6.416   6.418   6.320   6.202   5.811
   4.955   3.893   3.765   4.830   5.709   6.143   6.311   6.433   6.427   6.412
   6.366   6.302   6.186   6.186   6.303   6.367   6.414   6.428   6.434   6.313
   6.144   5.710   4.831   3.766   3.573   4.570   5.474   5.974   6.257   6.426
   6.405   6.411   6.377   6.353   6.365   6.365   6.353   6.378   6.412   6.407
   6.428   6.258   5.976   5.475   4.571   3.574   4.248   5.103   5.750   5.916
   6.158   6.347   6.419   6.363   6.361   6.417   6.417   6.361   6.364   6.420
   6.349   6.160   5.917   5.752   5.105   4.249   3.780   4.597   5.304   5.551
   5.882   6.175   6.318   6.294   6.306   6.363   6.363   6.307   6.294   6.319
   6.176   5.883   5.553   5.305   4.598   3.781   4.050   4.749   5.195   5.554
   5.937   6.159   6.190   6.210   6.197   6.197   6.211   6.191   6.160   5.938
   5.555   5.197   4.751   4.051   3.362   4.080   4.656   5.220   5.663   5.977
   6.129   6.166   6.059   6.059   6.167   6.130   5.977   5.664   5.221   4.657
   4.081   3.363   3.416   4.039   4.690   5.245   5.636   5.771   5.842   5.744
   5.744   5.843   5.772   5.637   5.246   4.691   4.040   3.416   3.289   3.865
   4.459   4.922   5.221   5.363   5.318   5.318   5.363   5.222   4.923   4.459
   3.866   3.289   2.958   3.507   4.018   4.313   4.510   4.587   4.587   4.511
   4.313   4.019   3.507   2.958   3.366   3.483   3.597   3.597   3.483   3.367
 Bundle Powers in kW
    61.07    58.64    64.53    60.17    61.73    55.21    54.77    60.02    73.21    73.50
    82.10    78.78    83.65    76.25    76.92    66.68    61.94    48.45    61.84    67.38
    82.32    84.98    96.42    93.97   101.70    95.63    99.42    89.47    89.05    75.01
    68.85    54.17    64.51    71.64    88.85    92.76   106.19   100.99   114.48   105.80
   115.73   103.59   110.66    98.44    96.53    80.39    73.05    56.33    62.32    71.57
    90.93    96.60   112.20   107.90   123.59   115.11   127.81   116.67   126.03   111.51
   117.37    99.41    99.55    82.08    73.81    55.29    68.55    89.16    96.37   113.79
   111.29   129.02   121.72   136.56   126.08   137.64   124.02   132.82   115.99   120.17
   100.91    99.65    81.01    72.64    62.29    83.26    92.53   111.70   111.39   130.48
   124.73   141.71   131.75   145.75   132.78   144.08   128.39   135.88   117.31   119.97
    99.78    97.61    76.66    67.15    75.71    85.71   106.94   108.08   128.53   124.67
   143.23   134.68   150.50   138.28   151.58   136.90   147.17   129.67   135.77   116.49
   117.75    99.35    91.53    69.36    63.51    75.55    98.86   101.85   124.13   122.32
   141.67   134.73   152.06   141.05   155.76   142.00   154.39   138.29   147.23   128.63
   133.07   112.78   112.92    91.62    80.44    57.54    61.66    86.00    96.52   117.58
   116.98   137.48   132.34   150.82   141.20   157.13   144.52   158.11   143.30   154.54
   137.25   144.72   125.49   127.96   105.66   103.38    79.51    66.00    68.88    82.30
   106.29   108.04   130.59   127.26   146.93   138.97   156.09   144.58   159.20   146.01
   158.20   142.36   152.28   133.84   139.48   118.53   120.00    98.81    88.37    63.59
    63.71    88.58    99.07   120.38   118.78   139.87   134.05   152.46   142.41   158.16
   146.02   159.09   144.57   156.12   139.09   147.20   127.44   130.95   108.29   106.54
    82.45    68.98    66.31    79.95   104.09   106.34   128.95   125.66   145.44   137.58
   154.66   143.29   157.86   144.79   156.99   141.29   151.20   132.77   138.35   117.18
   118.43    97.09    86.45    61.92    57.88    81.00    92.31   113.93   113.15   134.08
   129.14   147.65   138.35   154.18   141.81   155.40   140.90   152.10   135.01   142.37
   122.52   125.13   102.55    99.59    76.01    63.85    69.71    92.05    99.90   118.41
   116.86   136.16   129.77   147.07   136.65   151.19   137.94   150.19   134.54   143.31
   124.87   129.01   108.44   107.48    86.09    76.05    67.21    76.69    97.58    99.72
   119.79   117.08   135.55   128.03   143.66   132.32   145.29   131.31   141.26   124.35
   130.11   111.15   111.47    92.41    83.19    62.29    72.17    80.43    98.78   100.33
   119.24   115.26   132.11   123.42   137.08   125.30   135.91   121.00   128.08   110.41
   112.69    95.67    88.33    68.03    54.58    72.68    81.14    98.07    98.24   116.14
   110.60   125.21   115.95   127.08   114.30   122.51   106.72   110.66    95.42    89.39
    70.46    61.39    55.22    71.55    78.96    94.94    97.15   109.49   102.70   114.87
   104.98   113.47    99.87   104.69    91.20    87.05    70.18    63.09    52.95    67.38
    73.66    87.70    88.37    98.40    94.75   100.76    92.98    95.18    83.64    80.74
    65.91    60.33    47.40    60.76    65.62    75.89    75.37    82.77    77.94    81.13
    72.48    71.99    58.84    53.51    54.44    60.97    59.48    63.78    57.91    60.18
   171.48   162.87   180.47   166.74   172.99   153.88   154.12   167.43   205.45   203.95
   228.95   216.61   232.62   210.63   215.36   185.77   174.32   135.48   173.66   187.56
   230.73   235.73   268.73   257.71   280.78   259.39   275.72   247.17   249.23   208.75
   193.44   151.15   180.77   198.72   248.25   256.69   295.74   277.35   315.79   284.13
   317.60   282.09   307.19   271.85   269.66   222.95   204.64   156.79   174.50   197.95
   252.94   265.57   311.49   295.86   341.11   311.44   348.96   311.40   345.90   304.32
   325.40   273.33   276.79   226.26   206.21   153.73   189.76   247.59   262.35   313.77
   302.76   355.29   329.29   373.12   334.99   374.59   333.26   364.75   315.47   331.53
   273.94   275.55   222.88   203.05   173.09   231.94   253.05   306.75   298.62   357.39
   336.83   387.31   353.08   396.14   354.75   392.66   345.58   372.29   316.61   328.67
   268.42   270.10   211.75   188.24   211.99   236.30   295.03   289.13   350.28   334.35
   390.54   360.85   408.81   369.08   411.13   365.88   400.75   348.38   370.23   310.37
   322.25   271.00   254.80   192.71   178.58   209.88   275.08   277.43   339.15   324.91
   385.14   360.17   412.49   375.37   420.78   377.26   417.82   369.06   400.19   343.52
   361.99   301.26   311.55   252.66   225.31   160.63   172.19   240.97   266.47   324.78
   312.93   374.27   353.23   409.12   375.53   423.47   380.78   424.89   379.38   418.03
   366.17   393.25   333.61   350.29   288.44   288.00   221.10   185.70   193.89   229.09
   296.57   296.16   358.91   342.03   399.95   370.73   421.46   380.90   425.69   380.15
   424.86   377.81   413.01   358.31   381.13   320.90   332.50   273.39   247.90   177.72
   178.14   248.66   274.55   334.30   323.24   383.36   359.90   413.86   377.95   424.43
   379.18   424.80   380.39   421.55   371.47   401.46   344.24   361.09   297.80   297.68
   229.72   194.28   186.80   222.84   290.99   292.78   356.03   340.16   397.29   368.16
   418.40   378.18   422.77   377.72   422.27   375.76   411.10   357.14   379.74   319.44
   329.17   269.22   242.72   173.16   161.83   227.40   255.84   316.49   308.19   367.94
   347.74   402.36   369.39   416.76   375.21   418.78   374.23   412.75   362.13   389.26
   331.57   345.11   281.96   278.22   211.73   179.79   194.07   256.93   273.89   325.78
   313.65   372.49   349.36   400.67   365.07   409.79   367.82   407.85   360.69   391.39
   336.36   353.33   292.35   297.71   238.12   213.28   188.46   211.87   270.06   268.09
   328.15   315.96   371.44   344.76   391.74   354.13   395.29   352.24   386.22   335.87
   356.40   297.76   306.08   252.66   231.80   173.11   201.24   220.05   271.69   269.61
   327.96   312.94   362.77   332.24   373.83   334.86   371.77   327.36   352.26   299.03
   309.20   257.73   244.28   187.73   150.88   201.65   219.92   270.63   268.29   321.30
   301.67   343.92   310.28   347.52   309.62   337.98   291.81   305.71   258.44   246.57
   193.12   171.11   152.31   198.82   216.92   264.06   267.56   303.71   279.78   315.49
   282.26   313.08   274.05   290.89   250.97   241.59   192.59   175.58   146.60   188.34
   204.15   245.00   243.93   272.88   257.10   278.26   254.98   265.07   231.51   225.51
   182.33   168.40   131.96   170.58   182.51   212.33   208.17   230.18   214.32   226.21
   200.97   201.74   163.67   150.02   151.64   170.84   164.83   178.37   160.79   168.91
   273.63   260.68   286.47   266.22   275.82   247.82   246.50   269.41   328.02   326.10
   361.75   341.68   365.17   334.89   343.22   299.14   280.06   219.30   276.85   300.94
   367.80   376.72   424.38   404.67   432.34   401.66   430.97   392.88   396.91   335.63
   310.22   244.11   287.19   317.14   393.44   408.54   466.45   437.39   487.14   434.87
   481.87   439.16   480.39   431.71   428.00   356.67   326.49   252.41   277.08   314.78
   397.22   418.27   486.76   465.38   527.61   480.08   524.32   472.31   528.46   475.47
   507.78   432.16   435.18   358.75   327.42   246.93   302.45   387.90   407.61   482.11
   471.21   547.15   509.28   565.08   506.00   559.97   510.18   558.62   491.23   512.10
   425.87   427.13   352.30   322.26   277.38   366.07   395.68   466.14   455.67   543.95
   518.60   587.58   538.24   593.55   537.46   591.96   530.44   567.79   487.20   497.87
   412.43   420.69   336.73   299.79   337.20   374.54   456.62   440.03   524.58   509.20
   589.85   549.70   612.75   557.79   614.23   555.03   603.62   532.23   558.74   469.55
   486.41   422.16   401.67   308.98   285.45   336.18   433.14   432.26   510.25   489.34
   577.35   546.63   616.87   565.43   623.95   566.07   621.96   558.69   600.67   520.74
   540.31   457.73   480.88   400.52   359.04   259.13   277.62   383.98   422.85   502.42
   477.59   559.80   534.97   611.65   565.27   625.15   564.76   622.82   566.91   621.83
   554.08   589.23   504.37   529.40   450.76   454.28   354.79   297.68   310.82   367.96
   468.93   465.68   549.32   523.08   601.38   560.68   624.67   564.98   615.66   556.35
   622.74   566.85   617.29   545.09   576.88   496.26   517.51   435.14   395.70   286.96
   287.80   397.34   437.98   522.59   503.57   584.26   549.67   619.47   566.97   621.01
   552.92   612.23   563.25   624.78   562.71   606.07   530.25   556.71   470.38   471.77
   369.42   311.64   299.88   358.65   461.71   463.25   550.33   525.43   601.63   559.35
   622.24   562.59   613.31   554.45   620.73   565.57   617.11   546.89   580.32   498.71
   515.41   429.83   387.92   279.61   261.52   363.56   408.30   494.89   479.65   561.67
   533.31   606.57   559.41   618.64   559.76   617.51   562.15   617.53   552.12   590.18
   510.79   531.77   445.30   441.02   340.32   287.89   311.83   406.64   429.78   497.08
   479.46   565.49   535.15   603.86   553.45   611.39   555.11   610.94   549.81   592.66
   515.36   534.49   449.87   464.09   378.98   340.00   300.12   336.88   420.39   411.35
   496.44   485.98   566.51   529.46   591.34   537.86   593.69   537.67   586.21   517.12
   542.15   453.73   464.44   394.85   365.81   277.43   317.91   344.81   415.04   413.61
   503.32   486.11   555.64   510.00   562.36   508.96   564.51   506.34   541.16   462.29
   468.84   394.65   379.43   297.81   240.40   315.82   340.89   417.01   420.01   499.47
   471.04   526.33   472.38   524.08   478.09   522.43   457.21   473.11   398.96   378.51
   302.82   269.56   242.12   312.17   342.24   415.84   423.37   474.48   435.85   479.47
   432.73   483.27   431.73   457.19   396.27   377.70   302.44   275.54   234.30   299.49
   326.49   389.14   387.35   426.57   398.37   428.73   400.41   418.22   368.99   357.61
   290.05   265.76   212.45   273.13   293.37   338.15   330.94   361.42   338.13   357.39
   321.10   321.53   262.47   238.70   244.09   272.35   263.17   283.16   257.31   269.40
   361.84   350.35   376.55   356.67   365.18   335.75   325.94   362.90   433.73   437.21
   471.92   445.50   467.39   445.74   453.88   404.55   373.29   298.20   364.86   403.94
   484.98   503.88   553.55   525.42   502.56   478.14   549.76   522.68   523.55   452.56
   412.74   331.55   377.48   423.13   514.58   542.86   606.53   575.51   608.01   505.13
   542.79   562.65   617.56   572.55   561.40   477.89   431.73   342.22   364.62   419.07
   510.38   545.03   623.38   608.37   664.58   603.09   578.79   538.30   646.72   615.05
   649.07   569.60   560.07   472.95   430.94   334.21   404.96   499.00   501.55   577.17
   603.35   681.93   644.99   677.34   574.32   614.33   630.71   687.62   630.38   640.29
   526.70   516.98   464.58   424.40   373.87   478.47   512.07   527.31   528.72   660.99
   652.17   710.51   662.30   696.43   650.22   706.44   661.68   694.95   610.35   561.86
   482.94   535.19   449.72   396.29   444.78   497.55   574.72   504.77   577.17   625.86
   709.59   676.10   724.71   676.48   722.92   677.27   720.42   659.86   667.84   534.24
   541.41   542.99   523.89   416.52   377.67   451.65   562.98   555.90   563.57   550.56
   679.98   668.89   726.84   681.51   723.94   677.28   726.79   679.35   713.22   633.23
   589.02   522.58   602.20   531.27   474.34   351.01   374.93   506.22   560.12   630.19
   552.03   615.05   648.07   720.24   680.49   718.48   651.39   695.55   672.81   725.65
   673.34   692.22   573.64   592.03   580.91   590.59   477.01   395.11   412.03   494.43
   610.89   607.20   669.69   643.17   714.03   680.07   724.02   658.49   633.53   593.79
   702.69   678.26   726.06   667.68   688.62   623.00   657.27   577.81   522.16   387.92
   389.07   524.65   582.78   668.41   644.38   711.17   677.87   730.02   677.93   697.47
   582.13   621.16   653.75   723.77   683.87   725.07   664.33   692.52   617.37   616.03
   496.70   413.20   398.15   482.93   604.20   610.03   688.43   662.14   723.91   683.21
   724.94   658.89   635.43   595.69   703.85   679.90   730.83   677.84   710.56   641.17
   661.40   572.83   512.39   377.74   354.29   481.19   544.94   634.53   610.62   683.66
   663.66   724.43   679.86   718.16   658.60   704.03   673.50   727.35   679.28   712.26
   638.05   659.11   585.77   577.29   458.01   381.08   420.59   532.01   557.66   567.98
   558.48   682.15   665.09   720.85   674.52   717.72   671.62   721.70   676.36   714.91
   638.84   602.82   529.11   589.88   504.94   448.90   396.47   449.47   533.46   478.11
   556.27   607.55   693.03   660.77   707.73   655.88   702.39   663.34   709.24   649.98
   657.30   522.77   521.31   509.83   477.74   373.77   416.44   447.96   470.20   483.31
   620.90   621.93   684.43   635.05   643.80   601.42   681.67   641.67   672.27   584.35
   528.45   455.86   480.40   396.84   323.01   405.75   405.05   486.74   543.72   635.62
   609.25   646.33   543.74   584.54   602.50   657.95   595.28   594.50   473.85   435.86
   394.01   351.83   324.04   400.04   447.10   540.10   560.03   609.71   558.96   541.52
   503.87   603.83   567.90   592.80   521.84   480.88   391.78   356.98   315.22   395.02
   438.71   512.63   515.25   544.29   474.48   498.66   520.05   545.42   493.06   469.72
   386.29   346.55   288.19   363.59   396.68   447.19   440.56   462.67   440.96   466.32
   430.58   425.05   353.22   314.71   330.78   360.65   352.64   372.27   345.91   356.33
   430.88   429.55   457.81   442.22   441.31   410.52   384.25   436.45   513.94   531.64
   573.26   566.15   583.18   552.83   544.89   491.14   444.86   362.66   430.97   485.55
   571.87   605.23   659.54   656.80   681.31   662.74   675.75   635.51   620.83   546.59
   492.79   405.10   448.44   512.97   608.95   647.25   707.62   690.17   732.89   702.99
   730.97   698.24   722.67   681.25   661.98   580.44   520.00   421.10   435.23   514.18
   618.12   662.31   718.65   705.46   747.36   714.79   746.82   717.20   747.72   709.75
   736.80   677.38   674.14   589.14   523.66   411.65   497.90   610.19   659.04   718.06
   690.82   727.95   670.64   700.47   682.61   711.30   666.42   702.34   689.43   718.89
   679.52   670.48   583.55   513.20   456.93   578.26   646.50   711.76   709.68   731.01
   688.77   691.20   652.65   702.14   668.89   684.64   655.79   720.58   693.31   733.69
   678.14   664.39   555.96   474.53   530.74   611.98   709.44   706.59   748.00   694.85
   714.34   649.10   677.41   661.34   694.56   643.62   681.12   678.17   725.82   716.37
   733.35   685.02   632.51   508.73   447.00   547.67   673.46   694.00   742.46   713.05
   702.15   653.18   671.04   635.82   682.55   649.63   667.89   637.37   685.16   668.37
   740.76   712.26   729.36   648.90   565.53   426.23   452.32   599.02   675.39   743.37
   692.47   713.64   657.29   675.48   630.47   659.42   640.06   670.71   627.57   662.40
   642.16   689.19   683.90   721.66   705.82   699.10   576.24   468.24   486.34   593.66
   714.76   715.60   727.47   681.42   688.39   639.53   658.39   621.82   659.33   632.56
   652.52   626.35   672.30   655.12   714.71   692.81   753.88   689.11   615.43   467.47
   468.25   616.94   691.58   758.42   697.76   720.78   658.24   673.86   626.36   650.95
   630.35   656.51   620.71   658.54   641.05   692.35   686.34   733.84   719.37   717.50
   595.10   487.22   470.36   579.80   705.98   715.59   740.01   695.67   699.11   645.69
   662.49   624.46   662.20   635.28   655.78   630.74   679.71   665.66   731.51   704.52
   755.09   681.59   602.91   454.35   428.51   569.78   655.63   741.81   725.34   759.70
   677.06   689.40   637.53   664.64   644.99   676.84   633.16   671.26   656.80   712.52
   725.73   762.16   704.41   680.90   551.61   449.48   511.21   636.82   690.99   742.31
   723.18   730.81   679.55   680.52   641.58   691.41   658.48   675.18   648.43   715.90
   698.78   756.21   713.66   716.01   615.78   533.37   474.40   555.49   663.17   676.37
   731.07   691.01   718.09   653.62   682.92   667.44   701.01   650.74   688.84   686.16
   728.12   706.94   709.14   645.01   577.51   456.67   508.10   575.90   657.55   669.41
   709.16   683.19   697.94   664.08   711.77   681.02   698.19   666.19   720.82   681.67
   703.85   647.65   601.05   492.81   404.61   511.26   574.21   654.72   664.78   726.66
   703.20   743.36   714.21   744.19   710.26   740.20   695.74   703.76   645.71   598.42
   502.18   426.96   410.23   504.46   565.53   647.86   670.77   714.38   692.29   726.06
   698.05   726.60   682.12   696.23   633.57   591.79   498.11   435.73   394.21   480.33
   535.52   610.73   627.48   668.83   656.78   675.18   649.97   651.00   595.28   559.72
   473.30   418.53   354.34   436.08   483.26   537.62   546.57   577.16   560.26   566.68
   524.45   505.45   427.74   374.98   404.96   436.03   437.28   452.67   424.36   424.92
   460.41   471.00   493.59   487.03   476.06   452.17   407.95   474.51   548.10   580.61
   616.70   623.51   631.04   608.13   586.38   538.87   478.30   399.35   457.41   527.10
   608.71   658.52   705.47   720.05   738.91   729.58   728.43   695.49   665.29   598.50
   530.54   447.13   476.87   557.95   648.37   702.65   753.12   753.54   780.40   771.49
   785.12   766.06   766.83   742.25   709.22   636.88   561.42   466.02   464.56   561.85
   661.07   720.48   759.49   767.83   790.90   781.88   799.32   784.81   795.94   775.53
   780.85   743.01   726.22   649.22   566.28   455.15   546.43   655.24   720.86   764.67
   760.88   776.81   745.53   758.08   753.59   768.03   743.04   759.58   760.75   773.16
   748.18   727.19   644.31   553.03   501.83   621.01   710.14   762.84   775.89   782.63
   756.07   743.33   722.54   748.58   733.86   736.82   727.98   770.00   766.66   788.11
   747.36   718.20   611.88   509.21   567.77   671.09   763.72   775.11   799.79   764.69
   758.73   714.42   721.41   717.95   732.41   706.66   728.61   743.32   778.53   784.66
   788.49   753.30   679.88   558.87   476.33   598.42   720.91   762.77   796.30   779.55
   756.72   718.68   713.49   693.20   716.47   702.10   707.39   698.81   732.88   741.79
   793.60   781.69   777.46   710.78   606.00   467.99   493.76   639.01   736.87   789.39
   767.18   770.72   727.62   719.61   688.09   696.61   690.37   704.38   682.48   702.27
   705.04   742.04   756.03   781.83   774.12   746.97   629.76   500.45   518.24   646.94
   760.80   781.42   782.24   751.97   736.94   699.59   696.55   676.16   695.97   682.17
   690.06   682.42   714.08   722.36   766.87   767.25   797.15   750.28   656.05   510.60
   511.10   656.95   751.74   799.54   770.18   769.83   724.12   714.88   682.38   689.24
   680.86   694.60   675.52   696.69   700.55   739.13   755.02   785.70   783.90   762.62
   648.05   518.97   501.89   632.14   751.00   780.04   791.04   764.28   747.10   707.02
   702.20   680.56   700.27   686.43   694.69   688.18   721.96   732.58   779.80   776.12
   796.07   740.99   641.73   495.35   469.60   608.70   714.95   784.22   790.84   802.77
   746.55   734.82   698.45   705.20   698.87   713.10   691.21   713.29   720.61   762.10
   788.37   806.32   769.25   725.52   601.23   478.18   560.39   682.20   756.48   792.67
   787.98   780.35   743.24   727.27   704.43   729.59   715.24   719.20   713.19   758.88
   766.42   803.64   779.06   767.25   673.48   569.54   508.77   611.01   716.64   745.17
   785.30   763.77   766.91   725.06   734.04   731.34   746.07   719.82   740.44   753.11
   779.76   773.21   760.67   708.69   620.24   501.50   548.98   638.36   718.68   739.39
   765.39   754.62   754.58   739.31   765.53   751.05   754.36   740.66   770.53   753.41
   755.43   712.57   649.06   542.52   449.45   557.45   637.51   713.43   732.52   771.90
   768.59   790.35   780.20   794.74   776.35   783.84   759.16   748.49   707.85   648.87
   553.19   458.59   457.36   550.17   625.01   697.73   732.49   758.55   759.24   778.99
   765.42   773.49   745.45   743.15   691.38   636.07   546.88   467.74   438.06   520.33
   588.54   655.83   687.23   720.96   722.74   732.01   712.68   697.07   649.21   598.47
   517.02   447.92   391.83   470.26   531.08   579.00   601.36   624.48   617.03   609.84
   573.32   540.14   466.57   400.16   446.35   470.49   481.64   488.13   465.49   454.47
   452.13   476.03   487.02   493.59   471.01   460.44   399.28   478.24   538.81   586.33
   608.09   631.02   623.51   616.73   580.65   548.16   474.57   408.01   447.05   530.45
   598.41   665.20   695.43   728.38   729.56   738.92   720.09   705.52   658.59   608.79
   527.18   457.49   465.92   561.30   636.76   709.10   742.15   766.75   766.00   785.09
   771.50   780.44   753.61   753.22   702.75   648.49   558.06   476.97   455.04   566.15
   649.08   726.07   742.88   780.73   775.44   795.88   784.79   799.33   781.93   790.98
   767.94   759.62   720.62   661.21   561.97   464.67   552.89   644.16   727.02   748.01
   773.00   760.62   759.48   742.98   768.01   753.60   758.13   745.61   776.93   761.02
   764.82   721.02   655.39   546.56   509.08   611.72   718.02   747.18   787.92   766.50
   769.86   727.88   736.75   733.84   748.60   722.59   743.42   756.19   782.78   776.06
   763.02   710.32   621.17   501.96   558.72   679.69   753.10   788.29   784.47   778.36
   743.18   728.50   706.59   732.38   717.96   721.47   714.52   758.86   764.85   799.98
   775.30   763.91   671.27   567.92   467.86   605.83   710.58   777.25   781.48   793.40
   741.62   732.74   698.70   707.32   702.07   716.48   693.26   713.59   718.81   756.89
   779.74   796.50   762.97   721.10   598.59   476.46   500.31   629.58   746.76   773.91
   781.62   755.83   741.86   704.90   702.16   682.42   704.35   690.39   696.66   688.18
   719.74   727.79   770.92   767.38   789.60   737.07   639.19   493.90   510.46   655.87
   750.07   796.93   767.04   766.67   722.18   713.94   682.32   689.99   682.15   695.98
   676.22   696.65   699.72   737.10   752.16   782.44   781.63   761.01   647.12   518.38
   518.82   647.87   762.41   783.69   785.49   754.82   738.95   700.41   696.58   675.46
   694.57   680.88   689.30   682.48   715.01   724.28   770.02   770.38   799.75   751.95
   657.13   511.24   495.21   641.55   740.79   795.85   775.91   779.60   732.41   721.82
   688.08   694.62   686.41   700.28   680.62   702.30   707.15   747.27   764.46   791.25
   780.25   751.20   632.31   502.03   478.05   601.07   725.32   769.04   806.11   788.18
   761.92   720.48   713.18   691.15   713.07   698.89   705.26   698.54   734.95   746.71
   802.96   791.04   784.42   715.14   608.86   469.73   569.39   673.30   767.06   778.87
   803.45   766.26   758.74   713.09   719.14   715.22   729.60   704.49   727.36   743.37
   780.51   788.16   792.86   756.66   682.37   560.54   501.38   620.09   708.51   760.49
   773.04   779.60   752.99   740.34   719.77   746.05   731.35   734.09   725.15   767.03
   763.91   785.47   745.34   716.81   611.16   508.89   542.39   648.91   712.42   755.28
   753.28   770.41   740.58   754.30   751.03   765.54   739.36   754.66   754.74   765.53
   739.53   718.83   638.50   549.10   458.49   553.07   648.74   707.72   748.37   759.05
   783.75   776.30   794.72   780.22   790.40   768.67   772.00   732.63   713.56   637.63
   557.56   449.55   467.65   546.78   635.97   691.27   743.06   745.38   773.44   765.41
   779.00   759.28   758.61   732.57   697.83   625.11   550.27   457.44   447.85   516.94
   598.39   649.14   697.01   712.64   731.99   722.75   720.99   687.28   655.90   588.62
   520.41   438.13   400.11   466.51   540.09   573.28   609.81   617.02   624.48   601.38
   579.04   531.13   470.31   391.88   454.44   465.48   488.12   481.65   470.51   446.37
   410.48   441.28   442.20   457.80   429.56   430.91   362.59   444.79   491.07   544.83
   552.79   583.16   566.15   573.28   531.67   513.99   436.50   384.31   405.01   492.69
   546.49   620.74   635.43   675.70   662.71   681.31   656.82   659.59   605.30   571.95
   485.64   431.05   421.00   519.88   580.32   661.85   681.14   722.58   698.18   730.94
   702.99   732.93   690.23   707.71   647.35   609.06   513.07   448.54   411.54   523.53
   589.01   673.99   677.24   736.68   709.66   747.65   717.17   746.83   714.83   747.43
   705.55   718.77   662.44   618.26   514.30   435.34   513.06   583.40   670.31   679.36
   718.73   689.31   702.24   666.36   711.27   682.61   700.51   670.71   728.06   690.95
   718.21   659.19   610.33   498.03   474.40   555.81   664.22   677.96   733.51   693.16
   720.44   655.69   684.57   668.86   702.15   652.69   691.29   688.88   731.16   709.84
   711.93   646.66   578.41   457.05   508.59   632.34   684.83   733.15   716.18   725.65
   678.03   681.02   643.56   694.53   661.35   677.45   649.18   714.47   694.99   748.17
   706.77   709.62   612.14   530.89   426.10   565.37   648.71   729.15   712.07   740.57
   668.21   685.02   637.27   667.82   649.60   682.56   635.87   671.13   653.30   702.31
   713.23   742.65   694.19   673.65   547.82   447.12   468.10   576.07   698.89   705.62
   721.46   683.72   689.02   642.03   662.29   627.51   670.68   640.08   659.48   630.55
   675.60   657.43   713.81   692.66   743.58   675.58   599.18   452.44   467.33   615.24
   688.91   753.66   692.61   714.52   654.96   672.16   626.25   652.46   632.53   659.35
   621.88   658.48   639.65   688.55   681.60   727.67   715.80   714.96   593.82   486.47
   487.08   594.92   717.29   719.17   733.63   686.15   692.18   640.91   658.44   620.65
   656.48   630.36   651.00   626.45   673.99   658.39   720.96   697.95   758.63   691.77
   617.11   468.38   454.21   602.74   681.40   754.88   704.33   731.32   665.50   679.58
   630.65   655.71   635.26   662.21   624.51   662.58   645.81   699.27   695.85   740.21
   715.78   706.17   579.96   470.49   449.36   551.45   680.71   704.22   761.96   725.55
   712.35   656.67   671.16   633.10   676.81   645.00   664.69   637.61   689.52   677.21
   759.88   725.52   742.00   655.80   569.93   428.63   533.22   615.61   715.82   713.47
   756.02   698.62   715.77   648.34   675.12   658.46   691.43   641.63   680.61   679.66
   730.96   723.34   742.49   691.17   636.98   511.34   456.55   577.36   644.84   708.97
   706.78   727.97   686.04   688.75   650.69   700.99   667.46   682.97   653.70   718.21
   691.14   731.22   676.52   663.32   555.63   474.52   492.69   600.90   647.51   703.70
   681.54   720.71   666.11   698.14   681.00   711.78   664.13   698.02   683.29   709.29
   669.54   657.68   576.02   508.22   426.86   502.07   598.29   645.59   703.63   695.64
   740.12   710.21   744.17   714.22   743.41   703.27   726.76   664.89   654.84   574.33
   511.36   404.70   435.64   498.01   591.68   633.47   696.14   682.06   726.56   698.04
   726.07   692.33   714.45   670.85   647.95   565.62   504.55   410.31   418.45   473.23
   559.64   595.21   650.94   649.93   675.16   656.79   668.86   627.53   610.80   535.59
   480.40   394.28   374.92   427.68   505.39   524.41   566.66   560.25   577.16   546.59
   537.66   483.31   436.13   354.39   424.89   424.34   452.67   437.29   436.05   404.99
   335.71   365.16   356.65   376.55   350.36   361.86   298.14   373.22   404.49   453.82
   445.70   467.37   445.50   471.94   437.24   433.78   362.95   326.00   331.47   412.66
   452.48   523.47   522.62   549.71   478.12   502.56   525.45   553.59   503.94   485.06
   404.01   364.94   342.13   431.63   477.78   561.29   572.45   617.48   562.60   542.77
   505.13   608.05   575.57   606.61   542.95   514.69   423.23   377.56   334.12   430.83
   472.83   559.94   569.49   648.96   614.97   646.66   538.28   578.80   603.12   664.66
   608.46   623.50   545.14   510.50   419.17   364.71   424.28   464.46   516.85   526.57
   640.15   630.27   687.52   630.65   614.30   574.33   677.39   645.07   682.04   603.47
   577.30   501.67   499.13   405.06   396.18   449.60   535.04   482.81   561.72   610.22
   694.82   661.59   706.38   650.20   696.45   662.35   710.60   652.28   661.12   528.85
   527.45   512.21   478.60   373.97   416.40   523.74   542.83   541.26   534.10   667.68
   659.74   720.32   677.21   722.89   676.50   724.77   676.19   709.72   626.00   577.31
   504.90   574.88   497.69   444.90   350.91   474.20   531.12   602.03   522.43   588.86
   633.08   713.07   679.25   726.72   677.26   723.96   681.57   726.95   669.01   680.13
   550.71   563.73   556.06   563.14   451.78   377.77   394.99   476.87   590.41   580.73
   591.85   573.48   692.06   673.21   725.54   672.74   695.53   651.41   718.55   680.59
   720.38   648.22   615.21   552.19   630.37   560.28   506.36   375.04   387.80   522.00
   577.63   657.07   622.81   688.44   667.52   725.91   678.16   702.63   593.77   633.56
   658.56   724.13   680.21   714.21   643.34   669.88   607.38   611.07   494.57   412.15
   413.08   496.55   615.85   617.19   692.31   664.15   724.89   683.74   723.67   653.70
   621.14   582.15   697.54   678.03   730.16   678.03   711.36   644.56   668.60   582.95
   524.80   389.18   377.63   512.23   572.66   661.20   640.99   710.37   677.68   730.69
   679.80   703.79   595.67   635.46   658.96   725.05   683.35   724.08   662.32   688.62
   610.20   604.37   483.07   398.26   380.97   457.87   577.12   585.61   658.93   637.89
   712.10   679.15   727.25   673.45   704.01   658.62   718.23   679.96   724.57   663.81
   683.83   610.79   634.70   545.09   481.33   354.39   448.78   504.79   589.72   528.97
   602.67   638.70   714.78   676.27   721.64   671.60   717.75   674.59   720.95   665.22
   682.30   558.61   568.12   557.80   532.15   420.70   373.67   477.61   509.69   521.18
   522.65   657.17   649.88   709.16   663.29   702.38   655.91   707.79   660.85   693.15
   607.68   556.40   478.23   533.60   449.59   396.57   396.73   480.27   455.75   528.34
   584.24   672.17   641.60   681.62   601.41   643.82   635.10   684.51   622.03   621.02
   483.41   470.31   448.07   416.54   351.75   393.92   435.76   473.75   594.40   595.20
   657.88   602.46   584.53   543.76   646.38   609.32   635.71   543.81   486.83   405.14
   405.84   323.08   356.90   391.70   480.79   521.76   592.72   567.85   603.79   503.86
   541.53   559.00   609.77   560.10   540.19   447.18   400.11   324.11   346.48   386.22
   469.65   493.00   545.37   520.02   498.65   474.49   544.33   515.30   512.70   438.77
   395.08   315.27   314.66   353.18   425.00   430.55   466.30   440.95   462.68   440.58
   447.23   396.72   363.64   288.24   356.31   345.90   372.26   352.65   360.67   330.80
   247.79   275.80   266.21   286.47   260.69   273.65   219.26   280.01   299.09   343.18
   334.86   365.16   341.68   361.77   326.13   328.06   269.46   246.55   244.06   310.15
   335.57   396.85   392.84   430.94   401.65   432.35   404.69   424.42   376.77   367.86
   301.00   276.92   252.34   326.41   356.60   427.91   431.64   480.33   439.13   481.86
   434.88   487.17   437.44   466.52   408.62   393.53   317.22   287.26   246.86   327.34
   358.66   435.08   432.08   507.69   475.41   528.42   472.30   524.34   480.11   527.67
   465.45   486.86   418.37   397.32   314.87   277.15   322.17   352.21   427.02   425.77
   512.00   491.15   558.54   510.14   559.96   506.01   565.13   509.35   547.24   471.32
   482.22   407.72   388.01   302.54   299.71   336.63   420.58   412.32   497.75   487.09
   567.69   530.37   591.91   537.45   593.57   538.29   587.66   518.70   544.07   455.78
   466.27   395.79   366.17   277.46   308.89   401.55   422.03   486.28   469.43   558.62
   532.13   603.54   554.99   614.22   557.82   612.81   549.79   589.97   509.32   524.72
   440.15   456.75   374.65   337.30   259.05   358.93   400.40   480.74   457.61   540.17
   520.63   600.57   558.62   621.92   566.07   623.98   565.49   616.96   546.74   577.49
   489.47   510.40   432.39   433.27   336.28   285.54   297.59   354.68   454.15   450.63
   529.25   504.24   589.09   553.98   621.74   566.87   622.81   564.79   625.22   565.37
   611.79   535.11   559.96   477.73   502.57   422.98   384.10   277.71   286.87   395.58
   435.01   517.35   496.12   576.73   544.96   617.18   566.78   622.69   556.34   615.70
   565.05   624.77   560.80   601.54   523.23   549.49   465.83   469.07   368.08   310.92
   311.54   369.30   471.63   470.24   556.56   530.11   605.94   562.61   624.70   563.21
   612.23   552.95   621.08   567.07   619.61   549.81   584.42   503.72   522.75   438.12
   397.46   287.88   279.53   387.80   429.71   515.26   498.57   580.17   546.77   617.00
   565.51   620.69   554.45   613.35   562.66   622.35   559.47   601.78   525.58   550.49
   463.39   461.85   358.75   299.96   287.81   340.22   440.89   445.17   531.63   510.66
   590.06   552.03   617.45   562.11   617.51   559.79   618.71   559.50   606.70   533.44
   561.82   479.79   495.04   408.42   363.66   261.59   339.90   378.87   463.97   449.76
   534.37   515.26   592.57   549.75   610.91   555.11   611.43   553.51   603.96   535.26
   565.62   479.59   497.21   429.90   406.76   311.92   277.35   365.71   394.74   464.33
   453.63   542.05   517.05   586.15   537.64   593.69   537.89   591.40   529.54   566.62
   486.09   496.56   411.46   420.50   336.97   300.20   297.73   379.33   394.56   468.74
   462.21   541.08   506.29   564.49   508.96   562.39   510.05   555.72   486.19   503.42
   413.70   415.14   344.90   317.99   269.49   302.75   378.43   398.88   473.03   457.16
   522.38   478.07   524.08   472.41   526.38   471.10   499.55   420.09   417.09   340.97
   315.89   240.46   275.48   302.38   377.63   396.21   457.14   431.70   483.25   432.74
   479.50   435.88   474.53   423.44   415.92   342.31   312.24   242.17   265.71   290.01
   357.56   368.95   418.19   400.40   428.73   398.38   426.61   387.40   389.19   326.54
   299.55   234.35   238.66   262.44   321.50   321.08   357.37   338.13   361.43   330.97
   338.19   293.40   273.18   212.48   269.38   257.31   283.17   263.18   272.37   244.11
   153.86   172.98   166.74   180.47   162.88   171.50   135.46   174.30   185.74   215.34
   210.62   232.61   216.61   228.97   203.97   205.48   167.46   154.15   151.11   193.40
   208.71   249.20   247.15   275.70   259.38   280.78   257.73   268.76   235.77   230.78
   187.60   173.70   156.75   204.59   222.90   269.61   271.81   307.16   282.07   317.59
   284.14   315.81   277.39   295.78   256.74   248.31   198.77   180.82   153.69   206.16
   226.21   276.73   273.28   325.35   304.28   345.88   311.39   348.97   311.47   341.15
   295.91   311.56   265.64   253.01   198.01   174.55   203.00   222.82   275.49   273.88
   331.46   315.42   364.71   333.24   374.59   335.00   373.16   329.34   355.36   302.83
   313.85   262.42   247.66   189.82   188.19   211.69   270.03   268.35   328.60   316.55
   372.23   345.54   392.63   354.74   396.17   353.12   387.37   336.90   357.48   298.70
   306.84   253.12   232.01   173.15   192.66   254.72   270.92   322.17   310.29   370.16
   348.33   400.71   365.86   411.13   369.10   408.86   360.91   390.63   334.43   350.38
   289.22   295.12   236.38   212.06   160.58   225.24   252.58   311.47   301.18   361.91
   343.45   400.12   369.02   417.80   377.26   420.81   375.41   412.56   360.25   385.24
   325.01   339.25   277.52   275.17   209.94   178.64   185.64   221.03   287.92   288.35
   350.20   333.53   393.17   366.11   417.99   379.36   424.89   380.81   423.52   375.60
   409.21   353.32   374.38   313.03   324.88   266.55   241.05   172.25   177.67   247.82
   273.31   332.40   320.82   381.04   358.23   412.94   377.77   424.84   380.15   425.72
   380.95   421.53   370.82   400.06   342.13   359.02   296.26   296.66   229.16   193.95
   194.22   229.65   297.59   297.72   360.99   344.16   401.38   371.41   421.51   380.37
   424.81   379.21   424.49   378.02   413.96   360.00   383.48   323.34   334.40   274.64
   248.73   178.20   173.10   242.65   269.14   329.08   319.35   379.65   357.07   411.04
   375.72   422.26   377.73   422.80   378.23   418.47   368.24   397.39   340.26   356.14
   292.88   291.08   222.91   186.86   179.74   211.67   278.14   281.89   345.02   331.49
   389.18   362.08   412.72   374.22   418.79   375.24   416.82   369.46   402.45   347.83
   368.05   308.28   316.58   255.91   227.46   161.88   213.21   238.05   297.63   292.28
   353.25   336.30   391.33   360.65   407.84   367.82   409.82   365.12   400.74   349.43
   372.58   313.74   325.87   273.97   257.00   194.12   173.06   231.74   252.60   306.00
   297.70   356.34   335.82   386.19   352.23   395.29   354.16   391.79   344.81   371.51
   316.04   328.23   268.16   270.13   211.93   188.51   187.68   244.22   257.68   309.14
   298.98   352.21   327.34   371.76   334.86   373.85   332.28   362.83   313.00   328.03
   269.67   271.76   220.11   201.29   171.07   193.08   246.52   258.40   305.66   291.78
   337.95   309.61   347.53   310.30   343.95   301.72   321.35   268.34   270.69   219.97
   201.70   150.92   175.54   192.55   241.55   250.93   290.86   274.03   313.07   282.26
   315.51   279.80   303.76   267.61   264.11   216.97   198.86   152.35   168.37   182.30
   225.49   231.49   265.05   254.97   278.26   257.11   272.90   243.96   245.03   204.19
   188.38   146.63   150.00   163.65   201.72   200.96   226.21   214.32   230.19   208.19
   212.36   182.54   170.61   131.99   168.91   160.79   178.38   164.83   170.85   151.66
    55.21    61.73    60.17    64.53    58.65    61.07    48.45    61.93    66.67    76.91
    76.24    83.65    78.78    82.11    73.51    73.22    60.03    54.79    54.16    68.83
    75.00    89.04    89.46    99.42    95.63   101.71    93.98    96.43    84.99    82.34
    67.39    61.85    56.32    73.04    80.38    96.51    98.43   110.65   103.58   115.73
   105.81   114.49   101.00   106.21    92.78    88.87    71.66    64.53    55.28    73.79
    82.06    99.53    99.39   117.35   111.50   126.02   116.67   127.82   115.12   123.60
   107.91   112.23    96.62    90.95    71.59    62.34    72.62    80.99    99.62   100.88
   120.15   115.98   132.81   124.02   137.64   126.08   136.58   121.74   129.04   111.31
   113.82    96.39    89.19    68.57    67.13    76.63    97.58    99.76   119.94   117.28
   135.86   128.38   144.08   132.78   145.76   131.77   141.73   124.75   130.51   111.43
   111.73    92.56    83.29    62.31    69.34    91.50    99.33   117.72   116.46   135.74
   129.65   147.15   136.90   151.59   138.29   150.52   134.70   143.26   124.70   128.57
   108.11   106.97    85.73    75.74    57.52    80.42    91.59   112.89   112.75   133.04
   128.60   147.20   138.27   154.38   142.00   155.77   141.07   152.09   134.76   141.71
   122.35   124.16   101.88    98.89    75.58    63.53    65.98    79.49   103.35   105.63
   127.93   125.46   144.69   137.23   154.53   143.30   158.11   144.54   157.15   141.23
   150.85   132.37   137.52   117.01   117.62    96.55    86.03    61.68    63.57    88.35
    98.78   119.96   118.50   139.45   133.81   152.26   142.34   158.20   146.01   159.21
   144.60   156.12   139.00   146.97   127.30   130.63   108.07   106.33    82.32    68.90
    68.96    82.42   106.51   108.26   130.92   127.41   147.17   139.07   156.11   144.56
   159.10   146.03   158.18   142.44   152.50   134.09   139.91   118.82   120.42    99.10
    88.60    63.73    61.91    86.42    97.06   118.40   117.15   138.32   132.75   151.18
   141.28   156.99   144.80   157.87   143.31   154.69   137.61   145.47   125.70   128.99
   106.37   104.12    79.98    66.33    63.83    75.99    99.56   102.52   125.10   122.50
   142.35   134.99   152.08   140.90   155.41   141.82   154.20   138.38   147.68   129.17
   134.12   113.18   113.96    92.34    81.02    57.89    76.03    86.07   107.45   108.42
   128.99   124.85   143.29   134.53   150.18   137.94   151.21   136.67   147.09   129.80
   136.19   116.90   118.44    99.93    92.08    69.73    62.27    83.17    92.38   111.44
   111.13   130.09   124.34   141.25   131.31   145.30   132.33   143.68   128.05   135.58
   117.11   119.82    99.75    97.61    76.71    67.23    68.01    88.31    95.65   112.67
   110.39   128.07   120.99   135.91   125.31   137.09   123.43   132.13   115.28   119.27
   100.35    98.81    80.45    72.19    61.37    70.45    89.37    95.40   110.64   106.71
   122.50   114.30   127.08   115.96   125.23   110.62   116.16    98.26    98.09    81.16
    72.70    54.60    63.07    70.17    87.04    91.19   104.68    99.87   113.47   104.99
   114.88   102.71   109.51    97.16    94.96    78.97    71.56    55.23    60.32    65.90
    80.73    83.64    95.18    92.97   100.76    94.76    98.41    88.39    87.71    73.67
    67.39    52.96    53.51    58.84    71.98    72.48    81.13    77.94    82.78    75.38
    75.90    65.63    60.77    47.41    60.18    57.91    63.78    59.48    60.98    54.45
 Plane Powers in MW
    40.49   110.60   170.45   211.15   239.12   258.88   258.88   239.12   211.15   170.45
   110.60    40.50
 Irradiation-Region Powers in MW
   774.69  1286.71
