     1  'SIGNATURE   '       3      12
L_FLUX      
     1  'FLUXDIRECT  '       0      -1
     2  'FLUX  1     '       2      64
  3.66754860E-01  3.65639061E-01  3.64908576E-01  3.55867237E-01  3.46482784E-01
  3.46025348E-01  3.42023164E-01  3.60828936E-01  3.62905234E-01  3.61170739E-01
  3.52834135E-01  3.39436591E-01  3.37672204E-01  3.35703224E-01  3.36318940E-01
  3.41068596E-01  3.20325613E-01  3.26583415E-01  3.61322373E-01  3.58461440E-01
  3.52485776E-01  3.38372976E-01  3.22032690E-01  3.17236364E-01  3.25368047E-01
  3.20763469E-01  3.05748135E-01  2.95153350E-01  2.98600197E-01  3.22240502E-01
  3.19108248E-01  3.11122000E-01  2.93934345E-01  2.75656134E-01  2.68917501E-01
  2.95611501E-01  2.82730728E-01  2.64147460E-01  2.35150754E-01  2.07995772E-01
  1.83968067E-01  1.67095363E-01  1.55249193E-01  1.50078759E-01  1.45380631E-01
  1.39310285E-01  1.36107370E-01  1.30558729E-01  1.18466899E-01  1.02587402E-01
  9.03426409E-02  8.05125237E-02  7.24606887E-02  6.56702593E-02  6.03119619E-02
  5.58131300E-02  5.20184711E-02  4.90014292E-02  4.65633050E-02  4.46245894E-02
  4.31368798E-02  4.21731956E-02  4.16317061E-02  3.91211063E-02
     2  'FLUX  2     '       2      64
  1.60241532E+00  1.59846365E+00  1.59424031E+00  1.55584860E+00  1.51499033E+00
  1.51286125E+00  1.49509823E+00  1.57707310E+00  1.58416355E+00  1.57576442E+00
  1.53977633E+00  1.48315859E+00  1.47524929E+00  1.46920383E+00  1.47061658E+00
  1.48646915E+00  1.40066707E+00  1.42404675E+00  1.56678712E+00  1.55496621E+00
  1.52991760E+00  1.47131622E+00  1.40366769E+00  1.38358760E+00  1.41933632E+00
  1.40145814E+00  1.34039533E+00  1.29156220E+00  1.29840839E+00  1.39099443E+00
  1.37741268E+00  1.34339571E+00  1.27071440E+00  1.19372928E+00  1.16535008E+00
  1.28330934E+00  1.22921443E+00  1.14664054E+00  1.01792705E+00  8.97772491E-01
  7.94341028E-01  7.21221089E-01  6.68836296E-01  6.47083223E-01  6.27601326E-01
  6.02517486E-01  5.89825928E-01  5.67228734E-01  5.12588024E-01  4.40335482E-01
  3.84481460E-01  3.39646399E-01  3.02959740E-01  2.72117406E-01  2.47602493E-01
  2.27030948E-01  2.09698975E-01  1.95812955E-01  1.84534460E-01  1.75508380E-01
  1.68517485E-01  1.63815916E-01  1.60999626E-01  1.49317145E-01
     2  'FLUX  3     '       2      64
  3.39614868E+00  3.38617730E+00  3.37363076E+00  3.29670191E+00  3.21388459E+00
  3.20951772E+00  3.17037749E+00  3.33303618E+00  3.34410548E+00  3.32553673E+00
  3.25261664E+00  3.14174247E+00  3.12565947E+00  3.11888170E+00  3.11856127E+00
  3.14209485E+00  2.97020841E+00  3.00768399E+00  3.27918410E+00  3.25584197E+00
  3.20591950E+00  3.09068251E+00  2.96014714E+00  2.92012143E+00  2.99705172E+00
  2.96066713E+00  2.83907104E+00  2.73202872E+00  2.73127460E+00  2.89250970E+00
  2.86557770E+00  2.79837823E+00  2.65602350E+00  2.50736547E+00  2.45201421E+00
  2.69377446E+00  2.58288789E+00  2.41311741E+00  2.15072799E+00  1.90635109E+00
  1.70034432E+00  1.55016005E+00  1.43724167E+00  1.39145195E+00  1.35141659E+00
  1.30125976E+00  1.27749312E+00  1.23393595E+00  1.11218786E+00  9.51763630E-01
  8.27697098E-01  7.28033245E-01  6.46452844E-01  5.77972591E-01  5.23201644E-01
  4.77228343E-01  4.38502640E-01  4.07278180E-01  3.81805748E-01  3.61306369E-01
  3.45294476E-01  3.34202528E-01  3.27203423E-01  3.00893664E-01
     2  'FLUX  4     '       2      64
  3.66564679E+00  3.66194892E+00  3.64660978E+00  3.57022238E+00  3.48561430E+00
  3.48098826E+00  3.43423319E+00  3.60468054E+00  3.61304498E+00  3.59322762E+00
  3.51853132E+00  3.40910077E+00  3.39136648E+00  3.38162684E+00  3.37767744E+00
  3.39440036E+00  3.21750236E+00  3.25166726E+00  3.52836990E+00  3.50517941E+00
  3.45427823E+00  3.33793187E+00  3.20886230E+00  3.16751385E+00  3.24323630E+00
  3.20954013E+00  3.08611822E+00  2.96694350E+00  2.95251656E+00  3.11259985E+00
  3.08422732E+00  3.01409531E+00  2.86657500E+00  2.71462655E+00  2.65698195E+00
  2.91080976E+00  2.79905176E+00  2.61329317E+00  2.32748580E+00  2.06800294E+00
  1.86189330E+00  1.69703150E+00  1.56225812E+00  1.51011360E+00  1.46694255E+00
  1.41465187E+00  1.39179635E+00  1.34823120E+00  1.19776809E+00  1.00979233E+00
  8.67353678E-01  7.54183710E-01  6.62335873E-01  5.85910082E-01  5.24849713E-01
  4.73860770E-01  4.31124210E-01  3.96625638E-01  3.68478984E-01  3.45793247E-01
  3.28002244E-01  3.15422446E-01  3.07219386E-01  2.78887987E-01
     2  'FLUX  5     '       2      64
  3.56250668E+00  3.56134057E+00  3.54218102E+00  3.47342324E+00  3.39567685E+00
  3.39097476E+00  3.34419870E+00  3.49487138E+00  3.49394608E+00  3.47003675E+00
  3.40101528E+00  3.30698657E+00  3.29053593E+00  3.30124283E+00  3.28941131E+00
  3.27901363E+00  3.13136077E+00  3.14028955E+00  3.34183621E+00  3.32184720E+00
  3.27753091E+00  3.18112135E+00  3.07722092E+00  3.04230905E+00  3.12911987E+00
  3.09744358E+00  2.99198222E+00  2.86450624E+00  2.81293583E+00  2.88356328E+00
  2.85778093E+00  2.79745865E+00  2.67431521E+00  2.55018997E+00  2.50339150E+00
  2.75884604E+00  2.65198946E+00  2.46859360E+00  2.19532585E+00  1.95121706E+00
  1.76962197E+00  1.61620033E+00  1.48699009E+00  1.44188082E+00  1.40660453E+00
  1.36572993E+00  1.35016525E+00  1.31556129E+00  1.15957212E+00  9.64865804E-01
  8.17506790E-01  7.00977862E-01  6.06988907E-01  5.29626846E-01  4.67614859E-01
  4.16213721E-01  3.73482376E-01  3.38849306E-01  3.10563475E-01  2.87676722E-01
  2.69545436E-01  2.56118268E-01  2.46608242E-01  2.20701337E-01
     2  'FLUX  6     '       2      64
  4.05114746E+00  4.04448032E+00  4.01947832E+00  3.95220995E+00  3.87527204E+00
  3.86968279E+00  3.82557917E+00  3.93906951E+00  3.93373704E+00  3.90762424E+00
  3.84091425E+00  3.75439310E+00  3.74032950E+00  3.78412127E+00  3.76003337E+00
  3.73322725E+00  3.58895421E+00  3.57058597E+00  3.68071365E+00  3.66204953E+00
  3.62152076E+00  3.53601384E+00  3.44741702E+00  3.41505647E+00  3.54441142E+00
  3.49429750E+00  3.37784362E+00  3.23728180E+00  3.15717793E+00  3.10811400E+00
  3.08643627E+00  3.03618312E+00  2.93632984E+00  2.83807540E+00  2.79931283E+00
  3.08085537E+00  2.95333099E+00  2.76353073E+00  2.50536919E+00  2.27416253E+00
  2.08931351E+00  1.90594184E+00  1.75429213E+00  1.70881450E+00  1.67507386E+00
  1.63793802E+00  1.62617588E+00  1.59002149E+00  1.41720605E+00  1.20341623E+00
  1.03537238E+00  8.98821354E-01  7.86284029E-01  6.92122340E-01  6.15269780E-01
  5.50793707E-01  4.96643960E-01  4.52221423E-01  4.15584922E-01  3.85655701E-01
  3.61685127E-01  3.43554378E-01  3.30258250E-01  2.96846151E-01
     2  'FLUX  7     '       2      64
  2.98791933E+00  2.98523855E+00  2.97408748E+00  2.94415665E+00  2.91163325E+00
  2.90893435E+00  2.89204836E+00  2.90967607E+00  2.90659261E+00  2.89315581E+00
  2.86244965E+00  2.82337427E+00  2.81966496E+00  2.87264156E+00  2.85170841E+00
  2.82393622E+00  2.75117326E+00  2.72565913E+00  2.70306158E+00  2.69425678E+00
  2.67472267E+00  2.63588309E+00  2.59739804E+00  2.58234477E+00  2.69929266E+00
  2.65471768E+00  2.57707715E+00  2.48480034E+00  2.41486216E+00  2.28180122E+00
  2.26954675E+00  2.24341226E+00  2.19369411E+00  2.14535213E+00  2.12669468E+00
  2.35369134E+00  2.25520444E+00  2.11335778E+00  1.93617976E+00  1.77330327E+00
  1.64160585E+00  1.51817787E+00  1.42137229E+00  1.39543223E+00  1.37696671E+00
  1.35749948E+00  1.35264993E+00  1.33116150E+00  1.21375084E+00  1.05168104E+00
  9.16695356E-01  8.03483248E-01  7.08117187E-01  6.27228975E-01  5.59990704E-01
  5.03069401E-01  4.54954445E-01  4.15039062E-01  3.81855339E-01  3.54518026E-01
  3.32376212E-01  3.15126300E-01  3.01808327E-01  2.73753315E-01
     2  'FLUX  8     '       2      64
  3.32121897E+00  3.31778336E+00  3.30738831E+00  3.28034449E+00  3.25132751E+00
  3.24882579E+00  3.23842382E+00  3.22317696E+00  3.22014022E+00  3.20764542E+00
  3.18061447E+00  3.14576030E+00  3.14509034E+00  3.22032046E+00  3.19313955E+00
  3.15864444E+00  3.08912563E+00  3.05199647E+00  2.96425509E+00  2.95673323E+00
  2.94044995E+00  2.90900707E+00  2.87883878E+00  2.86634684E+00  3.01525784E+00
  2.95668173E+00  2.86963463E+00  2.77341318E+00  2.69153571E+00  2.48316669E+00
  2.47348166E+00  2.45361590E+00  2.41705203E+00  2.38200808E+00  2.36845326E+00
  2.61996269E+00  2.50685072E+00  2.35756683E+00  2.18746281E+00  2.02965713E+00
  1.89515281E+00  1.76756287E+00  1.67127705E+00  1.64698994E+00  1.63012421E+00
  1.61271989E+00  1.60923362E+00  1.58894455E+00  1.48045540E+00  1.31781340E+00
  1.17313075E+00  1.04648614E+00  9.36221123E-01  8.40148449E-01  7.58383036E-01
  6.87808990E-01  6.27134502E-01  5.76021492E-01  5.32955408E-01  4.97046858E-01
  4.67635632E-01  4.44476664E-01  4.26456094E-01  3.88554275E-01
     2  'FLUX  9     '       2      64
  2.62343907E+00  2.62165785E+00  2.61840534E+00  2.60857868E+00  2.59922338E+00
  2.59834552E+00  2.60097814E+00  2.55012631E+00  2.54997134E+00  2.54532909E+00
  2.53542900E+00  2.52147412E+00  2.52500057E+00  2.59231997E+00  2.57042360E+00
  2.54478788E+00  2.50663948E+00  2.47557306E+00  2.35483718E+00  2.35185838E+00
  2.34529638E+00  2.33340883E+00  2.32335639E+00  2.31823707E+00  2.44385672E+00
  2.39403033E+00  2.32881713E+00  2.26491451E+00  2.20393682E+00  2.00385952E+00
  1.99909258E+00  1.99023950E+00  1.97516191E+00  1.96086955E+00  1.95537031E+00
  2.15084219E+00  2.06347227E+00  1.95233905E+00  1.83719671E+00  1.72888219E+00
  1.63045216E+00  1.53709400E+00  1.47011733E+00  1.45433211E+00  1.44360816E+00
  1.43301523E+00  1.43154061E+00  1.41854703E+00  1.35213757E+00  1.23835456E+00
  1.12808478E+00  1.02645886E+00  9.34503794E-01  8.51859927E-01  7.79675603E-01
  7.16007471E-01  6.60222769E-01  6.12461030E-01  5.71649194E-01  5.37199497E-01
  5.08678854E-01  4.86041486E-01  4.68329489E-01  4.30050611E-01
     2  'FLUX 10     '       2      64
  2.14649582E+00  2.14519572E+00  2.14510655E+00  2.14340377E+00  2.14306879E+00
  2.14299655E+00  2.15034270E+00  2.09143710E+00  2.09245682E+00  2.09158778E+00
  2.08983564E+00  2.08603382E+00  2.09078503E+00  2.14647460E+00  2.12958574E+00
  2.11065769E+00  2.08968687E+00  2.06473136E+00  1.94558740E+00  1.94484961E+00
  1.94299603E+00  1.94035423E+00  1.93953812E+00  1.93799543E+00  2.03894067E+00
  1.99865973E+00  1.95006239E+00  1.90665936E+00  1.86144412E+00  1.68964076E+00
  1.68744230E+00  1.68404984E+00  1.67927575E+00  1.67487454E+00  1.67327893E+00
  1.82229066E+00  1.75594115E+00  1.67360246E+00  1.59431648E+00  1.51884055E+00
  1.44695520E+00  1.37982571E+00  1.33398378E+00  1.32391965E+00  1.31736887E+00
  1.31112194E+00  1.31094944E+00  1.30283010E+00  1.26241112E+00  1.18175864E+00
  1.09712934E+00  1.01538444E+00  9.38790143E-01  8.68009746E-01  8.04687917E-01
  7.47734964E-01  6.96979105E-01  6.52865589E-01  6.14682794E-01  5.82084179E-01
  5.54819107E-01  5.32974064E-01  5.15715301E-01  4.78140444E-01
     2  'FLUX 11     '       2      64
  1.78626490E+00  1.78522885E+00  1.78617299E+00  1.78744876E+00  1.79015660E+00
  1.79038501E+00  1.79813993E+00  1.74561429E+00  1.74688852E+00  1.74747014E+00
  1.74876785E+00  1.74900603E+00  1.75342572E+00  1.79647303E+00  1.78395486E+00
  1.77030623E+00  1.75833929E+00  1.73936665E+00  1.63906288E+00  1.63922346E+00
  1.63926971E+00  1.64016032E+00  1.64259648E+00  1.64250767E+00  1.71960986E+00
  1.68871725E+00  1.65307283E+00  1.62330234E+00  1.59058976E+00  1.45524538E+00
  1.45429254E+00  1.45331585E+00  1.45281720E+00  1.45247364E+00  1.45247316E+00
  1.56245410E+00  1.51358485E+00  1.45376003E+00  1.39913940E+00  1.34690571E+00
  1.29536510E+00  1.24772930E+00  1.21665502E+00  1.21026742E+00  1.20638227E+00
  1.20286703E+00  1.20331228E+00  1.19836974E+00  1.17455852E+00  1.11845231E+00
  1.05498981E+00  9.90943134E-01  9.28944349E-01  8.70140076E-01  8.16341519E-01
  7.67059445E-01  7.22432315E-01  6.83097661E-01  6.48638487E-01  6.18905604E-01
  5.93800724E-01  5.73514998E-01  5.57345748E-01  5.21788895E-01
     2  'FLUX 12     '       2      64
  1.50478363E+00  1.50382817E+00  1.50535977E+00  1.50854075E+00  1.51315200E+00
  1.51355338E+00  1.52095628E+00  1.47612512E+00  1.47747457E+00  1.47895575E+00
  1.48217881E+00  1.48509872E+00  1.48899984E+00  1.52077818E+00  1.51201761E+00
  1.50278187E+00  1.49746454E+00  1.48344755E+00  1.40240335E+00  1.40312123E+00
  1.40437007E+00  1.40747941E+00  1.41186166E+00  1.41268563E+00  1.46882617E+00
  1.44614351E+00  1.42158675E+00  1.40262520E+00  1.37996101E+00  1.27709985E+00
  1.27697289E+00  1.27753901E+00  1.27968109E+00  1.28185892E+00  1.28281248E+00
  1.36036122E+00  1.32581854E+00  1.28466761E+00  1.24926293E+00  1.21459293E+00
  1.17878664E+00  1.14668548E+00  1.12678683E+00  1.12311792E+00  1.12104535E+00
  1.11940515E+00  1.12014866E+00  1.11753547E+00  1.10448599E+00  1.06574655E+00
  1.01842868E+00  9.68587339E-01  9.18809235E-01  8.70425284E-01  8.25197875E-01
  7.83049285E-01  7.44311869E-01  7.09706247E-01  6.79042161E-01  6.52314425E-01
  6.29537284E-01  6.10954165E-01  5.95971346E-01  5.63145459E-01
     2  'FLUX 13     '       2      64
  1.27412558E+00  1.27343082E+00  1.27503860E+00  1.27888000E+00  1.28392768E+00
  1.28440225E+00  1.29056370E+00  1.25526035E+00  1.25648534E+00  1.25829387E+00
  1.26215124E+00  1.26622212E+00  1.26936567E+00  1.29115069E+00  1.28541529E+00
  1.27961886E+00  1.27827752E+00  1.26861680E+00  1.20769453E+00  1.20861840E+00
  1.21034038E+00  1.21422148E+00  1.21914184E+00  1.22036231E+00  1.25855243E+00
  1.24295628E+00  1.22709930E+00  1.21600831E+00  1.20138395E+00  1.12805581E+00
  1.12838995E+00  1.12969589E+00  1.13296986E+00  1.13625360E+00  1.13760364E+00
  1.18868530E+00  1.16582108E+00  1.13930333E+00  1.11815834E+00  1.09715235E+00
  1.07379234E+00  1.05209243E+00  1.03902435E+00  1.03699243E+00  1.03604364E+00
  1.03557396E+00  1.03648508E+00  1.03522038E+00  1.02834594E+00  1.00250399E+00
  9.68421102E-01  9.30970252E-01  8.92405689E-01  8.54013741E-01  8.17373276E-01
  7.82653987E-01  7.50282943E-01  7.20990777E-01  6.94749475E-01  6.71655178E-01
  6.51801348E-01  6.35462523E-01  6.22160375E-01  5.92978239E-01
     2  'FLUX 14     '       2      64
  1.09559083E+00  1.09475863E+00  1.09631455E+00  1.09989560E+00  1.10455215E+00
  1.10493255E+00  1.11017096E+00  1.08350766E+00  1.08454335E+00  1.08622658E+00
  1.08991373E+00  1.09382439E+00  1.09625506E+00  1.11115789E+00  1.10766017E+00
  1.10428298E+00  1.10542798E+00  1.09890699E+00  1.05415714E+00  1.05507767E+00
  1.05683792E+00  1.06067276E+00  1.06514239E+00  1.06638992E+00  1.09201729E+00
  1.08156133E+00  1.07190549E+00  1.06612265E+00  1.05699611E+00  1.00518703E+00
  1.00566304E+00  1.00714815E+00  1.01053882E+00  1.01382136E+00  1.01519001E+00
  1.04888403E+00  1.03395474E+00  1.01736403E+00  1.00526440E+00  9.91874278E-01
  9.76254165E-01  9.65156913E-01  9.60256219E-01  9.59790587E-01  9.59816337E-01
  9.60117996E-01  9.60935712E-01  9.61033702E-01  9.61104631E-01  9.45775270E-01
  9.22263920E-01  8.94872904E-01  8.65612030E-01  8.35700035E-01  8.06512594E-01
  7.78379142E-01  7.51768172E-01  7.27375984E-01  7.05286682E-01  6.85660481E-01
  6.68641448E-01  6.54508829E-01  6.42885268E-01  6.17501616E-01
     2  'FLUX 15     '       2      64
  9.72225070E-01  9.71559823E-01  9.72918868E-01  9.76312637E-01  9.80513752E-01
  9.80944276E-01  9.85160947E-01  9.64693606E-01  9.65575159E-01  9.67228711E-01
  9.70728576E-01  9.74605203E-01  9.76522207E-01  9.86238241E-01  9.84219790E-01
  9.82462645E-01  9.84640777E-01  9.80462372E-01  9.47750688E-01  9.48649704E-01
  9.50376272E-01  9.54016984E-01  9.58158851E-01  9.59461927E-01  9.76005733E-01
  9.69193101E-01  9.63543057E-01  9.61108744E-01  9.55908716E-01  9.20032084E-01
  9.20657873E-01  9.22264516E-01  9.25695956E-01  9.29038107E-01  9.30455029E-01
  9.51189220E-01  9.41951573E-01  9.32277024E-01  9.26533878E-01  9.19653118E-01
  9.09867644E-01  9.02738035E-01  9.00321245E-01  9.00496185E-01  9.00888145E-01
  9.01550770E-01  9.02281940E-01  9.02681053E-01  9.05093789E-01  8.96255195E-01
  8.80232155E-01  8.60427439E-01  8.38493049E-01  8.15487564E-01  7.92558551E-01
  7.70095587E-01  7.48555839E-01  7.28572369E-01  7.10290730E-01  6.93902791E-01
  6.79577351E-01  6.67585969E-01  6.57638311E-01  6.35943890E-01
     2  'FLUX 16     '       2      64
  8.01348209E-01  8.00834060E-01  8.01925361E-01  8.04745138E-01  8.08199227E-01
  8.08535039E-01  8.11538100E-01  7.97484100E-01  7.98150837E-01  7.99517870E-01
  8.02427113E-01  8.05758953E-01  8.07099104E-01  8.12541842E-01  8.11629295E-01
  8.10990334E-01  8.13578248E-01  8.11188459E-01  7.89796054E-01  7.90550709E-01
  7.92025447E-01  7.95100749E-01  7.98531771E-01  7.99630582E-01  8.08658242E-01
  8.04868579E-01  8.02392006E-01  8.02204370E-01  7.99817920E-01  7.77802527E-01
  7.78399110E-01  7.79848576E-01  7.82850087E-01  7.85792232E-01  7.86994398E-01
  7.97533870E-01  7.92789757E-01  7.88425446E-01  7.87029922E-01  7.84460008E-01
  7.79589832E-01  7.76701272E-01  7.76465654E-01  7.76940346E-01  7.77479649E-01
  7.78241932E-01  7.78862417E-01  7.79589355E-01  7.82635689E-01  7.78111696E-01
  7.68082917E-01  7.54936457E-01  7.39872813E-01  7.23696768E-01  7.07261205E-01
  6.90922499E-01  6.75062656E-01  6.60189033E-01  6.46458209E-01  6.34051740E-01
  6.23129070E-01  6.13920629E-01  6.06224000E-01  5.89466453E-01
     2  'FLUX 17     '       2      64
  7.18362808E-01  7.17497230E-01  7.18584657E-01  7.21237779E-01  7.24321902E-01
  7.24708438E-01  7.28057802E-01  7.16643929E-01  7.17272818E-01  7.18596280E-01
  7.21415102E-01  7.24414110E-01  7.25616872E-01  7.29365706E-01  7.29318440E-01
  7.29613841E-01  7.33509719E-01  7.32165635E-01  7.15545177E-01  7.16322899E-01
  7.17837632E-01  7.20905483E-01  7.23959386E-01  7.25209296E-01  7.30564535E-01
  7.28401124E-01  7.28275120E-01  7.30291307E-01  7.29834080E-01  7.14320302E-01
  7.14967668E-01  7.16478169E-01  7.19479203E-01  7.22190917E-01  7.23502994E-01
  7.29038954E-01  7.26797640E-01  7.25915670E-01  7.27710128E-01  7.27047384E-01
  7.22876072E-01  7.23784208E-01  7.28161812E-01  7.29602456E-01  7.30618119E-01
  7.31628299E-01  7.31890261E-01  7.33009696E-01  7.41975188E-01  7.43446648E-01
  7.38727570E-01  7.30565965E-01  7.20194697E-01  7.08424032E-01  6.96005821E-01
  6.83349311E-01  6.70830190E-01  6.58906341E-01  6.47764087E-01  6.37594044E-01
  6.28561080E-01  6.20879591E-01  6.14400685E-01  6.00333989E-01
     2  'FLUX 18     '       2      64
  6.91137135E-01  6.90903425E-01  6.91849709E-01  6.94631755E-01  6.98001564E-01
  6.98228061E-01  7.00016737E-01  6.91340923E-01  6.91841781E-01  6.93138778E-01
  6.95952594E-01  6.99519992E-01  7.00332940E-01  7.01101363E-01  7.01310158E-01
  7.01929033E-01  7.05451190E-01  7.04838276E-01  6.93878651E-01  6.94601893E-01
  6.96067750E-01  6.99100614E-01  7.02516317E-01  7.03511000E-01  7.04351723E-01
  7.03768671E-01  7.04797149E-01  7.07329869E-01  7.08038568E-01  6.99887455E-01
  7.00576007E-01  7.02139199E-01  7.05279708E-01  7.08488584E-01  7.09592223E-01
  7.08474278E-01  7.08746314E-01  7.10374773E-01  7.14349031E-01  7.17332721E-01
  7.18783498E-01  7.20293880E-01  7.21746027E-01  7.22476602E-01  7.23227501E-01
  7.24264324E-01  7.25062370E-01  7.26343870E-01  7.28579700E-01  7.27884352E-01
  7.23702967E-01  7.17140257E-01  7.08900630E-01  6.99520528E-01  6.89550698E-01
  6.79310858E-01  6.69105828E-01  6.59315348E-01  6.50107443E-01  6.41653240E-01
  6.34103477E-01  6.27648830E-01  6.22175574E-01  6.10302091E-01
     2  'FLUX 19     '       2      64
  6.41329169E-01  6.40925944E-01  6.41886950E-01  6.44757390E-01  6.48106039E-01
  6.48314416E-01  6.50339723E-01  6.42751098E-01  6.43226385E-01  6.44560039E-01
  6.47492170E-01  6.51138127E-01  6.51862204E-01  6.51670337E-01  6.52293503E-01
  6.53463662E-01  6.57958329E-01  6.57840669E-01  6.49071574E-01  6.49848878E-01
  6.51437998E-01  6.54676795E-01  6.58120215E-01  6.59217179E-01  6.57882631E-01
  6.58238411E-01  6.60664439E-01  6.64609492E-01  6.66477323E-01  6.61754370E-01
  6.62523448E-01  6.64241672E-01  6.67640209E-01  6.70971096E-01  6.72169387E-01
  6.67825162E-01  6.69657707E-01  6.73452020E-01  6.79666519E-01  6.84149444E-01
  6.85877442E-01  6.88712656E-01  6.92165256E-01  6.93498373E-01  6.94580555E-01
  6.95893049E-01  6.96569085E-01  6.97861314E-01  7.02821732E-01  7.05393732E-01
  7.04203606E-01  7.00567365E-01  6.95193112E-01  6.88600659E-01  6.81260705E-01
  6.73501968E-01  6.65607512E-01  6.57907486E-01  6.50573909E-01  6.43770754E-01
  6.37641966E-01  6.32358015E-01  6.27838492E-01  6.18056536E-01
     2  'FLUX 20     '       2      64
  1.15980172E+00  1.15898812E+00  1.16099417E+00  1.16701615E+00  1.17389476E+00
  1.17437053E+00  1.17837024E+00  1.16622424E+00  1.16712928E+00  1.16989827E+00
  1.17603445E+00  1.18369758E+00  1.18496203E+00  1.18146324E+00  1.18379545E+00
  1.18728673E+00  1.19816720E+00  1.19938982E+00  1.18829441E+00  1.18994641E+00
  1.19335592E+00  1.20025754E+00  1.20739150E+00  1.20984149E+00  1.20099437E+00
  1.20419633E+00  1.21246767E+00  1.22348809E+00  1.23005748E+00  1.23050189E+00
  1.23222899E+00  1.23601532E+00  1.24339163E+00  1.25054097E+00  1.25320268E+00
  1.23515558E+00  1.24304163E+00  1.25618541E+00  1.27410746E+00  1.28801227E+00
  1.29570735E+00  1.30538869E+00  1.31520820E+00  1.31845307E+00  1.32092619E+00
  1.32372499E+00  1.32485747E+00  1.32759929E+00  1.34070718E+00  1.35154569E+00
  1.35556614E+00  1.35506105E+00  1.35122609E+00  1.34495211E+00  1.33693218E+00
  1.32779908E+00  1.31803381E+00  1.30815148E+00  1.29848254E+00  1.28932130E+00
  1.28092229E+00  1.27356112E+00  1.26716065E+00  1.25338292E+00
     2  'FLUX 21     '       2      64
  1.04697013E+00  1.04555142E+00  1.04737473E+00  1.05270505E+00  1.05856919E+00
  1.05908024E+00  1.06310999E+00  1.05515587E+00  1.05597568E+00  1.05853403E+00
  1.06413090E+00  1.07077408E+00  1.07176304E+00  1.06625283E+00  1.06963348E+00
  1.07415783E+00  1.08569860E+00  1.08808112E+00  1.08401096E+00  1.08558095E+00
  1.08881676E+00  1.09521008E+00  1.10130298E+00  1.10373116E+00  1.09071708E+00
  1.09575844E+00  1.10648644E+00  1.11949825E+00  1.12808275E+00  1.13702416E+00
  1.13871920E+00  1.14234722E+00  1.14919591E+00  1.15550363E+00  1.15808499E+00
  1.13463926E+00  1.14518094E+00  1.16217160E+00  1.18303847E+00  1.19808125E+00
  1.20546722E+00  1.21949410E+00  1.23503613E+00  1.23950815E+00  1.24243903E+00
  1.24533141E+00  1.24580038E+00  1.24855983E+00  1.26880538E+00  1.28706419E+00
  1.29801285E+00  1.30437803E+00  1.30736041E+00  1.30780780E+00  1.30622566E+00
  1.30325389E+00  1.29930878E+00  1.29476905E+00  1.28995597E+00  1.28512919E+00
  1.28050733E+00  1.27629769E+00  1.27250147E+00  1.26445508E+00
     2  'FLUX 22     '       2      64
  7.01003432E-01  7.00097740E-01  7.01776922E-01  7.07510889E-01  7.13926971E-01
  7.14352608E-01  7.17362344E-01  7.09397256E-01  7.10140347E-01  7.12818325E-01
  7.18708456E-01  7.26321876E-01  7.27171242E-01  7.20344365E-01  7.23503709E-01
  7.27958620E-01  7.39025354E-01  7.41367400E-01  7.38413036E-01  7.40016282E-01
  7.43386984E-01  7.50142097E-01  7.57129312E-01  7.59470344E-01  7.44446635E-01
  7.50036657E-01  7.60901630E-01  7.73841023E-01  7.82733202E-01  7.94255495E-01
  7.96136498E-01  8.00131142E-01  8.07788372E-01  8.15292478E-01  8.17921996E-01
  7.89830506E-01  8.01745534E-01  8.20243657E-01  8.43082249E-01  8.62198532E-01
  8.75271738E-01  8.87279272E-01  8.97079527E-01  9.00091529E-01  9.02370870E-01
  9.04949427E-01  9.05871153E-01  9.08440351E-01  9.19909179E-01  9.33990836E-01
  9.44248557E-01  9.51628089E-01  9.56724107E-01  9.60028946E-01  9.61779058E-01
  9.62418854E-01  9.62209821E-01  9.61359501E-01  9.60092962E-01  9.58580673E-01
  9.56963778E-01  9.55359757E-01  9.53804851E-01  9.50615764E-01
     2  'FLUX 23     '       2      64
  4.61995453E-01  4.61596847E-01  4.62557554E-01  4.65817451E-01  4.69402313E-01
  4.69644070E-01  4.71192420E-01  4.68102604E-01  4.68491405E-01  4.70000178E-01
  4.73324567E-01  4.77645814E-01  4.78015035E-01  4.72981632E-01  4.75098759E-01
  4.77972597E-01  4.84724611E-01  4.86597121E-01  4.87554133E-01  4.88467485E-01
  4.90392268E-01  4.94225264E-01  4.98127878E-01  4.99485940E-01  4.88880515E-01
  4.92879599E-01  5.00050962E-01  5.08267283E-01  5.14210999E-01  5.24344504E-01
  5.25434196E-01  5.27724683E-01  5.32079160E-01  5.36321044E-01  5.37835181E-01
  5.19026518E-01  5.27102113E-01  5.39142907E-01  5.53568661E-01  5.65872312E-01
  5.74618578E-01  5.82440078E-01  5.88605583E-01  5.90452552E-01  5.91842175E-01
  5.93411744E-01  5.93940496E-01  5.95504105E-01  6.02644205E-01  6.11904562E-01
  6.19071424E-01  6.24580503E-01  6.28731847E-01  6.31791055E-01  6.33860350E-01
  6.35206699E-01  6.35977328E-01  6.36277914E-01  6.36245072E-01  6.35978699E-01
  6.35560811E-01  6.35053813E-01  6.34492815E-01  6.33400559E-01
     2  'FLUX 24     '       2      64
  4.64846551E-01  4.63364065E-01  4.65006709E-01  4.71141309E-01  4.78023887E-01
  4.78481650E-01  4.81660664E-01  4.72725660E-01  4.73518133E-01  4.76467580E-01
  4.82917786E-01  4.91296262E-01  4.92212892E-01  4.84780312E-01  4.88336504E-01
  4.93346691E-01  5.05130410E-01  5.07368505E-01  5.04032910E-01  5.05806744E-01
  5.09577692E-01  5.17125547E-01  5.24946809E-01  5.27497828E-01  5.10694385E-01
  5.16927898E-01  5.29060364E-01  5.43349743E-01  5.53175032E-01  5.65921009E-01
  5.68139911E-01  5.72829783E-01  5.81784785E-01  5.90578198E-01  5.93585253E-01
  5.60945690E-01  5.74482262E-01  5.96136928E-01  6.22679830E-01  6.44689679E-01
  6.59434259E-01  6.72656119E-01  6.83118105E-01  6.86269343E-01  6.88635945E-01
  6.91285968E-01  6.92186296E-01  6.94867492E-01  7.06868887E-01  7.22047210E-01
  7.33835161E-01  7.43121028E-01  7.50420511E-01  7.56151259E-01  7.60442436E-01
  7.63685346E-01  7.66076684E-01  7.67732680E-01  7.68838227E-01  7.69518375E-01
  7.69872844E-01  7.69965053E-01  7.69856453E-01  7.69829154E-01
     2  'FLUX 25     '       2      64
  3.94780755E-01  3.93347144E-01  3.95161450E-01  4.02009726E-01  4.09727246E-01
  4.10249531E-01  4.13847089E-01  4.04225022E-01  4.04996812E-01  4.08160716E-01
  4.15314227E-01  4.24724072E-01  4.25777465E-01  4.17508751E-01  4.21386570E-01
  4.26711261E-01  4.40453053E-01  4.42958593E-01  4.39075440E-01  4.41053569E-01
  4.45297301E-01  4.53900158E-01  4.62881833E-01  4.65876609E-01  4.46731269E-01
  4.53802198E-01  4.67755765E-01  4.84156221E-01  4.95291650E-01  5.09595633E-01
  5.12148380E-01  5.17582476E-01  5.28055072E-01  5.38420022E-01  5.42055964E-01
  5.04257381E-01  5.19966185E-01  5.44993579E-01  5.76064467E-01  6.02213800E-01
  6.20342255E-01  6.36580944E-01  6.49313688E-01  6.53093457E-01  6.55949175E-01
  6.59127057E-01  6.60187006E-01  6.63423777E-01  6.78008318E-01  6.96651280E-01
  7.11364031E-01  7.23193645E-01  7.32743323E-01  7.40495861E-01  7.46573865E-01
  7.51429141E-01  7.55273998E-01  7.58214533E-01  7.60454178E-01  7.62124121E-01
  7.63325214E-01  7.64110684E-01  7.64562130E-01  7.65798271E-01
     2  'FLUX 26     '       2      64
  4.68970746E-01  4.69136506E-01  4.69596356E-01  4.71170187E-01  4.72688168E-01
  4.72802490E-01  4.72886205E-01  4.76788908E-01  4.76865530E-01  4.77594316E-01
  4.79160070E-01  4.81303453E-01  4.81033295E-01  4.74050134E-01  4.76369083E-01
  4.79213506E-01  4.84061509E-01  4.87116456E-01  4.97812659E-01  4.98269826E-01
  4.99247015E-01  5.01077235E-01  5.02733350E-01  5.03475487E-01  4.90338802E-01
  4.95485932E-01  5.02673745E-01  5.09965837E-01  5.16432822E-01  5.35464704E-01
  5.36103189E-01  5.37322342E-01  5.39481401E-01  5.41506290E-01  5.42294025E-01
  5.21941185E-01  5.31016588E-01  5.42870998E-01  5.55570781E-01  5.67101181E-01
  5.76275051E-01  5.84343851E-01  5.90468228E-01  5.92187822E-01  5.93440235E-01
  5.94778180E-01  5.95122874E-01  5.96434414E-01  6.03077352E-01  6.13417029E-01
  6.22601151E-01  6.30539596E-01  6.37317896E-01  6.43083811E-01  6.47818148E-01
  6.51755869E-01  6.55002117E-01  6.57597244E-01  6.59665227E-01  6.61286175E-01
  6.62523568E-01  6.63407981E-01  6.64007962E-01  6.65453315E-01
     2  'FLUX 27     '       2      64
  5.57579219E-01  5.54912984E-01  5.57733655E-01  5.69107234E-01  5.82003832E-01
  5.82883120E-01  5.88822961E-01  5.72842002E-01  5.73985636E-01  5.79162717E-01
  5.91114163E-01  6.07054830E-01  6.08837962E-01  5.95008075E-01  6.01509929E-01
  6.10274136E-01  6.33570731E-01  6.37452304E-01  6.30738258E-01  6.34058177E-01
  6.41264021E-01  6.56007469E-01  6.71535671E-01  6.76687241E-01  6.43817961E-01
  6.55927300E-01  6.79967344E-01  7.07987666E-01  7.26857781E-01  7.51085460E-01
  7.55588174E-01  7.65197337E-01  7.83813834E-01  8.02385390E-01  8.08886647E-01
  7.42155373E-01  7.69614995E-01  8.13873172E-01  8.68968308E-01  9.15543795E-01
  9.48289573E-01  9.77524459E-01  1.00023448E+00  1.00689578E+00  1.01188421E+00
  1.01742506E+00  1.01917112E+00  1.02480781E+00  1.05039585E+00  1.08407772E+00
  1.11155307E+00  1.13439894E+00  1.15352988E+00  1.16969275E+00  1.18298388E+00
  1.19414639E+00  1.20349360E+00  1.21112704E+00  1.21737337E+00  1.22242558E+00
  1.22642672E+00  1.22942233E+00  1.23158479E+00  1.23675692E+00
     2  'FLUX 28     '       2      64
  1.76749438E-01  1.76853582E-01  1.77014023E-01  1.77536011E-01  1.77957833E-01
  1.77993625E-01  1.77869976E-01  1.80577934E-01  1.80597395E-01  1.80864394E-01
  1.81382149E-01  1.82072163E-01  1.81858182E-01  1.78322360E-01  1.79457620E-01
  1.80846095E-01  1.82841048E-01  1.84440494E-01  1.90841749E-01  1.91004530E-01
  1.91349387E-01  1.91928864E-01  1.92348778E-01  1.92598775E-01  1.86071694E-01
  1.88645095E-01  1.92030638E-01  1.95343897E-01  1.98490649E-01  2.08895460E-01
  2.09131300E-01  2.09542960E-01  2.10192159E-01  2.10727856E-01  2.10956380E-01
  2.01178029E-01  2.05583677E-01  2.11138353E-01  2.16787532E-01  2.21949741E-01
  2.26085007E-01  2.29766577E-01  2.32562527E-01  2.33334884E-01  2.33870864E-01
  2.34437376E-01  2.34547123E-01  2.35080615E-01  2.38038227E-01  2.42948040E-01
  2.47500628E-01  2.51567185E-01  2.55150944E-01  2.58298844E-01  2.60979384E-01
  2.63292730E-01  2.65277058E-01  2.66935885E-01  2.68321365E-01  2.69464016E-01
  2.70386785E-01  2.71095216E-01  2.71626264E-01  2.72853673E-01
     2  'FLUX 29     '       2      64
  2.32927591E-01  2.33034268E-01  2.33135566E-01  2.33611479E-01  2.34019235E-01
  2.34052464E-01  2.33829156E-01  2.36727357E-01  2.36698821E-01  2.36912549E-01
  2.37380162E-01  2.38097191E-01  2.37870932E-01  2.34263569E-01  2.35389650E-01
  2.36720696E-01  2.38672823E-01  2.40243748E-01  2.46798858E-01  2.46939838E-01
  2.47252539E-01  2.47825950E-01  2.48320535E-01  2.48576373E-01  2.41910890E-01
  2.44538069E-01  2.47968316E-01  2.51271129E-01  2.54396707E-01  2.64745504E-01
  2.64993578E-01  2.65438527E-01  2.66207308E-01  2.66949803E-01  2.67236978E-01
  2.57083863E-01  2.61584878E-01  2.67356843E-01  2.73332328E-01  2.78894454E-01
  2.83536732E-01  2.87505418E-01  2.90411174E-01  2.91199893E-01  2.91753918E-01
  2.92342752E-01  2.92453438E-01  2.93021679E-01  2.96011627E-01  3.01210433E-01
  3.06164682E-01  3.10677946E-01  3.14721137E-01  3.18323076E-01  3.21431816E-01
  3.24145764E-01  3.26498419E-01  3.28485668E-01  3.30161154E-01  3.31555396E-01
  3.32691640E-01  3.33573282E-01  3.34243447E-01  3.35776985E-01
     2  'FLUX 30     '       2      64
  2.26897210E-01  2.26988196E-01  2.26997018E-01  2.27158144E-01  2.27225035E-01
  2.27234676E-01  2.26915210E-01  2.29805917E-01  2.29752451E-01  2.29828671E-01
  2.29984716E-01  2.30275095E-01  2.30036423E-01  2.27159709E-01  2.28027165E-01
  2.29031384E-01  2.30249628E-01  2.31526092E-01  2.37434193E-01  2.37490103E-01
  2.37620756E-01  2.37828940E-01  2.37946510E-01  2.38065928E-01  2.32857347E-01
  2.34929129E-01  2.37479866E-01  2.39828959E-01  2.42200941E-01  2.50764757E-01
  2.50903338E-01  2.51121908E-01  2.51459867E-01  2.51771241E-01  2.51902163E-01
  2.44241893E-01  2.47658804E-01  2.51930892E-01  2.56172568E-01  2.60152757E-01
  2.63500214E-01  2.66374379E-01  2.68482476E-01  2.69041598E-01  2.69420326E-01
  2.69809455E-01  2.69858003E-01  2.70218939E-01  2.72344232E-01  2.76303917E-01
  2.80224323E-01  2.83881575E-01  2.87217706E-01  2.90233314E-01  2.92871088E-01
  2.95199007E-01  2.97236890E-01  2.98974425E-01  3.00451607E-01  3.01690459E-01
  3.02707732E-01  3.03504139E-01  3.04116458E-01  3.05505484E-01
     2  'FLUX 31     '       2      64
  3.79824340E-01  3.79940540E-01  3.79955947E-01  3.80205095E-01  3.80338579E-01
  3.80353987E-01  3.79931957E-01  3.83777827E-01  3.83703798E-01  3.83816034E-01
  3.84059399E-01  3.84505242E-01  3.84189785E-01  3.80277425E-01  3.81459773E-01
  3.82822663E-01  3.84524733E-01  3.86255801E-01  3.94187063E-01  3.94271255E-01
  3.94468069E-01  3.94798815E-01  3.95019025E-01  3.95198166E-01  3.88076186E-01
  3.90913099E-01  3.94426376E-01  3.97669137E-01  4.00911689E-01  4.12432641E-01
  4.12634015E-01  4.12961692E-01  4.13487703E-01  4.13986802E-01  4.14188504E-01
  4.03700829E-01  4.08379227E-01  4.14253265E-01  4.20118749E-01  4.25610632E-01
  4.30220127E-01  4.34154570E-01  4.37019348E-01  4.37766284E-01  4.38274592E-01
  4.38783050E-01  4.38834041E-01  4.39306378E-01  4.42157000E-01  4.47655022E-01
  4.53217775E-01  4.58492249E-01  4.63370532E-01  4.67833221E-01  4.71782535E-01
  4.75302726E-01  4.78412688E-01  4.81088489E-01  4.83381927E-01  4.85320389E-01
  4.86924410E-01  4.88191158E-01  4.89175856E-01  4.91391957E-01
     2  'FLUX 32     '       2      64
  1.66417897E-01  1.66452259E-01  1.66490331E-01  1.66670918E-01  1.66820869E-01
  1.66833952E-01  1.66744873E-01  1.68006361E-01  1.67991027E-01  1.68070957E-01
  1.68250203E-01  1.68524638E-01  1.68426782E-01  1.66923940E-01  1.67398974E-01
  1.67953998E-01  1.68760434E-01  1.69431195E-01  1.72233850E-01  1.72289401E-01
  1.72413275E-01  1.72640160E-01  1.72826290E-01  1.72931984E-01  1.70139164E-01
  1.71252951E-01  1.72697365E-01  1.74079224E-01  1.75390333E-01  1.79691166E-01
  1.79790884E-01  1.79968789E-01  1.80274397E-01  1.80564910E-01  1.80681065E-01
  1.76512390E-01  1.78381696E-01  1.80767745E-01  1.83216870E-01  1.85462087E-01
  1.87282473E-01  1.88893035E-01  1.90108910E-01  1.90427274E-01  1.90642133E-01
  1.90857112E-01  1.90874815E-01  1.91067964E-01  1.92312449E-01  1.94597766E-01
  1.96889400E-01  1.99064955E-01  2.01084524E-01  2.02940360E-01  2.04591140E-01
  2.06069887E-01  2.07382604E-01  2.08517611E-01  2.09495053E-01  2.10324928E-01
  2.11014643E-01  2.11562231E-01  2.11990356E-01  2.12950259E-01
     2  'FLUX 33     '       2      64
  1.41514495E-01  1.41529933E-01  1.41618997E-01  1.41954333E-01  1.42303824E-01
  1.42329201E-01  1.42373785E-01  1.42909735E-01  1.42920315E-01  1.43064335E-01
  1.43398970E-01  1.43873215E-01  1.43843383E-01  1.42607465E-01  1.43024877E-01
  1.43527225E-01  1.44480914E-01  1.45010218E-01  1.46720022E-01  1.46814212E-01
  1.47019386E-01  1.47427514E-01  1.47829950E-01  1.47992805E-01  1.45594925E-01
  1.46538094E-01  1.47895604E-01  1.49283841E-01  1.50466293E-01  1.53670073E-01
  1.53805748E-01  1.54075935E-01  1.54579788E-01  1.55079484E-01  1.55265957E-01
  1.51473358E-01  1.53156802E-01  1.55411690E-01  1.57889396E-01  1.60118580E-01
  1.61878780E-01  1.63426250E-01  1.64589942E-01  1.64902180E-01  1.65118471E-01
  1.65342271E-01  1.65377662E-01  1.65588483E-01  1.66810617E-01  1.68912202E-01
  1.70959383E-01  1.72878444E-01  1.74647778E-01  1.76267892E-01  1.77706033E-01
  1.78993493E-01  1.80136502E-01  1.81125328E-01  1.81977645E-01  1.82702094E-01
  1.83305025E-01  1.83784336E-01  1.84159562E-01  1.85000911E-01
     2  'FLUX 34     '       2      64
  2.81170439E-02  2.81189587E-02  2.81324927E-02  2.81805359E-02  2.82254070E-02
  2.82290261E-02  2.82321330E-02  2.83843577E-02  2.83854287E-02  2.84072012E-02
  2.84554400E-02  2.85213739E-02  2.85108499E-02  2.82710940E-02  2.83520222E-02
  2.84492895E-02  2.86128651E-02  2.87199914E-02  2.91121323E-02  2.91265603E-02
  2.91578583E-02  2.92166974E-02  2.92678811E-02  2.92926785E-02  2.88336687E-02
  2.90160589E-02  2.92688515E-02  2.95210425E-02  2.97453105E-02  3.04100160E-02
  3.04312743E-02  3.04718558E-02  3.05438023E-02  3.06107644E-02  3.06373313E-02
  2.99349856E-02  3.02501041E-02  3.06637529E-02  3.11016422E-02  3.14927027E-02
  3.17954533E-02  3.20723057E-02  3.22875530E-02  3.23448330E-02  3.23834121E-02
  3.24219689E-02  3.24252844E-02  3.24597806E-02  3.26879285E-02  3.30810174E-02
  3.34669724E-02  3.38309221E-02  3.41680124E-02  3.44777703E-02  3.47536542E-02
  3.50012742E-02  3.52216139E-02  3.54126580E-02  3.55776437E-02  3.57181281E-02
  3.58352438E-02  3.59285288E-02  3.60017531E-02  3.61655578E-02
     2  'FLUX 35     '       2      64
  2.76003424E-02  2.76018605E-02  2.76185591E-02  2.76793949E-02  2.77411062E-02
  2.77457144E-02  2.77549308E-02  2.78653055E-02  2.78676040E-02  2.78943311E-02
  2.79552285E-02  2.80397795E-02  2.80332621E-02  2.77986284E-02  2.78787557E-02
  2.79756859E-02  2.81545892E-02  2.82562170E-02  2.85927411E-02  2.86101718E-02
  2.86479983E-02  2.87219379E-02  2.87923329E-02  2.88220197E-02  2.83671357E-02
  2.85464674E-02  2.88039390E-02  2.90662516E-02  2.92909071E-02  2.99097262E-02
  2.99345478E-02  2.99835633E-02  3.00737284E-02  3.01612671E-02  3.01944334E-02
  2.94810887E-02  2.97986437E-02  3.02234348E-02  3.06857247E-02  3.10981255E-02
  3.14181149E-02  3.17052305E-02  3.19252275E-02  3.19842771E-02  3.20247002E-02
  3.20658386E-02  3.20712514E-02  3.21095027E-02  3.23415361E-02  3.27383168E-02
  3.31252366E-02  3.34886685E-02  3.38244848E-02  3.41326036E-02  3.44067477E-02
  3.46526429E-02  3.48713808E-02  3.50609832E-02  3.52247134E-02  3.53641249E-02
  3.54803540E-02  3.55729274E-02  3.56455669E-02  3.58082466E-02
     2  'FLUX 36     '       2      64
  2.82546189E-02  2.82560196E-02  2.82749999E-02  2.83441339E-02  2.84161698E-02
  2.84214094E-02  2.84345541E-02  2.85262708E-02  2.85293404E-02  2.85593811E-02
  2.86285449E-02  2.87247878E-02  2.87202001E-02  2.84820572E-02  2.85640527E-02
  2.86635943E-02  2.88557839E-02  2.89576910E-02  2.92744618E-02  2.92939581E-02
  2.93362550E-02  2.94200219E-02  2.95020305E-02  2.95351297E-02  2.90702805E-02
  2.92529557E-02  2.95199659E-02  2.97950488E-02  3.00263576E-02  3.06382254E-02
  3.06655299E-02  3.07201929E-02  3.08220442E-02  3.09222061E-02  3.09596788E-02
  3.02222781E-02  3.05497088E-02  3.09913810E-02  3.14784124E-02  3.19124162E-02
  3.22489701E-02  3.25492173E-02  3.27783786E-02  3.28398533E-02  3.28823961E-02
  3.29259448E-02  3.29318494E-02  3.29728127E-02  3.32158394E-02  3.36272828E-02
  3.40265967E-02  3.44008617E-02  3.47462557E-02  3.50629725E-02  3.53446342E-02
  3.55972461E-02  3.58219631E-02  3.60167511E-02  3.61849815E-02  3.63282561E-02
  3.64477225E-02  3.65428962E-02  3.66175920E-02  3.67848948E-02
     2  'FLUX 37     '       2      64
  2.92497743E-02  2.92519033E-02  2.92696748E-02  2.93332804E-02  2.93977801E-02
  2.94025876E-02  2.94126067E-02  2.95261554E-02  2.95287427E-02  2.95567513E-02
  2.96203494E-02  2.97083426E-02  2.97016762E-02  2.94581801E-02  2.95413528E-02
  2.96420753E-02  2.98281703E-02  2.99343094E-02  3.02824508E-02  3.03006563E-02
  3.03400811E-02  3.04169953E-02  3.04901246E-02  3.05210222E-02  3.00496016E-02
  3.02356388E-02  3.05023603E-02  3.07746548E-02  3.10080573E-02  3.16490531E-02
  3.16747613E-02  3.17255147E-02  3.18187810E-02  3.19091901E-02  3.19435112E-02
  3.12058441E-02  3.15349028E-02  3.19737196E-02  3.24513912E-02  3.28781269E-02
  3.32100056E-02  3.35067920E-02  3.37331519E-02  3.37936655E-02  3.38353924E-02
  3.38778347E-02  3.38831060E-02  3.39226238E-02  3.41608077E-02  3.45716141E-02
  3.49735841E-02  3.53518873E-02  3.57019864E-02  3.60236205E-02  3.63101512E-02
  3.65674570E-02  3.67965773E-02  3.69953848E-02  3.71672250E-02  3.73136774E-02
  3.74358743E-02  3.75333168E-02  3.76098715E-02  3.77810933E-02
     2  'FLUX 38     '       2      64
  2.88171414E-02  2.88195349E-02  2.88384799E-02  2.89067011E-02  2.89777126E-02
  2.89829038E-02  2.89953183E-02  2.90882587E-02  2.90913284E-02  2.91210134E-02
  2.91891098E-02  2.92839352E-02  2.92791817E-02  2.90421825E-02  2.91233975E-02
  2.92220321E-02  2.94114612E-02  2.95136198E-02  2.98307016E-02  2.98498776E-02
  2.98914108E-02  2.99735889E-02  3.00540607E-02  3.00866067E-02  2.96258070E-02
  2.98071075E-02  3.00706476E-02  3.03423051E-02  3.05717103E-02  3.11797243E-02
  3.12064756E-02  3.12599391E-02  3.13594900E-02  3.14574949E-02  3.14941406E-02
  3.07663642E-02  3.10902484E-02  3.15249152E-02  3.20038050E-02  3.24318707E-02
  3.27654406E-02  3.30605023E-02  3.32834311E-02  3.33432779E-02  3.33845913E-02
  3.34269740E-02  3.34324054E-02  3.34725007E-02  3.37084271E-02  3.41142863E-02
  3.45106199E-02  3.48832831E-02  3.52279991E-02  3.55446488E-02  3.58267464E-02
  3.60801034E-02  3.63057368E-02  3.65015864E-02  3.66709046E-02  3.68152522E-02
  3.69357318E-02  3.70318443E-02  3.71074043E-02  3.72761972E-02
     2  'FLUX 39     '       2      64
  2.88035367E-02  2.88068336E-02  2.88217366E-02  2.88744178E-02  2.89259627E-02
  2.89299209E-02  2.89345030E-02  2.90659349E-02  2.90676337E-02  2.90911850E-02
  2.91437488E-02  2.92164665E-02  2.92077567E-02  2.89743152E-02  2.90527809E-02
  2.91474871E-02  2.93123797E-02  2.94160172E-02  2.97768973E-02  2.97922008E-02
  2.98252869E-02  2.98886243E-02  2.99467649E-02  2.99728159E-02  2.95266192E-02
  2.97035128E-02  2.99503896E-02  3.01993340E-02  3.04183569E-02  3.10471561E-02
  3.10691390E-02  3.11116651E-02  3.11884470E-02  3.12618725E-02  3.12901363E-02
  3.06042675E-02  3.09118014E-02  3.13155912E-02  3.17480974E-02  3.21366936E-02
  3.24412398E-02  3.27118561E-02  3.29166688E-02  3.29709835E-02  3.30079570E-02
  3.30454484E-02  3.30496132E-02  3.30845453E-02  3.32971700E-02  3.36771384E-02
  3.40543091E-02  3.44118029E-02  3.47441919E-02  3.50506194E-02  3.53244096E-02
  3.55708264E-02  3.57906446E-02  3.59817408E-02  3.61471400E-02  3.62883098E-02
  3.64062488E-02  3.65004577E-02  3.65746357E-02  3.67399603E-02
     2  'FLUX 40     '       2      64
  2.96132118E-02  2.96166446E-02  2.96326205E-02  2.96897739E-02  2.97471043E-02
  2.97514144E-02  2.97574904E-02  2.98796035E-02  2.98815984E-02  2.99068168E-02
  2.99637504E-02  3.00431047E-02  3.00353691E-02  2.97992527E-02  2.98787840E-02
  2.99748052E-02  3.01466472E-02  3.02505363E-02  3.06018088E-02  3.06181349E-02
  3.06534655E-02  3.07220109E-02  3.07866614E-02  3.08145285E-02  3.03622838E-02
  3.05412523E-02  3.07933260E-02  3.10489871E-02  3.12714763E-02  3.18959802E-02
  3.19192298E-02  3.19646522E-02  3.20476629E-02  3.21281888E-02  3.21588218E-02
  3.14604118E-02  3.17731462E-02  3.21857557E-02  3.26312482E-02  3.30307595E-02
  3.33429649E-02  3.36198770E-02  3.38292271E-02  3.38849500E-02  3.39227952E-02
  3.39611061E-02  3.39649394E-02  3.40006016E-02  3.42206396E-02  3.46100256E-02
  3.49956229E-02  3.53609547E-02  3.57006378E-02  3.60138603E-02  3.62938233E-02
  3.65458876E-02  3.67708392E-02  3.69664617E-02  3.71358693E-02  3.72804962E-02
  3.74013856E-02  3.74979824E-02  3.75740789E-02  3.77436504E-02
     2  'FLUX 41     '       2      64
  2.82176491E-02  2.82216687E-02  2.82336641E-02  2.82763261E-02  2.83163171E-02
  2.83194669E-02  2.83187404E-02  2.84635592E-02  2.84643918E-02  2.84837149E-02
  2.85261050E-02  2.85851229E-02  2.85747722E-02  2.83528920E-02  2.84262318E-02
  2.85142772E-02  2.86583677E-02  2.87579168E-02  2.91244946E-02  2.91370526E-02
  2.91641708E-02  2.92150378E-02  2.92598680E-02  2.92813517E-02  2.88628358E-02
  2.90293582E-02  2.92558186E-02  2.94808540E-02  2.96838917E-02  3.02918870E-02
  3.03103533E-02  3.03452015E-02  3.04068699E-02  3.04650832E-02  3.04877833E-02
  2.98563763E-02  3.01407110E-02  3.05088088E-02  3.08963004E-02  3.12456582E-02
  3.15205827E-02  3.17642428E-02  3.19478661E-02  3.19961980E-02  3.20285372E-02
  3.20610441E-02  3.20637003E-02  3.20938081E-02  3.22824307E-02  3.26305777E-02
  3.29811722E-02  3.33159864E-02  3.36288735E-02  3.39183994E-02  3.41779217E-02
  3.44120488E-02  3.46213467E-02  3.48036289E-02  3.49616595E-02  3.50967310E-02
  3.52097265E-02  3.53001170E-02  3.53714377E-02  3.55300792E-02
     2  'FLUX 42     '       2      64
  5.42112701E-02  5.42190894E-02  5.42346686E-02  5.42860143E-02  5.43239564E-02
  5.43276556E-02  5.43135963E-02  5.46648242E-02  5.46640232E-02  5.46893105E-02
  5.47404066E-02  5.48090823E-02  5.47817498E-02  5.43659255E-02  5.45017011E-02
  5.46635091E-02  5.48940115E-02  5.50873391E-02  5.58724590E-02  5.58891781E-02
  5.59251010E-02  5.59861213E-02  5.60271181E-02  5.60558662E-02  5.52844852E-02
  5.55945486E-02  5.59974201E-02  5.63860498E-02  5.67551367E-02  5.79581782E-02
  5.79842404E-02  5.80296218E-02  5.81026748E-02  5.81641011E-02  5.81910983E-02
  5.70679568E-02  5.75797223E-02  5.82247451E-02  5.88756800E-02  5.94620630E-02
  5.99201322E-02  6.03399388E-02  6.06642626E-02  6.07495233E-02  6.08039945E-02
  6.08571060E-02  6.08580522E-02  6.09043576E-02  6.12363033E-02  6.18609972E-02
  6.24985918E-02  6.31122366E-02  6.36887625E-02  6.42243326E-02  6.47059530E-02
  6.51415065E-02  6.55316412E-02  6.58720210E-02  6.61675483E-02  6.64204434E-02
  6.66322783E-02  6.68019354E-02  6.69360012E-02  6.72340319E-02
     2  'FLUX 43     '       2      64
  8.43254402E-02  8.43318775E-02  8.43942165E-02  8.46136510E-02  8.48501474E-02
  8.48668739E-02  8.49206299E-02  8.50646272E-02  8.50774050E-02  8.51718336E-02
  8.53904188E-02  8.56937841E-02  8.56914148E-02  8.50614980E-02  8.52814466E-02
  8.55506361E-02  8.61082599E-02  8.63759369E-02  8.70935544E-02  8.71538967E-02
  8.72838721E-02  8.75453576E-02  8.78097489E-02  8.79109949E-02  8.66743475E-02
  8.71591717E-02  8.78866017E-02  8.86518359E-02  8.92772004E-02  9.08017531E-02
  9.08823907E-02  9.10468251E-02  9.13581178E-02  9.16685984E-02  9.17831808E-02
  8.98074508E-02  9.06868875E-02  9.18804631E-02  9.32233110E-02  9.44155231E-02
  9.53350589E-02  9.61484984E-02  9.67630297E-02  9.69287753E-02  9.70426872E-02
  9.71599743E-02  9.71754268E-02  9.72873047E-02  9.79412943E-02  9.90572348E-02
  1.00146912E-01  1.01174138E-01  1.02127425E-01  1.03006162E-01  1.03791870E-01
  1.04499981E-01  1.05132736E-01  1.05683774E-01  1.06161654E-01  1.06570274E-01
  1.06912315E-01  1.07185990E-01  1.07401855E-01  1.07883736E-01
     2  'FLUX 44     '       2      64
  1.08721070E-01  1.08729340E-01  1.08803056E-01  1.09053433E-01  1.09316610E-01
  1.09335668E-01  1.09397210E-01  1.09630302E-01  1.09645560E-01  1.09755434E-01
  1.10005245E-01  1.10346690E-01  1.10338196E-01  1.09563604E-01  1.09834284E-01
  1.10166073E-01  1.10827714E-01  1.11165054E-01  1.12116188E-01  1.12186454E-01
  1.12337358E-01  1.12635829E-01  1.12928540E-01  1.13045536E-01  1.11533344E-01
  1.12129092E-01  1.13010041E-01  1.13932423E-01  1.14697732E-01  1.16618842E-01
  1.16712555E-01  1.16901651E-01  1.17254704E-01  1.17600523E-01  1.17730148E-01
  1.15345746E-01  1.16413131E-01  1.17847770E-01  1.19444869E-01  1.20862678E-01
  1.21952616E-01  1.22918285E-01  1.23645447E-01  1.23839788E-01  1.23973444E-01
  1.24108762E-01  1.24124378E-01  1.24253333E-01  1.25022963E-01  1.26368478E-01
  1.27697155E-01  1.28957555E-01  1.30132556E-01  1.31219506E-01  1.32194638E-01
  1.33075684E-01  1.33864835E-01  1.34553552E-01  1.35152027E-01  1.35664672E-01
  1.36094555E-01  1.36439234E-01  1.36711866E-01  1.37318209E-01
     2  'FLUX 45     '       2      64
  2.94164330E-01  2.94179052E-01  2.94360697E-01  2.94969946E-01  2.95610875E-01
  2.95657516E-01  2.95819342E-01  2.96344250E-01  2.96382993E-01  2.96651155E-01
  2.97260970E-01  2.98088938E-01  2.98071980E-01  2.96225220E-01  2.96877116E-01
  2.97676593E-01  2.99286604E-01  3.00092578E-01  3.02302778E-01  3.02474886E-01
  3.02844048E-01  3.03574055E-01  3.04286987E-01  3.04573417E-01  3.00970346E-01
  3.02391768E-01  3.04508239E-01  3.06732923E-01  3.08565021E-01  3.13045382E-01
  3.13273251E-01  3.13734502E-01  3.14595908E-01  3.15436870E-01  3.15754443E-01
  3.10110450E-01  3.12645435E-01  3.16062599E-01  3.19880038E-01  3.23232919E-01
  3.25749218E-01  3.28009784E-01  3.29728454E-01  3.30192149E-01  3.30497146E-01
  3.30809504E-01  3.30830395E-01  3.31122488E-01  3.32943797E-01  3.36187452E-01
  3.39430749E-01  3.42534423E-01  3.45448613E-01  3.48160565E-01  3.50607514E-01
  3.52829069E-01  3.54827404E-01  3.56578797E-01  3.58106375E-01  3.59419435E-01
  3.60524118E-01  3.61413270E-01  3.62119704E-01  3.63684833E-01
     2  'FLUX 46     '       2      64
  3.24450910E-01  3.24443012E-01  3.24572355E-01  3.25013012E-01  3.25471342E-01
  3.25505435E-01  3.25627655E-01  3.26098084E-01  3.26119304E-01  3.26312721E-01
  3.26763541E-01  3.27370763E-01  3.27351600E-01  3.25940222E-01  3.26448888E-01
  3.27059239E-01  3.28310519E-01  3.28920186E-01  3.30568522E-01  3.30700547E-01
  3.30985159E-01  3.31548303E-01  3.32086235E-01  3.32312107E-01  3.29587489E-01
  3.30670476E-01  3.32302541E-01  3.34015042E-01  3.35395515E-01  3.38463932E-01
  3.38646919E-01  3.39017928E-01  3.39712769E-01  3.40387523E-01  3.40651572E-01
  3.36542457E-01  3.38407278E-01  3.40962321E-01  3.43853146E-01  3.46266687E-01
  3.47858876E-01  3.49382818E-01  3.50585610E-01  3.50906610E-01  3.51100624E-01
  3.51259112E-01  3.51225287E-01  3.51373434E-01  3.52658272E-01  3.55220795E-01
  3.57943177E-01  3.60641122E-01  3.63237828E-01  3.65699798E-01  3.67957532E-01
  3.70032877E-01  3.71919572E-01  3.73589188E-01  3.75057489E-01  3.76328707E-01
  3.77405643E-01  3.78279328E-01  3.78979892E-01  3.80516350E-01
     2  'FLUX 47     '       2      64
  3.78516018E-01  3.78454089E-01  3.78526539E-01  3.78758341E-01  3.79021645E-01
  3.79040688E-01  3.79179597E-01  3.79041255E-01  3.79047424E-01  3.79142523E-01
  3.79400492E-01  3.79729778E-01  3.79751980E-01  3.79355669E-01  3.79560024E-01
  3.79774630E-01  3.80450845E-01  3.80592585E-01  3.80295217E-01  3.80374908E-01
  3.80545110E-01  3.80904227E-01  3.81249517E-01  3.81402731E-01  3.80761117E-01
  3.81042004E-01  3.81628841E-01  3.82311851E-01  3.82666856E-01  3.81646752E-01
  3.81755769E-01  3.81992251E-01  3.82469445E-01  3.82946998E-01  3.83160174E-01
  3.82882059E-01  3.83110523E-01  3.83596241E-01  3.84384900E-01  3.84514600E-01
  3.83659333E-01  3.83187473E-01  3.82890731E-01  3.82843137E-01  3.82670641E-01
  3.82492363E-01  3.82253647E-01  3.82059932E-01  3.81762832E-01  3.82434666E-01
  3.83754224E-01  3.85370046E-01  3.87119174E-01  3.88907135E-01  3.90643209E-01
  3.92303675E-01  3.93860698E-01  3.95275474E-01  3.96545529E-01  3.97664607E-01
  3.98627460E-01  3.99421722E-01  4.00071293E-01  4.01468635E-01
     2  'FLUX 48     '       2      64
  2.84923881E-01  2.84849524E-01  2.84830660E-01  2.84679741E-01  2.84527659E-01
  2.84517676E-01  2.84572810E-01  2.84310639E-01  2.84299701E-01  2.84231454E-01
  2.84105331E-01  2.83883750E-01  2.83896863E-01  2.84518957E-01  2.84387618E-01
  2.84179568E-01  2.83935964E-01  2.83674210E-01  2.82180250E-01  2.82153159E-01
  2.82082826E-01  2.81956196E-01  2.81787992E-01  2.81767994E-01  2.83345491E-01
  2.82786608E-01  2.82090753E-01  2.81425267E-01  2.80654103E-01  2.76304036E-01
  2.76247084E-01  2.76141167E-01  2.75976926E-01  2.75812596E-01  2.75813669E-01
  2.79863954E-01  2.78282911E-01  2.76237488E-01  2.74156898E-01  2.71444768E-01
  2.67915219E-01  2.65219569E-01  2.63285220E-01  2.62702882E-01  2.62242109E-01
  2.61699080E-01  2.61331588E-01  2.60781437E-01  2.58630782E-01  2.56762981E-01
  2.55921125E-01  2.55657703E-01  2.55757868E-01  2.56086439E-01  2.56558567E-01
  2.57105798E-01  2.57685512E-01  2.58261055E-01  2.58810937E-01  2.59319186E-01
  2.59773970E-01  2.60164112E-01  2.60497540E-01  2.61187762E-01
     2  'FLUX 49     '       2      64
  2.30629757E-01  2.30564415E-01  2.30564952E-01  2.30422243E-01  2.30300635E-01
  2.30291158E-01  2.30384052E-01  2.29766324E-01  2.29773313E-01  2.29709417E-01
  2.29583815E-01  2.29349956E-01  2.29390517E-01  2.30305970E-01  2.30089560E-01
  2.29790762E-01  2.29412526E-01  2.29039818E-01  2.26839170E-01  2.26805538E-01
  2.26711720E-01  2.26545393E-01  2.26349577E-01  2.26313949E-01  2.28562608E-01
  2.27747172E-01  2.26706535E-01  2.25732505E-01  2.24660471E-01  2.19010204E-01
  2.18913883E-01  2.18732506E-01  2.18439013E-01  2.18154266E-01  2.18117118E-01
  2.23588347E-01  2.21440464E-01  2.18587577E-01  2.15637878E-01  2.12012649E-01
  2.07558110E-01  2.04096496E-01  2.01561972E-01  2.00909272E-01  2.00293154E-01
  1.99615791E-01  1.99241176E-01  1.98564887E-01  1.95815831E-01  1.93014339E-01
  1.91323847E-01  1.90295726E-01  1.89708322E-01  1.89417422E-01  1.89344734E-01
  1.89406931E-01  1.89557031E-01  1.89760685E-01  1.89989388E-01  1.90223694E-01
  1.90449446E-01  1.90656185E-01  1.90844625E-01  1.91215575E-01
     2  'FLUX 50     '       2      64
  1.92920119E-01  1.92870066E-01  1.92890584E-01  1.92787766E-01  1.92716688E-01
  1.92709818E-01  1.92817613E-01  1.92097560E-01  1.92117006E-01  1.92072541E-01
  1.91980094E-01  1.91788048E-01  1.91836849E-01  1.92747250E-01  1.92532241E-01
  1.92247152E-01  1.91884980E-01  1.91526145E-01  1.89241648E-01  1.89213455E-01
  1.89126283E-01  1.88973084E-01  1.88796788E-01  1.88764423E-01  1.91047400E-01
  1.90218791E-01  1.89153597E-01  1.88172966E-01  1.87098742E-01  1.81369215E-01
  1.81263551E-01  1.81063086E-01  1.80734932E-01  1.80418447E-01  1.80368692E-01
  1.86019376E-01  1.83816403E-01  1.80841267E-01  1.77740738E-01  1.73971072E-01
  1.69393629E-01  1.65803865E-01  1.63157031E-01  1.62469313E-01  1.61838844E-01
  1.61155060E-01  1.60768270E-01  1.60103872E-01  1.57232925E-01  1.54172674E-01
  1.52206466E-01  1.50905937E-01  1.50057286E-01  1.49519771E-01  1.49221316E-01
  1.49076551E-01  1.49039015E-01  1.49076819E-01  1.49159834E-01  1.49268150E-01
  1.49387166E-01  1.49507135E-01  1.49625704E-01  1.49845764E-01
     2  'FLUX 51     '       2      64
  2.37854362E-01  2.37803861E-01  2.37851784E-01  2.37748295E-01  2.37693399E-01
  2.37685993E-01  2.37835512E-01  2.36847177E-01  2.36885071E-01  2.36844048E-01
  2.36748070E-01  2.36522660E-01  2.36588612E-01  2.37750411E-01  2.37481490E-01
  2.37132147E-01  2.36673594E-01  2.36233532E-01  2.33197451E-01  2.33164430E-01
  2.33051792E-01  2.32851446E-01  2.32619792E-01  2.32578561E-01  2.35611960E-01
  2.34516576E-01  2.33090624E-01  2.31789425E-01  2.30369851E-01  2.22631142E-01
  2.22477570E-01  2.22182214E-01  2.21691027E-01  2.21216023E-01  2.21132964E-01
  2.28927493E-01  2.25918323E-01  2.21787378E-01  2.17439860E-01  2.12165654E-01
  2.05778643E-01  2.00724155E-01  1.96985424E-01  1.95904672E-01  1.95075691E-01
  1.94150165E-01  1.93604410E-01  1.92697972E-01  1.88586220E-01  1.84134394E-01
  1.81204662E-01  1.79207191E-01  1.77847937E-01  1.76932648E-01  1.76364809E-01
  1.76024079E-01  1.75845951E-01  1.75787613E-01  1.75806001E-01  1.75872862E-01
  1.75967678E-01  1.76077098E-01  1.76195666E-01  1.76402211E-01
     2  'FLUX 52     '       2      64
  4.77779895E-01  4.77707863E-01  4.77898836E-01  4.77874398E-01  4.77977157E-01
  4.77975219E-01  4.78364080E-01  4.76175964E-01  4.76298988E-01  4.76307780E-01
  4.76285696E-01  4.76029009E-01  4.76177454E-01  4.78276938E-01  4.77846235E-01
  4.77306783E-01  4.76667553E-01  4.75937873E-01  4.69687730E-01  4.69660670E-01
  4.69496608E-01  4.69212353E-01  4.68854278E-01  4.68823463E-01  4.74772006E-01
  4.72655147E-01  4.69917506E-01  4.67511863E-01  4.64788854E-01  4.48546141E-01
  4.48223174E-01  4.47597414E-01  4.46556479E-01  4.45544899E-01  4.45378900E-01
  4.61923391E-01  4.55668062E-01  4.46918458E-01  4.37648088E-01  4.26187932E-01
  4.12061185E-01  4.00816172E-01  3.92358273E-01  3.90034884E-01  3.88148040E-01
  3.86060566E-01  3.84990096E-01  3.82927299E-01  3.73632491E-01  3.63509476E-01
  3.56789857E-01  3.52160215E-01  3.48967016E-01  3.46777886E-01  3.45379710E-01
  3.44502687E-01  3.44002753E-01  3.43784451E-01  3.43750358E-01  3.43836576E-01
  3.43996078E-01  3.44198793E-01  3.44429851E-01  3.44819039E-01
     2  'FLUX 53     '       2      64
  6.99814141E-01  6.99778855E-01  7.00276792E-01  7.00778246E-01  7.01510370E-01
  7.01545060E-01  7.02296376E-01  6.99142635E-01  6.99414074E-01  6.99687600E-01
  7.00171828E-01  7.00444639E-01  7.00666785E-01  7.02466846E-01  7.02303231E-01
  7.02150643E-01  7.02328742E-01  7.01901853E-01  6.93870306E-01  6.93962634E-01
  6.93978667E-01  6.94046438E-01  6.93977475E-01  6.94123328E-01  7.00760722E-01
  6.98504627E-01  6.95703089E-01  6.93550169E-01  6.90695524E-01  6.68730319E-01
  6.68338954E-01  6.67576373E-01  6.66332066E-01  6.65108800E-01  6.64982855E-01
  6.87364399E-01  6.79271877E-01  6.67606831E-01  6.55187726E-01  6.38983607E-01
  6.18011355E-01  6.01188362E-01  5.88339567E-01  5.84852934E-01  5.81980288E-01
  5.78707218E-01  5.77241242E-01  5.74160397E-01  5.59829295E-01  5.44541180E-01
  5.34609139E-01  5.27926087E-01  5.23458481E-01  5.20529807E-01  5.18794835E-01
  5.17840624E-01  5.17441213E-01  5.17442286E-01  5.17694414E-01  5.18097579E-01
  5.18577635E-01  5.19084036E-01  5.19597173E-01  5.20526290E-01
     2  'FLUX 54     '       2      64
  1.51188791E+00  1.51200354E+00  1.51390636E+00  1.51735103E+00  1.52142680E+00
  1.52167583E+00  1.52415490E+00  1.51798511E+00  1.51886487E+00  1.52057099E+00
  1.52395499E+00  1.52757990E+00  1.52809405E+00  1.52595997E+00  1.52775764E+00
  1.53032124E+00  1.53621960E+00  1.53814924E+00  1.52723432E+00  1.52806985E+00
  1.52944112E+00  1.53216159E+00  1.53449738E+00  1.53579557E+00  1.53853321E+00
  1.53820992E+00  1.53894198E+00  1.54180264E+00  1.54193127E+00  1.50925839E+00
  1.50911105E+00  1.50886118E+00  1.50874078E+00  1.50853395E+00  1.50917840E+00
  1.53997803E+00  1.53060150E+00  1.51592159E+00  1.50072169E+00  1.47570646E+00
  1.43741643E+00  1.40695035E+00  1.38366389E+00  1.37662816E+00  1.37170315E+00
  1.36566114E+00  1.36268950E+00  1.35719728E+00  1.33070171E+00  1.30465102E+00
  1.28959107E+00  1.28097284E+00  1.27661169E+00  1.27510846E+00  1.27566099E+00
  1.27748418E+00  1.28011262E+00  1.28318572E+00  1.28642511E+00  1.28963089E+00
  1.29265022E+00  1.29535818E+00  1.29775739E+00  1.30246234E+00
     2  'FLUX 55     '       2      64
  2.62305617E+00  2.62377501E+00  2.62947893E+00  2.64295578E+00  2.65800595E+00
  2.65900636E+00  2.66617632E+00  2.65601373E+00  2.65832567E+00  2.66476297E+00
  2.67818046E+00  2.69448733E+00  2.69569731E+00  2.67388248E+00  2.68336439E+00
  2.69649458E+00  2.72437215E+00  2.73600411E+00  2.73578763E+00  2.73931575E+00
  2.74625969E+00  2.75990629E+00  2.77288818E+00  2.77843976E+00  2.74547386E+00
  2.75939965E+00  2.78292155E+00  2.81274581E+00  2.83370256E+00  2.82958126E+00
  2.83210492E+00  2.83736086E+00  2.84773421E+00  2.85762596E+00  2.86235213E+00
  2.84817529E+00  2.86136746E+00  2.87616324E+00  2.89587855E+00  2.89556909E+00
  2.86501145E+00  2.84212208E+00  2.82384515E+00  2.81852770E+00  2.81401706E+00
  2.80903959E+00  2.80561137E+00  2.80107021E+00  2.78114438E+00  2.77293539E+00
  2.77857137E+00  2.79130387E+00  2.80805683E+00  2.82699513E+00  2.84670091E+00
  2.86644769E+00  2.88563824E+00  2.90363717E+00  2.92022276E+00  2.93517184E+00
  2.94829845E+00  2.95936799E+00  2.96858668E+00  2.98715138E+00
     2  'FLUX 56     '       2      64
  4.43027401E+00  4.43258762E+00  4.44724798E+00  4.48666430E+00  4.52962589E+00
  4.53260279E+00  4.55111313E+00  4.53654480E+00  4.54193449E+00  4.56055641E+00
  4.60031557E+00  4.65079927E+00  4.65356874E+00  4.57461309E+00  4.60511732E+00
  4.64726257E+00  4.73540354E+00  4.77398300E+00  4.81960678E+00  4.83039331E+00
  4.85310507E+00  4.89769840E+00  4.94129944E+00  4.95851564E+00  4.81081867E+00
  4.86926937E+00  4.96311331E+00  5.07418680E+00  5.16065216E+00  5.29069567E+00
  5.30249405E+00  5.32691383E+00  5.37336874E+00  5.41818810E+00  5.43581104E+00
  5.22996473E+00  5.32902765E+00  5.46232557E+00  5.62192678E+00  5.74342537E+00
  5.79739761E+00  5.84842157E+00  5.88923120E+00  5.90027380E+00  5.90655565E+00
  5.91316366E+00  5.91175890E+00  5.91830969E+00  5.97219086E+00  6.07908249E+00
  6.19031048E+00  6.29936600E+00  6.40378141E+00  6.50256062E+00  6.59351635E+00
  6.67749071E+00  6.75424767E+00  6.82282257E+00  6.88370943E+00  6.93697596E+00
  6.98260450E+00  7.02022648E+00  7.05082321E+00  7.11210728E+00
     2  'FLUX 57     '       2      64
  3.09075189E+00  3.09327579E+00  3.10662913E+00  3.14465570E+00  3.18558145E+00
  3.18845820E+00  3.20543790E+00  3.19798660E+00  3.20266175E+00  3.22067332E+00
  3.25940537E+00  3.30942130E+00  3.31176400E+00  3.22858477E+00  3.25929737E+00
  3.30204344E+00  3.39023113E+00  3.42994547E+00  3.49408317E+00  3.50476980E+00
  3.52800822E+00  3.57354450E+00  3.61850905E+00  3.63568163E+00  3.46973968E+00
  3.53422642E+00  3.63617396E+00  3.75510740E+00  3.85096979E+00  4.03978729E+00
  4.05351305E+00  4.08190298E+00  4.13543606E+00  4.18728065E+00  4.20642138E+00
  3.93095064E+00  4.05472565E+00  4.22586870E+00  4.42959785E+00  4.60589790E+00
  4.72409344E+00  4.82563305E+00  4.90641069E+00  4.92836905E+00  4.94323635E+00
  4.95845127E+00  4.96008492E+00  4.97447634E+00  5.08007097E+00  5.25047302E+00
  5.40916681E+00  5.55512094E+00  5.68866444E+00  5.81072140E+00  5.92001057E+00
  6.01872301E+00  6.10732269E+00  6.18528748E+00  6.25365591E+00  6.31284809E+00
  6.36311293E+00  6.40426159E+00  6.43749046E+00  6.50288439E+00
     2  'FLUX 58     '       2      64
  2.32396173E+00  2.32651663E+00  2.33820367E+00  2.37243366E+00  2.40901065E+00
  2.41159821E+00  2.42639446E+00  2.42275524E+00  2.42677116E+00  2.44308043E+00
  2.47815275E+00  2.52383900E+00  2.52577567E+00  2.44739938E+00  2.47563386E+00
  2.51522255E+00  2.59586525E+00  2.63299203E+00  2.70017171E+00  2.70994210E+00
  2.73155212E+00  2.77381587E+00  2.81580853E+00  2.83152342E+00  2.67091179E+00
  2.73280764E+00  2.82976270E+00  2.94247580E+00  3.03498602E+00  3.23492265E+00
  3.24851799E+00  3.27663064E+00  3.32947564E+00  3.38083792E+00  3.39915538E+00
  3.11354470E+00  3.23861623E+00  3.41325808E+00  3.62129068E+00  3.80998969E+00
  3.94997478E+00  4.06506300E+00  4.15480804E+00  4.17920923E+00  4.19623041E+00
  4.21366262E+00  4.21667290E+00  4.23358297E+00  4.35016346E+00  4.53522444E+00
  4.70390368E+00  4.85651922E+00  4.99431467E+00  5.11885357E+00  5.22931910E+00
  5.32829809E+00  5.41652107E+00  5.49370241E+00  5.56105280E+00  5.61911917E+00
  5.66825485E+00  5.70838499E+00  5.74072218E+00  5.80341196E+00
     2  'FLUX 59     '       2      64
  1.71275973E+00  1.71510351E+00  1.72471058E+00  1.75322437E+00  1.78356755E+00
  1.78571761E+00  1.79787397E+00  1.79607797E+00  1.79936504E+00  1.81304133E+00
  1.84240329E+00  1.88081551E+00  1.88236666E+00  1.81544352E+00  1.83919930E+00
  1.87278748E+00  1.94053280E+00  1.97222030E+00  2.03245187E+00  2.04068685E+00
  2.05910730E+00  2.09507871E+00  2.13095212E+00  2.14419508E+00  2.00483751E+00
  2.05827594E+00  2.14155793E+00  2.23849392E+00  2.31896186E+00  2.50066352E+00
  2.51272535E+00  2.53767490E+00  2.58450723E+00  2.63012433E+00  2.64603829E+00
  2.38799238E+00  2.49940705E+00  2.65594172E+00  2.84294963E+00  3.01690364E+00
  3.15175605E+00  3.25976562E+00  3.34309006E+00  3.36577749E+00  3.38168168E+00
  3.39818716E+00  3.40139079E+00  3.41749024E+00  3.52638316E+00  3.69864559E+00
  3.85412502E+00  3.99366188E+00  4.11878300E+00  4.23118687E+00  4.33038998E+00
  4.41888189E+00  4.49744558E+00  4.56595564E+00  4.62557173E+00  4.67684937E+00
  4.72015810E+00  4.75549555E+00  4.78395844E+00  4.83836031E+00
     2  'FLUX 60     '       2      64
  1.55157244E+00  1.55410540E+00  1.56366873E+00  1.59222054E+00  1.62252772E+00
  1.62467587E+00  1.63682234E+00  1.63550568E+00  1.63878798E+00  1.65258145E+00
  1.68212748E+00  1.72086465E+00  1.72240758E+00  1.65445375E+00  1.67833674E+00
  1.71241319E+00  1.78060472E+00  1.81286609E+00  1.87552822E+00  1.88386309E+00
  1.90267241E+00  1.93935466E+00  1.97603643E+00  1.98943424E+00  1.84618092E+00
  1.90090537E+00  1.98596704E+00  2.08532667E+00  2.16847801E+00  2.36085677E+00
  2.37355614E+00  2.39984250E+00  2.44915128E+00  2.49725413E+00  2.51375747E+00
  2.24031639E+00  2.35720515E+00  2.52230000E+00  2.72033548E+00  2.90770459E+00
  3.05661917E+00  3.17354274E+00  3.26312971E+00  3.28752422E+00  3.30471277E+00
  3.32259893E+00  3.32635498E+00  3.34388518E+00  3.46219277E+00  3.64933801E+00
  3.81719160E+00  3.96701097E+00  4.10071516E+00  4.22031593E+00  4.32550240E+00
  4.41903067E+00  4.50182247E+00  4.57385588E+00  4.63641167E+00  4.69012833E+00
  4.73543692E+00  4.77239180E+00  4.80216265E+00  4.85827446E+00
     2  'FLUX 61     '       2      64
  1.53441525E+00  1.53735411E+00  1.54780912E+00  1.57912731E+00  1.61233950E+00
  1.61469233E+00  1.62812197E+00  1.62637353E+00  1.62998974E+00  1.64524007E+00
  1.67784119E+00  1.72063982E+00  1.72239304E+00  1.64747798E+00  1.67361617E+00
  1.71132779E+00  1.78639197E+00  1.82208681E+00  1.89156115E+00  1.90081310E+00
  1.92187476E+00  1.96292436E+00  2.00409031E+00  2.01896763E+00  1.85901308E+00
  1.91987836E+00  2.01451015E+00  2.12569857E+00  2.21928668E+00  2.43873477E+00
  2.45338035E+00  2.48374343E+00  2.54070640E+00  2.59636950E+00  2.61517906E+00
  2.30060863E+00  2.43382502E+00  2.62326002E+00  2.85184813E+00  3.07107639E+00
  3.24818134E+00  3.38496137E+00  3.48960543E+00  3.51808500E+00  3.53808999E+00
  3.55894947E+00  3.56358266E+00  3.58410931E+00  3.72444129E+00  3.94591188E+00
  4.14327002E+00  4.31850338E+00  4.47418642E+00  4.61288404E+00  4.73446894E+00
  4.84225273E+00  4.93740416E+00  5.02001476E+00  5.09162188E+00  5.15301609E+00
  5.20473862E+00  5.24691725E+00  5.28091002E+00  5.34400320E+00
     2  'FLUX 62     '       2      64
  1.28020322E+00  1.28308821E+00  1.29281342E+00  1.32191515E+00  1.35278571E+00
  1.35496807E+00  1.36766195E+00  1.36510205E+00  1.36851394E+00  1.38281906E+00
  1.41332686E+00  1.45338595E+00  1.45511925E+00  1.38563287E+00  1.40973926E+00
  1.44501424E+00  1.51488948E+00  1.54820430E+00  1.61203504E+00  1.62074804E+00
  1.64075482E+00  1.67973578E+00  1.71893632E+00  1.73295701E+00  1.58263707E+00
  1.63960123E+00  1.72835863E+00  1.83354461E+00  1.92249274E+00  2.13197207E+00
  2.14629507E+00  2.17605257E+00  2.23192167E+00  2.28660607E+00  2.30482507E+00
  2.00016212E+00  2.12802935E+00  2.31127954E+00  2.53414845E+00  2.75035048E+00
  2.92673779E+00  3.06073189E+00  3.16325974E+00  3.19113636E+00  3.21074104E+00
  3.23108196E+00  3.23567343E+00  3.25579047E+00  3.39637136E+00  3.61772323E+00
  3.81371069E+00  3.98683524E+00  4.13996553E+00  4.27584362E+00  4.39458323E+00
  4.49952888E+00  4.59192419E+00  4.67197704E+00  4.74124241E+00  4.80053949E+00
  4.85044098E+00  4.89113760E+00  4.92396164E+00  4.98379040E+00
     2  'FLUX 63     '       2      64
  8.44446361E-01  8.46698701E-01  8.53817761E-01  8.74964774E-01  8.97424102E-01
  8.99009109E-01  9.08418477E-01  9.05663490E-01  9.08211172E-01  9.18718934E-01
  9.41042483E-01  9.70328212E-01  9.71675277E-01  9.21444595E-01  9.38782871E-01
  9.64560807E-01  1.01530874E+00  1.03963614E+00  1.08495581E+00  1.09136975E+00
  1.10620999E+00  1.13510656E+00  1.16423416E+00  1.17455363E+00  1.06465399E+00
  1.10614634E+00  1.17092764E+00  1.24850321E+00  1.31441319E+00  1.46931624E+00
  1.48021603E+00  1.50290811E+00  1.54554880E+00  1.58735132E+00  1.60109568E+00
  1.37220430E+00  1.46753979E+00  1.60510373E+00  1.77385628E+00  1.93919098E+00
  2.07481575E+00  2.17597532E+00  2.25332475E+00  2.27426505E+00  2.28915310E+00
  2.30444765E+00  2.30787611E+00  2.32304645E+00  2.43172789E+00  2.60293388E+00
  2.75372767E+00  2.88633800E+00  3.00317574E+00  3.10647607E+00  3.19649959E+00
  3.27585244E+00  3.34554529E+00  3.40582037E+00  3.45789218E+00  3.50241327E+00
  3.53984809E+00  3.57038641E+00  3.59504724E+00  3.63913178E+00
     2  'FLUX 64     '       2      64
  7.59417832E-01  7.61798620E-01  7.68888950E-01  7.89723992E-01  8.11895669E-01
  8.13453734E-01  8.22939515E-01  8.19145858E-01  8.21742892E-01  8.32216680E-01
  8.54369879E-01  8.83383930E-01  8.84807825E-01  8.35725129E-01  8.52596819E-01
  8.78114700E-01  9.28024709E-01  9.52083230E-01  9.95220184E-01  1.00162590E+00
  1.01654601E+00  1.04558051E+00  1.07490528E+00  1.08520150E+00  9.76646900E-01
  1.01748061E+00  1.08140159E+00  1.15884233E+00  1.22492516E+00  1.37922001E+00
  1.39044440E+00  1.41386294E+00  1.45791185E+00  1.50115752E+00  1.51519847E+00
  1.28307557E+00  1.37907267E+00  1.51853204E+00  1.69119763E+00  1.86185181E+00
  2.00218487E+00  2.10488582E+00  2.18328381E+00  2.20461249E+00  2.21956038E+00
  2.23508549E+00  2.23852086E+00  2.25397730E+00  2.36705041E+00  2.54551363E+00
  2.70197797E+00  2.83900857E+00  2.95929861E+00  3.06528950E+00  3.15741801E+00
  3.23842239E+00  3.30940294E+00  3.37068987E+00  3.42355824E+00  3.46870828E+00
  3.50664282E+00  3.53760147E+00  3.56263709E+00  3.60650611E+00
     2  'FLUX 65     '       2      64
  6.50806963E-01  6.53240740E-01  6.60097301E-01  6.79948330E-01  7.01153636E-01
  7.02633321E-01  7.11934328E-01  7.06774712E-01  7.09363043E-01  7.19485760E-01
  7.40784287E-01  7.68613458E-01  7.70097613E-01  7.24033415E-01  7.39805996E-01
  7.64194548E-01  8.11546326E-01  8.34462762E-01  8.73131454E-01  8.79338920E-01
  8.93899977E-01  9.22227263E-01  9.50910330E-01  9.60869670E-01  8.57629120E-01
  8.96277964E-01  9.57060814E-01  1.03181505E+00  1.09587300E+00  1.24355102E+00
  1.25481522E+00  1.27838409E+00  1.32278001E+00  1.36644816E+00  1.38041663E+00
  1.15245140E+00  1.24591541E+00  1.38290977E+00  1.55454051E+00  1.72576857E+00
  1.86666727E+00  1.96744061E+00  2.04434514E+00  2.06520677E+00  2.07978439E+00
  2.09496474E+00  2.09840727E+00  2.11351848E+00  2.22781348E+00  2.40859008E+00
  2.56622672E+00  2.70361471E+00  2.82370186E+00  2.92909384E+00  3.02042890E+00
  3.10050392E+00  3.17048764E+00  3.23080063E+00  3.28274536E+00  3.32705021E+00
  3.36424279E+00  3.39461446E+00  3.41921520E+00  3.46132255E+00
     2  'FLUX 66     '       2      64
  5.17669082E-01  5.20021379E-01  5.26360273E-01  5.44339597E-01  5.63679516E-01
  5.65020621E-01  5.73770523E-01  5.66850126E-01  5.69341362E-01  5.78677416E-01
  5.98196864E-01  6.23618424E-01  6.25140131E-01  5.84589064E-01  5.98433435E-01
  6.20505512E-01  6.63009882E-01  6.83560014E-01  7.14738369E-01  7.20484912E-01
  7.34068453E-01  7.60502756E-01  7.87365556E-01  7.96551704E-01  7.04047501E-01
  7.38443315E-01  7.93015838E-01  8.61517549E-01  9.20406520E-01  1.05306876E+00
  1.06394041E+00  1.08677554E+00  1.12988853E+00  1.17240334E+00  1.18574488E+00
  9.72619236E-01  1.05899727E+00  1.18724096E+00  1.35047364E+00  1.51502490E+00
  1.65022039E+00  1.74421728E+00  1.81594133E+00  1.83541584E+00  1.84902811E+00
  1.86300838E+00  1.86623824E+00  1.88028085E+00  1.99113357E+00  2.16645026E+00
  2.31818271E+00  2.44959354E+00  2.56383491E+00  2.66360903E+00  2.74976063E+00
  2.82503414E+00  2.89062214E+00  2.94702458E+00  2.99551249E+00  3.03681064E+00
  3.07145047E+00  3.09975719E+00  3.12273479E+00  3.16097593E+00
     2  'FLUX 67     '       2      64
  3.63186538E-01  3.65228564E-01  3.70651424E-01  3.85601848E-01  4.01899695E-01
  4.03011769E-01  4.10683423E-01  4.01717633E-01  4.03970480E-01  4.11917716E-01
  4.28413451E-01  4.49799299E-01  4.51303422E-01  4.19449538E-01  4.30328906E-01
  4.48495954E-01  4.83168066E-01  4.99686331E-01  5.19735515E-01  5.24655938E-01
  5.36376476E-01  5.59231102E-01  5.82589746E-01  5.90397298E-01  5.15819430E-01
  5.43259561E-01  5.87577939E-01  6.44869804E-01  6.94115937E-01  8.00256014E-01
  8.10052216E-01  8.30748022E-01  8.69967520E-01  9.08794761E-01  9.20656264E-01
  7.37938285E-01  8.10748458E-01  9.21078324E-01  1.06467414E+00  1.21112001E+00
  1.33092582E+00  1.41125333E+00  1.47264326E+00  1.48929107E+00  1.50080574E+00
  1.51269770E+00  1.51531804E+00  1.52737975E+00  1.62686241E+00  1.78376806E+00
  1.91813636E+00  2.03352499E+00  2.13313055E+00  2.21958971E+00  2.29390836E+00
  2.35857558E+00  2.41472316E+00  2.46288800E+00  2.50421119E+00  2.53935480E+00
  2.56880784E+00  2.59290099E+00  2.61251330E+00  2.64406657E+00
     2  'FLUX 68     '       2      64
  1.99108243E-01  2.00532794E-01  2.04516649E-01  2.15052903E-01  2.26867467E-01
  2.27652311E-01  2.33501315E-01  2.22783968E-01  2.24574462E-01  2.30348364E-01
  2.42250502E-01  2.57595688E-01  2.58966327E-01  2.39322990E-01  2.46109620E-01
  2.58442193E-01  2.81773299E-01  2.92277902E-01  2.97803283E-01  3.01410437E-01
  3.10057163E-01  3.27043116E-01  3.44610482E-01  3.50255758E-01  3.02159548E-01
  3.19523007E-01  3.48770529E-01  3.88489664E-01  4.22237128E-01  4.87585038E-01
  4.95263100E-01  5.11640787E-01  5.42926848E-01  5.74138761E-01  5.83267391E-01
  4.52331752E-01  5.02998829E-01  5.82787573E-01  6.90402865E-01  8.01595271E-01
  8.91744971E-01  9.49298739E-01  9.93546009E-01  1.00538969E+00  1.01365876E+00
  1.02206695E+00  1.02387357E+00  1.03249931E+00  1.10875595E+00  1.22765625E+00
  1.32771122E+00  1.41253889E+00  1.48503256E+00  1.54744160E+00  1.60077608E+00
  1.64695144E+00  1.68687785E+00  1.72103417E+00  1.75027668E+00  1.77511072E+00
  1.79591131E+00  1.81295848E+00  1.82689893E+00  1.84838259E+00
     2  'FLUX 69     '       2      64
  5.09615056E-02  5.15473858E-02  5.33597134E-02  5.77729791E-02  6.31416366E-02
  6.34857044E-02  6.62973747E-02  5.73411770E-02  5.82450815E-02  6.07311465E-02
  6.58839867E-02  7.25340247E-02  7.34063089E-02  6.83274567E-02  7.02177510E-02
  7.46439695E-02  8.29936787E-02  8.60328376E-02  7.88785592E-02  8.04323480E-02
  8.41433480E-02  9.16965678E-02  9.98526365E-02  1.02248989E-01  8.84302408E-02
  9.31797102E-02  1.02516271E-01  1.17015325E-01  1.28583342E-01  1.40778124E-01
  1.44377276E-01  1.52244776E-01  1.67746037E-01  1.83683962E-01  1.87894598E-01
  1.38786986E-01  1.56492397E-01  1.87330112E-01  2.32684761E-01  2.80474573E-01
  3.18590999E-01  3.41137826E-01  3.58822942E-01  3.63443285E-01  3.66592884E-01
  3.69749993E-01  3.70386988E-01  3.73764664E-01  4.07627046E-01  4.57892358E-01
  4.98432994E-01  5.31941354E-01  5.60091794E-01  5.84029913E-01  6.04335546E-01
  6.21813893E-01  6.36863053E-01  6.49709284E-01  6.60692990E-01  6.70016646E-01
  6.77832842E-01  6.84272230E-01  6.89606726E-01  6.97261870E-01
     2  'FUNSUR  1   '       2       4
  4.91842851E-02  5.09305149E-02  4.91842851E-02  5.09305187E-02
     2  'FUNSUR  2   '       2       4
  1.88161850E-01  1.92657501E-01  1.88161835E-01  1.92657486E-01
     2  'FUNSUR  3   '       2       4
  3.75544399E-01  3.80755693E-01  3.75544399E-01  3.80755693E-01
     2  'FUNSUR  4   '       2       4
  3.48823071E-01  3.50992590E-01  3.48823071E-01  3.50992590E-01
     2  'FUNSUR  5   '       2       4
  2.63185382E-01  2.61404306E-01  2.63185412E-01  2.61404306E-01
     2  'FUNSUR  6   '       2       4
  3.43505532E-01  3.40397418E-01  3.43505561E-01  3.40397418E-01
     2  'FUNSUR  7   '       2       4
  2.99992085E-01  2.97580332E-01  2.99992085E-01  2.97580391E-01
     2  'FUNSUR  8   '       2       4
  4.24051851E-01  4.20627892E-01  4.24051851E-01  4.20627952E-01
     2  'FUNSUR  9   '       2       4
  4.67658192E-01  4.63793367E-01  4.67658162E-01  4.63793457E-01
     2  'FUNSUR 10   '       2       4
  5.14936507E-01  5.10935485E-01  5.14936447E-01  5.10935605E-01
     2  'FUNSUR 11   '       2       4
  5.56703389E-01  5.52712798E-01  5.56703389E-01  5.52712858E-01
     2  'FUNSUR 12   '       2       4
  5.94279587E-01  5.90618193E-01  5.94279528E-01  5.90618312E-01
     2  'FUNSUR 13   '       2       4
  6.20126784E-01  6.16842389E-01  6.20126724E-01  6.16842508E-01
     2  'FUNSUR 14   '       2       4
  6.40352368E-01  6.37546182E-01  6.40352309E-01  6.37546301E-01
     2  'FUNSUR 15   '       2       4
  6.55060172E-01  6.52670920E-01  6.55060112E-01  6.52670979E-01
     2  'FUNSUR 16   '       2       4
  6.03946030E-01  6.02115870E-01  6.03945971E-01  6.02115929E-01
     2  'FUNSUR 17   '       2       4
  6.12153769E-01  6.10624909E-01  6.12153709E-01  6.10624969E-01
     2  'FUNSUR 18   '       2       4
  6.20166779E-01  6.18890226E-01  6.20166719E-01  6.18890285E-01
     2  'FUNSUR 19   '       2       4
  6.25971079E-01  6.24918580E-01  6.25971019E-01  6.24918640E-01
     2  'FUNSUR 20   '       2       4
  1.26393759E+00  1.26245725E+00  1.26393735E+00  1.26245749E+00
     2  'FUNSUR 21   '       2       4
  1.26978266E+00  1.26893544E+00  1.26978242E+00  1.26893568E+00
     2  'FUNSUR 22   '       2       4
  9.52058434E-01  9.51721132E-01  9.52058375E-01  9.51721251E-01
     2  'FUNSUR 23   '       2       4
  6.33498728E-01  6.33385301E-01  6.33498669E-01  6.33385360E-01
     2  'FUNSUR 24   '       2       4
  7.68603444E-01  7.68593252E-01  7.68603325E-01  7.68593371E-01
     2  'FUNSUR 25   '       2       4
  7.63294160E-01  7.63410926E-01  7.63294041E-01  7.63411045E-01
     2  'FUNSUR 26   '       2       4
  6.63347244E-01  6.63512886E-01  6.63347244E-01  6.63512886E-01
     2  'FUNSUR 27   '       2       4
  1.22978759E+00  1.23031437E+00  1.22978747E+00  1.23031449E+00
     2  'FUNSUR 28   '       2       4
  2.71395326E-01  2.71533042E-01  2.71395296E-01  2.71533072E-01
     2  'FUNSUR 29   '       2       4
  3.34025145E-01  3.34198207E-01  3.34025145E-01  3.34198207E-01
     2  'FUNSUR 30   '       2       4
  3.03976744E-01  3.04135203E-01  3.03976715E-01  3.04135263E-01
     2  'FUNSUR 31   '       2       4
  4.89032984E-01  4.89284039E-01  4.89032924E-01  4.89284128E-01
     2  'FUNSUR 32   '       2       4
  2.11945727E-01  2.12053299E-01  2.11945698E-01  2.12053329E-01
     2  'FUNSUR 33   '       2       4
  1.84120357E-01  1.84213072E-01  1.84120342E-01  1.84213102E-01
     2  'FUNSUR 34   '       2       4
  3.59957702E-02  3.60138826E-02  3.59957702E-02  3.60138901E-02
     2  'FUNSUR 35   '       2       4
  3.56390066E-02  3.56569402E-02  3.56390029E-02  3.56569439E-02
     2  'FUNSUR 36   '       2       4
  3.66107784E-02  3.66291702E-02  3.66107747E-02  3.66291776E-02
     2  'FUNSUR 37   '       2       4
  3.76038812E-02  3.76227014E-02  3.76038775E-02  3.76227051E-02
     2  'FUNSUR 38   '       2       4
  3.71020697E-02  3.71205248E-02  3.71020697E-02  3.71205285E-02
     2  'FUNSUR 39   '       2       4
  3.65709290E-02  3.65890190E-02  3.65709253E-02  3.65890227E-02
     2  'FUNSUR 40   '       2       4
  3.75704058E-02  3.75889465E-02  3.75704020E-02  3.75889502E-02
     2  'FUNSUR 41   '       2       4
  3.53691503E-02  3.53865288E-02  3.53691503E-02  3.53865325E-02
     2  'FUNSUR 42   '       2       4
  6.69330806E-02  6.69659674E-02  6.69330731E-02  6.69659749E-02
     2  'FUNSUR 43   '       2       4
  1.07389733E-01  1.07442319E-01  1.07389718E-01  1.07442334E-01
     2  'FUNSUR 44   '       2       4
  1.36704758E-01  1.36770546E-01  1.36704758E-01  1.36770576E-01
     2  'FUNSUR 45   '       2       4
  3.62126172E-01  3.62295270E-01  3.62126172E-01  3.62295330E-01
     2  'FUNSUR 46   '       2       4
  3.79046857E-01  3.79211724E-01  3.79046857E-01  3.79211783E-01
     2  'FUNSUR 47   '       2       4
  4.00245994E-01  4.00396466E-01  4.00245965E-01  4.00396526E-01
     2  'FUNSUR 48   '       2       4
  2.60707110E-01  2.60784060E-01  2.60707080E-01  2.60784090E-01
     2  'FUNSUR 49   '       2       4
  1.91051409E-01  1.91094428E-01  1.91051379E-01  1.91094458E-01
     2  'FUNSUR 50   '       2       4
  1.49817899E-01  1.49844393E-01  1.49817884E-01  1.49844408E-01
     2  'FUNSUR 51   '       2       4
  1.76450759E-01  1.76476315E-01  1.76450744E-01  1.76476330E-01
     2  'FUNSUR 52   '       2       4
  3.44980210E-01  3.45026344E-01  3.44980180E-01  3.45026374E-01
     2  'FUNSUR 53   '       2       4
  5.20461738E-01  5.20557463E-01  5.20461679E-01  5.20557523E-01
     2  'FUNSUR 54   '       2       4
  1.29982662E+00  1.30026579E+00  1.29982662E+00  1.30026591E+00
     2  'FUNSUR 55   '       2       4
  2.97313881E+00  2.97478652E+00  2.97313881E+00  2.97478700E+00
     2  'FUNSUR 56   '       2       4
  7.06297302E+00  7.06816769E+00  7.06297302E+00  7.06816816E+00
     2  'FUNSUR 57   '       2       4
  6.45114279E+00  6.45642185E+00  6.45114279E+00  6.45642233E+00
     2  'FUNSUR 58   '       2       4
  5.75488091E+00  5.75975943E+00  5.75488091E+00  5.75975990E+00
     2  'FUNSUR 59   '       2       4
  4.79728079E+00  4.80136824E+00  4.79728079E+00  4.80136871E+00
     2  'FUNSUR 60   '       2       4
  4.81700373E+00  4.82107401E+00  4.81700325E+00  4.82107401E+00
     2  'FUNSUR 61   '       2       4
  5.29894257E+00  5.30334568E+00  5.29894257E+00  5.30334616E+00
     2  'FUNSUR 62   '       2       4
  4.94256401E+00  4.94654846E+00  4.94256401E+00  4.94654894E+00
     2  'FUNSUR 63   '       2       4
  3.60994482E+00  3.61273193E+00  3.60994482E+00  3.61273241E+00
     2  'FUNSUR 64   '       2       4
  3.57864070E+00  3.58126807E+00  3.57864070E+00  3.58126807E+00
     2  'FUNSUR 65   '       2       4
  3.43585825E+00  3.43822145E+00  3.43585825E+00  3.43822145E+00
     2  'FUNSUR 66   '       2       4
  3.13919163E+00  3.14117241E+00  3.13919139E+00  3.14117265E+00
     2  'FUNSUR 67   '       2       4
  2.62738228E+00  2.62886024E+00  2.62738252E+00  2.62886095E+00
     2  'FUNSUR 68   '       2       4
  1.83809745E+00  1.83897471E+00  1.83809757E+00  1.83897519E+00
     2  'FUNSUR 69   '       2       4
  6.94266379E-01  6.94501102E-01  6.94266379E-01  6.94501162E-01
     2  '1/EIGENVALUE'       2       1
  1.12164629E+00
     1  'K-EFFECTIVE '       2       1
  1.12164629E+00
     1  'K-INFINITY  '       2       1
  1.12164629E+00
     1  'EPS-CONVERGE'       2       5
  4.99999987E-05  9.99999975E-06  4.99999987E-05  1.00000000E+01  1.00000000E+02
     1  'STATE-VECTOR'       1      40
       -99         0         3         3         1       138       127         0
        69        64         0         1         0         0         0         0
         0         0         0         0         0         0         0         0
         0         0         0         0         0         0         0         0
         0         0         0         0         0         0         0         0
