     1  'SIGNATURE   '       3      12
L_FLUX      
     1  'FLUXDIRECT  '       0      -1
     2  'FLUX  1     '       2      64
  4.21156287E-01  4.19999182E-01  4.19420153E-01  4.09387082E-01  3.99057269E-01
  3.98550510E-01  3.94076943E-01  4.15521324E-01  4.18215871E-01  4.16500568E-01
  4.07209992E-01  3.92092019E-01  3.90067667E-01  3.86877656E-01  3.87899518E-01
  3.94120574E-01  3.70431185E-01  3.78436804E-01  4.20004845E-01  4.16776955E-01
  4.09943938E-01  3.93676519E-01  3.74739528E-01  3.69210958E-01  3.77402216E-01
  3.72511655E-01  3.55483294E-01  3.44046921E-01  3.49144131E-01  3.79425496E-01
  3.75736594E-01  3.66341889E-01  3.46012056E-01  3.24230283E-01  3.16173077E-01
  3.46485168E-01  3.32347989E-01  3.10890734E-01  2.76718557E-01  2.44641200E-01
  2.16232449E-01  1.96310952E-01  1.82343900E-01  1.76223472E-01  1.70718402E-01
  1.63552999E-01  1.59806281E-01  1.53259739E-01  1.39034063E-01  1.20362960E-01
  1.05973072E-01  9.44256783E-02  8.49702731E-02  7.69981891E-02  7.07082897E-02
  6.54281974E-02  6.09751493E-02  5.74348159E-02  5.45738824E-02  5.22989370E-02
  5.05530238E-02  4.94216308E-02  4.87852246E-02  4.58428673E-02
     2  'FLUX  2     '       2      64
  1.84039354E+00  1.83640766E+00  1.83264232E+00  1.79005671E+00  1.74500513E+00
  1.74263835E+00  1.72276866E+00  1.81644011E+00  1.82580268E+00  1.81730533E+00
  1.77719319E+00  1.71332502E+00  1.70423710E+00  1.69333637E+00  1.69631016E+00
  1.71763539E+00  1.61985373E+00  1.65011871E+00  1.82111788E+00  1.80779660E+00
  1.77918994E+00  1.71170688E+00  1.63336730E+00  1.61023974E+00  1.64631581E+00
  1.62762773E+00  1.55863619E+00  1.50557315E+00  1.51804686E+00  1.63763940E+00
  1.62164259E+00  1.58160508E+00  1.49559450E+00  1.40382564E+00  1.36988986E+00
  1.50393224E+00  1.44455957E+00  1.34919965E+00  1.19762754E+00  1.05580974E+00
  9.33563411E-01  8.47260594E-01  7.85519838E-01  7.59887159E-01  7.36971438E-01
  7.07307279E-01  6.92509234E-01  6.65848494E-01  6.01573825E-01  5.16630828E-01
  4.51000780E-01  3.98339868E-01  3.55263501E-01  3.19058597E-01  2.90285885E-01
  2.66145200E-01  2.45808944E-01  2.29516998E-01  2.16284841E-01  2.05695435E-01
  1.97493240E-01  1.91975564E-01  1.88668355E-01  1.74974486E-01
     2  'FLUX  3     '       2      64
  3.90487862E+00  3.89441967E+00  3.88203168E+00  3.79657054E+00  3.70498109E+00
  3.70012689E+00  3.65621996E+00  3.84248519E+00  3.85744500E+00  3.83829498E+00
  3.75686288E+00  3.63173962E+00  3.61323404E+00  3.59774494E+00  3.60002518E+00
  3.63295841E+00  3.43715501E+00  3.48673368E+00  3.81247473E+00  3.78613544E+00
  3.72909164E+00  3.59637618E+00  3.44523907E+00  3.39912605E+00  3.47775865E+00
  3.43974209E+00  3.30242991E+00  3.18509912E+00  3.19285059E+00  3.40367699E+00
  3.37194967E+00  3.29283071E+00  3.12436748E+00  2.94717789E+00  2.88102245E+00
  3.15594602E+00  3.03391480E+00  2.83784914E+00  2.52906537E+00  2.24081898E+00
  1.99747062E+00  1.82033002E+00  1.68733883E+00  1.63345993E+00  1.58618844E+00
  1.52714515E+00  1.49936652E+00  1.44801474E+00  1.30488217E+00  1.11637080E+00
  9.70653772E-01  8.53643000E-01  7.57892072E-01  6.77535653E-01  6.13275886E-01
  5.59346139E-01  5.13923645E-01  4.77302015E-01  4.47428226E-01  4.23387229E-01
  4.04608428E-01  3.91597718E-01  3.83384496E-01  3.52549404E-01
     2  'FLUX  4     '       2      64
  4.21450853E+00  4.21146441E+00  4.19597101E+00  4.11142111E+00  4.01797533E+00
  4.01282454E+00  3.96028376E+00  4.15572357E+00  4.16753674E+00  4.14707708E+00
  4.06383657E+00  3.94065309E+00  3.92022300E+00  3.90069795E+00  3.89898896E+00
  3.92426133E+00  3.72323751E+00  3.76934576E+00  4.10186958E+00  4.07577705E+00
  4.01773500E+00  3.88393807E+00  3.73467159E+00  3.68708706E+00  3.76328802E+00
  3.72892547E+00  3.59012556E+00  3.45917892E+00  3.45144749E+00  3.66268063E+00
  3.62925768E+00  3.54663897E+00  3.37194157E+00  3.19064927E+00  3.12172174E+00
  3.41008115E+00  3.28743434E+00  3.07293105E+00  2.73677087E+00  2.43086076E+00
  2.18734837E+00  1.99292934E+00  1.83429408E+00  1.77278388E+00  1.72206748E+00
  1.66047084E+00  1.63359845E+00  1.58231544E+00  1.40544450E+00  1.18456364E+00
  1.01726723E+00  8.84396017E-01  7.76590109E-01  6.86907232E-01  6.15265667E-01
  5.55450022E-01  5.05321205E-01  4.64858264E-01  4.31847483E-01  4.05242145E-01
  3.84377241E-01  3.69622290E-01  3.59998643E-01  3.26788843E-01
     2  'FLUX  5     '       2      64
  4.10187435E+00  4.10159826E+00  4.08126211E+00  4.00486279E+00  3.91839480E+00
  3.91313648E+00  3.86030126E+00  4.03423548E+00  4.03458643E+00  4.00884008E+00
  3.93161917E+00  3.82561684E+00  3.80658913E+00  3.81183767E+00  3.80066204E+00
  3.79317904E+00  3.62604475E+00  3.64171052E+00  3.88564086E+00  3.86310649E+00
  3.81257915E+00  3.70181918E+00  3.58179379E+00  3.54164386E+00  3.63214326E+00
  3.59981108E+00  3.48178458E+00  3.33980775E+00  3.28697324E+00  3.38974404E+00
  3.35938191E+00  3.28824902E+00  3.14235783E+00  2.99431539E+00  2.93843293E+00
  3.22984529E+00  3.11137319E+00  2.89944315E+00  2.57875967E+00  2.29166818E+00
  2.07749128E+00  1.89683795E+00  1.74490118E+00  1.69186366E+00  1.65035880E+00
  1.60232437E+00  1.58399999E+00  1.54332805E+00  1.36012864E+00  1.13151765E+00
  9.58561063E-01  8.21827710E-01  7.11566508E-01  6.20826840E-01  5.48100352E-01
  4.87824768E-01  4.37719971E-01  3.97113353E-01  3.63950312E-01  3.37118208E-01
  3.15861642E-01  3.00119609E-01  2.88969249E-01  2.58604288E-01
     2  'FLUX  6     '       2      64
  4.68279696E+00  4.67577934E+00  4.64809179E+00  4.57238388E+00  4.48570347E+00
  4.47939348E+00  4.42919827E+00  4.56142521E+00  4.55620623E+00  4.52727795E+00
  4.45182705E+00  4.35358047E+00  4.33724213E+00  4.38219404E+00  4.35635281E+00
  4.32876110E+00  4.16461945E+00  4.14743567E+00  4.28395462E+00  4.26271963E+00
  4.21624041E+00  4.11765957E+00  4.01510477E+00  3.97780156E+00  4.11985731E+00
  4.06536579E+00  3.93367004E+00  3.77491307E+00  3.68705845E+00  3.64527059E+00
  3.61976409E+00  3.56055975E+00  3.44249749E+00  3.32569051E+00  3.27958441E+00
  3.60263181E+00  3.45876288E+00  3.23921132E+00  2.93699479E+00  2.66573286E+00
  2.44839525E+00  2.23313046E+00  2.05528116E+00  2.00195980E+00  1.96237123E+00
  1.91885185E+00  1.90503693E+00  1.86266601E+00  1.66020131E+00  1.40971327E+00
  1.21283460E+00  1.05286419E+00  9.21033323E-01  8.10733318E-01  7.20710635E-01
  6.45186841E-01  5.81759632E-01  5.29726148E-01  4.86812830E-01  4.51755643E-01
  4.23677415E-01  4.02438939E-01  3.86862367E-01  3.47729594E-01
     2  'FLUX  7     '       2      64
  3.45722699E+00  3.45455360E+00  3.44239831E+00  3.40905023E+00  3.37276888E+00
  3.36974263E+00  3.35065794E+00  3.37226462E+00  3.36915278E+00  3.35434413E+00
  3.31990504E+00  3.27585673E+00  3.27147698E+00  3.32888031E+00  3.30605578E+00
  3.27600837E+00  3.19395447E+00  3.16700077E+00  3.14667320E+00  3.13672423E+00
  3.11443830E+00  3.06986332E+00  3.02544355E+00  3.00817680E+00  3.13833666E+00
  3.08916545E+00  3.00163984E+00  2.89748693E+00  2.81953263E+00  2.67396116E+00
  2.65954781E+00  2.62871051E+00  2.56977582E+00  2.51213098E+00  2.48989081E+00
  2.75112724E+00  2.63929796E+00  2.47518897E+00  2.26816583E+00  2.07743931E+00
  1.92286110E+00  1.77812886E+00  1.66470015E+00  1.63430107E+00  1.61266911E+00
  1.58987033E+00  1.58418787E+00  1.55902314E+00  1.42156494E+00  1.23177767E+00
  1.07369649E+00  9.41112339E-01  8.29426289E-01  7.34694541E-01  6.55947328E-01
  5.89281857E-01  5.32929420E-01  4.86179322E-01  4.47312921E-01  4.15293604E-01
  3.89358997E-01  3.69153619E-01  3.53553176E-01  3.20693403E-01
     2  'FLUX  8     '       2      64
  3.85304260E+00  3.84933329E+00  3.83774972E+00  3.80717778E+00  3.77434301E+00
  3.77150249E+00  3.75963378E+00  3.74351907E+00  3.74025989E+00  3.72621846E+00
  3.69554043E+00  3.65585351E+00  3.65495491E+00  3.73912215E+00  3.70869803E+00
  3.67022085E+00  3.59121060E+00  3.55003858E+00  3.45290780E+00  3.44433355E+00
  3.42563438E+00  3.38938761E+00  3.35445309E+00  3.34008670E+00  3.50884056E+00
  3.44275761E+00  3.34362674E+00  3.23399973E+00  3.14114380E+00  2.90477943E+00
  2.89340997E+00  2.87000942E+00  2.82678819E+00  2.78519440E+00  2.76912141E+00
  3.05975175E+00  2.93002033E+00  2.75706506E+00  2.55875254E+00  2.37443638E+00
  2.21703076E+00  2.06782794E+00  1.95530331E+00  1.92692375E+00  1.90721691E+00
  1.88689780E+00  1.88283134E+00  1.85914707E+00  1.73245752E+00  1.54235601E+00
  1.37317002E+00  1.22504115E+00  1.09604871E+00  9.83644068E-01  8.87967765E-01
  8.05379689E-01  7.34371006E-01  6.74547851E-01  6.24140084E-01  5.82107782E-01
  5.47679067E-01  5.20567715E-01  4.99470025E-01  4.55100566E-01
     2  'FLUX  9     '       2      64
  3.04811478E+00  3.04618382E+00  3.04264641E+00  3.03163910E+00  3.02118540E+00
  3.02019763E+00  3.02329946E+00  2.96541119E+00  2.96535563E+00  2.96019363E+00
  2.94905376E+00  2.93325067E+00  2.93725371E+00  3.01351237E+00  2.98876357E+00
  2.95989776E+00  2.91658783E+00  2.88161182E+00  2.74418283E+00  2.74081421E+00
  2.73330903E+00  2.71965957E+00  2.70804763E+00  2.70219326E+00  2.84562206E+00
  2.78888559E+00  2.71433854E+00  2.64137936E+00  2.57182479E+00  2.34223700E+00
  2.33665204E+00  2.32622123E+00  2.30836439E+00  2.29135227E+00  2.28482008E+00
  2.51109147E+00  2.41046906E+00  2.28165030E+00  2.14761019E+00  2.02129388E+00
  1.90629125E+00  1.79729509E+00  1.71914268E+00  1.70075870E+00  1.68823516E+00
  1.67591441E+00  1.67420578E+00  1.65905964E+00  1.58166122E+00  1.44882250E+00
  1.31998968E+00  1.20121121E+00  1.09370828E+00  9.97072875E-01  9.12653983E-01
  8.38185310E-01  7.72930861E-01  7.17056096E-01  6.69308126E-01  6.29000843E-01
  5.95628679E-01  5.69138587E-01  5.48410237E-01  5.03617048E-01
     2  'FLUX 10     '       2      64
  2.49700403E+00  2.49555922E+00  2.49557734E+00  2.49380350E+00  2.49362087E+00
  2.49355245E+00  2.50208211E+00  2.43443274E+00  2.43567443E+00  2.43478203E+00
  2.43293452E+00  2.42873621E+00  2.43419290E+00  2.49773550E+00  2.47852182E+00
  2.45705867E+00  2.43328500E+00  2.40492320E+00  2.26814294E+00  2.26733851E+00
  2.26525354E+00  2.26228428E+00  2.26138306E+00  2.25965214E+00  2.37545323E+00
  2.32932520E+00  2.27359962E+00  2.22393727E+00  2.17213798E+00  1.97397661E+00
  1.97140694E+00  1.96740484E+00  1.96171331E+00  1.95642292E+00  1.95451069E+00
  2.12716889E+00  2.05055642E+00  1.95509148E+00  1.86290956E+00  1.77501416E+00
  1.69115555E+00  1.61290300E+00  1.55951226E+00  1.54777217E+00  1.54018903E+00
  1.53292811E+00  1.53272653E+00  1.52329910E+00  1.47629559E+00  1.38224018E+00
  1.28344381E+00  1.18796647E+00  1.09847462E+00  1.01575541E+00  9.41737115E-01
  8.75153482E-01  8.15807283E-01  7.64221430E-01  7.19566882E-01  6.81439877E-01
  6.49548531E-01  6.23994768E-01  6.03803873E-01  5.59849620E-01
     2  'FLUX 11     '       2      64
  2.08001757E+00  2.07884097E+00  2.07999945E+00  2.08159256E+00  2.08484936E+00
  2.08512306E+00  2.09412336E+00  2.03355193E+00  2.03506041E+00  2.03579831E+00
  2.03741050E+00  2.03781199E+00  2.04291010E+00  2.09226871E+00  2.07795739E+00
  2.06239462E+00  2.04883552E+00  2.02713704E+00  1.91148651E+00  1.91170430E+00
  1.91180086E+00  1.91290498E+00  1.91577649E+00  1.91571355E+00  2.00445557E+00
  1.96894014E+00  1.92795920E+00  1.89381754E+00  1.85621810E+00  1.69967365E+00
  1.69856560E+00  1.69741321E+00  1.69678497E+00  1.69632268E+00  1.69630456E+00
  1.82380831E+00  1.76728487E+00  1.69791543E+00  1.63448036E+00  1.57372904E+00
  1.51368690E+00  1.45824015E+00  1.42208898E+00  1.41468787E+00  1.41018236E+00
  1.40612435E+00  1.40665627E+00  1.40092361E+00  1.37330818E+00  1.30795109E+00
  1.23392284E+00  1.15916407E+00  1.08676541E+00  1.01807630E+00  9.55218613E-01
  8.97627294E-01  8.45467985E-01  7.99488068E-01  7.59203017E-01  7.24440038E-01
  6.95085227E-01  6.71363473E-01  6.52453303E-01  6.10873103E-01
     2  'FLUX 12     '       2      64
  1.75368881E+00  1.75258923E+00  1.75440419E+00  1.75817072E+00  1.76360142E+00
  1.76407373E+00  1.77267694E+00  1.72080636E+00  1.72238898E+00  1.72414804E+00
  1.72796214E+00  1.73144007E+00  1.73595607E+00  1.77252114E+00  1.76247311E+00
  1.75190747E+00  1.74594104E+00  1.72983837E+00  1.63610196E+00  1.63695705E+00
  1.63844049E+00  1.64211130E+00  1.64724684E+00  1.64823532E+00  1.71299827E+00
  1.68685067E+00  1.65857315E+00  1.63681054E+00  1.61070621E+00  1.49151576E+00
  1.49137449E+00  1.49203765E+00  1.49452984E+00  1.49705565E+00  1.49816585E+00
  1.58808792E+00  1.54809821E+00  1.50039053E+00  1.45932400E+00  1.41904914E+00
  1.37738943E+00  1.34007895E+00  1.31697941E+00  1.31274784E+00  1.31033909E+00
  1.30845582E+00  1.30933130E+00  1.30632365E+00  1.29124773E+00  1.24616981E+00
  1.19101429E+00  1.13287103E+00  1.07477236E+00  1.01828110E+00  9.65459883E-01
  9.16224122E-01  8.70965064E-01  8.30527425E-01  7.94691205E-01  7.63452113E-01
  7.36827731E-01  7.15103626E-01  6.97586477E-01  6.59211099E-01
     2  'FLUX 13     '       2      64
  1.48587441E+00  1.48506868E+00  1.48696303E+00  1.49148321E+00  1.49741292E+00
  1.49796975E+00  1.50514412E+00  1.46417892E+00  1.46561372E+00  1.46774423E+00
  1.47228456E+00  1.47708607E+00  1.48073673E+00  1.50586128E+00  1.49927115E+00
  1.49262977E+00  1.49121463E+00  1.48008370E+00  1.40944707E+00  1.41053796E+00
  1.41256797E+00  1.41713381E+00  1.42290235E+00  1.42434561E+00  1.46846628E+00
  1.45045543E+00  1.43218374E+00  1.41946757E+00  1.40260696E+00  1.31752551E+00
  1.31792343E+00  1.31945872E+00  1.32329333E+00  1.32713604E+00  1.32871675E+00
  1.38794076E+00  1.36146152E+00  1.33073628E+00  1.30625618E+00  1.28189349E+00
  1.25475049E+00  1.22956717E+00  1.21443439E+00  1.21207869E+00  1.21099806E+00
  1.21047568E+00  1.21153998E+00  1.21009779E+00  1.20219946E+00  1.17216170E+00
  1.13245869E+00  1.08879268E+00  1.04380190E+00  9.98995006E-01  9.56218481E-01
  9.15675521E-01  8.77867281E-01  8.43649685E-01  8.12991679E-01  7.86007345E-01
  7.62806833E-01  7.43712068E-01  7.28164375E-01  6.94058299E-01
     2  'FLUX 14     '       2      64
  1.27830923E+00  1.27734029E+00  1.27916920E+00  1.28338432E+00  1.28885663E+00
  1.28930402E+00  1.29541826E+00  1.26439822E+00  1.26561129E+00  1.26759386E+00
  1.27193356E+00  1.27654541E+00  1.27937496E+00  1.29659462E+00  1.29257405E+00
  1.28870845E+00  1.29015303E+00  1.28262401E+00  1.23062539E+00  1.23171055E+00
  1.23378491E+00  1.23829806E+00  1.24354732E+00  1.24502051E+00  1.27465773E+00
  1.26256812E+00  1.25144994E+00  1.24485421E+00  1.23433411E+00  1.17415142E+00
  1.17471647E+00  1.17646623E+00  1.18045151E+00  1.18430889E+00  1.18591630E+00
  1.22496498E+00  1.20767796E+00  1.18847883E+00  1.17452157E+00  1.15902591E+00
  1.14089227E+00  1.12804615E+00  1.12240958E+00  1.12189484E+00  1.12194192E+00
  1.12230706E+00  1.12327445E+00  1.12340534E+00  1.12358546E+00  1.10580528E+00
  1.07844222E+00  1.04652548E+00  1.01240623E+00  9.77511287E-01  9.43449318E-01
  9.10608649E-01  8.79538596E-01  8.51053894E-01  8.25254619E-01  8.02329481E-01
  7.82447517E-01  7.65935719E-01  7.52353728E-01  7.22695172E-01
     2  'FLUX 15     '       2      64
  1.13464046E+00  1.13386071E+00  1.13546145E+00  1.13946056E+00  1.14440739E+00
  1.14491367E+00  1.14984727E+00  1.12597442E+00  1.12700975E+00  1.12895823E+00
  1.13308227E+00  1.13765669E+00  1.13989544E+00  1.15112674E+00  1.14881456E+00
  1.14681685E+00  1.14945149E+00  1.14462423E+00  1.10654044E+00  1.10760069E+00
  1.10963774E+00  1.11392939E+00  1.11880338E+00  1.12034130E+00  1.13946831E+00
  1.13159060E+00  1.12510812E+00  1.12238729E+00  1.11641145E+00  1.07470405E+00
  1.07544434E+00  1.07734072E+00  1.08138371E+00  1.08532143E+00  1.08698952E+00
  1.11097288E+00  1.10029280E+00  1.08913922E+00  1.08258510E+00  1.07467115E+00
  1.06333959E+00  1.05512798E+00  1.05239272E+00  1.05261242E+00  1.05308962E+00
  1.05387652E+00  1.05473685E+00  1.05522025E+00  1.05812371E+00  1.04790604E+00
  1.02927864E+00  1.00621784E+00  9.80655134E-01  9.53829527E-01  9.27081466E-01
  9.00869310E-01  8.75728846E-01  8.52399945E-01  8.31054568E-01  8.11917484E-01
  7.95187056E-01  7.81180859E-01  7.69560337E-01  7.44219124E-01
     2  'FLUX 16     '       2      64
  9.35223281E-01  9.34618890E-01  9.35907304E-01  9.39239025E-01  9.43317354E-01
  9.43713605E-01  9.47238266E-01  9.30799127E-01  9.31583941E-01  9.33199108E-01
  9.36636269E-01  9.40576971E-01  9.42146957E-01  9.48431492E-01  9.47397113E-01
  9.46691334E-01  9.49794352E-01  9.47035491E-01  9.22079504E-01  9.22971427E-01
  9.24715221E-01  9.28349435E-01  9.32399809E-01  9.33699369E-01  9.44111407E-01
  9.39737439E-01  9.36932623E-01  9.36812639E-01  9.34098244E-01  9.08493936E-01
  9.09201741E-01  9.10916984E-01  9.14464414E-01  9.17942166E-01  9.19361413E-01
  9.31486130E-01  9.26029027E-01  9.21052992E-01  9.19562578E-01  9.16671872E-01
  9.11068916E-01  9.07795012E-01  9.07596350E-01  9.08167720E-01  9.08809721E-01
  9.09711778E-01  9.10439312E-01  9.11307037E-01  9.14939165E-01  9.09747720E-01
  8.98111701E-01  8.82821202E-01  8.65280092E-01  8.46430123E-01  8.27267528E-01
  8.08210552E-01  7.89707303E-01  7.72350311E-01  7.56324053E-01  7.41841376E-01
  7.29089022E-01  7.18336701E-01  7.09348440E-01  6.89779758E-01
     2  'FLUX 17     '       2      64
  8.38293433E-01  8.37276399E-01  8.38562608E-01  8.41704726E-01  8.45357418E-01
  8.45813751E-01  8.49749744E-01  8.36357296E-01  8.37099433E-01  8.38666201E-01
  8.42003465E-01  8.45561564E-01  8.46974492E-01  8.51298809E-01  8.51271212E-01
  8.51652324E-01  8.56283844E-01  8.54737341E-01  8.35302353E-01  8.36222529E-01
  8.38015974E-01  8.41648102E-01  8.45264912E-01  8.46742988E-01  8.52890849E-01
  8.50405395E-01  8.50337803E-01  8.52787197E-01  8.52318466E-01  8.34261239E-01
  8.35029840E-01  8.36820066E-01  8.40374827E-01  8.43591034E-01  8.45142365E-01
  8.51439118E-01  8.48896682E-01  8.47983241E-01  8.50220382E-01  8.49555731E-01
  8.44764352E-01  8.45928907E-01  8.51118386E-01  8.52821827E-01  8.54018688E-01
  8.55209649E-01  8.55520308E-01  8.56845737E-01  8.67395163E-01  8.69204998E-01
  8.63769829E-01  8.54301870E-01  8.42242837E-01  8.28540206E-01  8.14072609E-01
  7.99319744E-01  7.84721673E-01  7.70813525E-01  7.57814229E-01  7.45946765E-01
  7.35404611E-01  7.26438344E-01  7.18874454E-01  7.02453494E-01
     2  'FLUX 18     '       2      64
  8.06131423E-01  8.05852771E-01  8.06975543E-01  8.10278773E-01  8.14276159E-01
  8.14544857E-01  8.16664457E-01  8.06445956E-01  8.07038784E-01  8.08579385E-01
  8.11920583E-01  8.16156268E-01  8.17115009E-01  8.17957878E-01  8.18229377E-01
  8.18990886E-01  8.23203266E-01  8.22508872E-01  8.09658825E-01  8.10518205E-01
  8.12260568E-01  8.15863252E-01  8.19915593E-01  8.21098685E-01  8.21965158E-01
  8.21327209E-01  8.22616339E-01  8.25684547E-01  8.26586008E-01  8.17130387E-01
  8.17950189E-01  8.19809198E-01  8.23541760E-01  8.27352822E-01  8.28664482E-01
  8.27152014E-01  8.27559352E-01  8.29600871E-01  8.34419191E-01  8.38049114E-01
  8.39845598E-01  8.41708243E-01  8.43478322E-01  8.44355881E-01  8.45247447E-01
  8.46476853E-01  8.47410083E-01  8.48927855E-01  8.51620734E-01  8.50916505E-01
  8.46122384E-01  8.38532507E-01  8.28972220E-01  8.18069398E-01  8.06468368E-01
  7.94544339E-01  7.82654941E-01  7.71243811E-01  7.60508180E-01  7.50648797E-01
  7.41842508E-01  7.34311998E-01  7.27925122E-01  7.14071155E-01
     2  'FLUX 19     '       2      64
  7.47524619E-01  7.47046351E-01  7.48188794E-01  7.51605630E-01  7.55589366E-01
  7.55837262E-01  7.58238912E-01  7.49267936E-01  7.49832213E-01  7.51419783E-01
  7.54910052E-01  7.59251952E-01  7.60108650E-01  7.59824574E-01  7.60581911E-01
  7.61993468E-01  7.67358422E-01  7.67242134E-01  7.56930172E-01  7.57855415E-01
  7.59747982E-01  7.63603747E-01  7.67702043E-01  7.69008398E-01  7.67318070E-01
  7.67781973E-01  7.70716965E-01  7.75452554E-01  7.77718902E-01  7.72272468E-01
  7.73190200E-01  7.75238216E-01  7.79286981E-01  7.83256054E-01  7.84682333E-01
  7.79359698E-01  7.81606436E-01  7.86205471E-01  7.93679535E-01  7.99094260E-01
  8.01229715E-01  8.04642797E-01  8.08756590E-01  8.10338140E-01  8.11620712E-01
  8.13172936E-01  8.13972712E-01  8.15499604E-01  8.21386456E-01  8.24518085E-01
  8.23233247E-01  8.19074094E-01  8.12871158E-01  8.05233717E-01  7.96712220E-01
  7.87693441E-01  7.78508782E-01  7.69544601E-01  7.61003017E-01  7.53076315E-01
  7.45933235E-01  7.39772916E-01  7.34502375E-01  7.23096609E-01
     2  'FLUX 20     '       2      64
  1.34987843E+00  1.34890866E+00  1.35129917E+00  1.35848558E+00  1.36669254E+00
  1.36725914E+00  1.37201655E+00  1.35757935E+00  1.35865724E+00  1.36196268E+00
  1.36928606E+00  1.37843716E+00  1.37994039E+00  1.37570620E+00  1.37850308E+00
  1.38268721E+00  1.39567637E+00  1.39715648E+00  1.38404012E+00  1.38601160E+00
  1.39008248E+00  1.39832079E+00  1.40683925E+00  1.40976250E+00  1.39909673E+00
  1.40295851E+00  1.41287374E+00  1.42606246E+00  1.43394566E+00  1.43465602E+00
  1.43672132E+00  1.44124663E+00  1.45006037E+00  1.45860708E+00  1.46178472E+00
  1.44006646E+00  1.44954932E+00  1.46533120E+00  1.48681295E+00  1.50351059E+00
  1.51280689E+00  1.52439427E+00  1.53607786E+00  1.53993893E+00  1.54287219E+00
  1.54619658E+00  1.54753661E+00  1.55079114E+00  1.56634843E+00  1.57933486E+00
  1.58429921E+00  1.58393335E+00  1.57964325E+00  1.57247603E+00  1.56324220E+00
  1.55268812E+00  1.54137838E+00  1.52991462E+00  1.51868677E+00  1.50804019E+00
  1.49827325E+00  1.48970819E+00  1.48225677E+00  1.46622157E+00
     2  'FLUX 21     '       2      64
  1.21455956E+00  1.21286356E+00  1.21505654E+00  1.22149646E+00  1.22859120E+00
  1.22920585E+00  1.23402429E+00  1.22438216E+00  1.22536993E+00  1.22846019E+00
  1.23522019E+00  1.24326575E+00  1.24445856E+00  1.23779869E+00  1.24185979E+00
  1.24729991E+00  1.26116836E+00  1.26402318E+00  1.25907481E+00  1.26096928E+00
  1.26487541E+00  1.27259791E+00  1.27998221E+00  1.28290665E+00  1.26720095E+00
  1.27327418E+00  1.28618252E+00  1.30183864E+00  1.31217349E+00  1.32293451E+00
  1.32498646E+00  1.32937610E+00  1.33766758E+00  1.34532452E+00  1.34844148E+00
  1.32007515E+00  1.33279836E+00  1.35330462E+00  1.37850034E+00  1.39674604E+00
  1.40584481E+00  1.42268980E+00  1.44119275E+00  1.44651258E+00  1.45000052E+00
  1.45345461E+00  1.45402598E+00  1.45733643E+00  1.48135746E+00  1.50314796E+00
  1.51631248E+00  1.52406132E+00  1.52780855E+00  1.52855575E+00  1.52689493E+00
  1.52358329E+00  1.51911056E+00  1.51392043E+00  1.50839257E+00  1.50283206E+00
  1.49749649E+00  1.49262762E+00  1.48822987E+00  1.47891653E+00
     2  'FLUX 22     '       2      64
  8.11087430E-01  8.09991121E-01  8.11993539E-01  8.18849683E-01  8.26521933E-01
  8.27030718E-01  8.30628753E-01  8.21097672E-01  8.21984947E-01  8.25189531E-01
  8.32237542E-01  8.41350079E-01  8.42365801E-01  8.34194005E-01  8.37977171E-01
  8.43313277E-01  8.56552660E-01  8.59346628E-01  8.55808973E-01  8.57728601E-01
  8.61766219E-01  8.69857967E-01  8.78228903E-01  8.81031573E-01  8.63030910E-01
  8.69726539E-01  8.82742822E-01  8.98241818E-01  9.08893764E-01  9.22697067E-01
  9.24955368E-01  9.29751277E-01  9.38943148E-01  9.47952688E-01  9.51107800E-01
  9.17394161E-01  9.31681216E-01  9.53885734E-01  9.81301069E-01  1.00424707E+00
  1.01993322E+00  1.03431690E+00  1.04603994E+00  1.04964399E+00  1.05236781E+00
  1.05544770E+00  1.05654275E+00  1.05961466E+00  1.07332456E+00  1.09019494E+00
  1.10252380E+00  1.11143458E+00  1.11763322E+00  1.12170422E+00  1.12392390E+00
  1.12482154E+00  1.12470555E+00  1.12381923E+00  1.12242961E+00  1.12073731E+00
  1.11890900E+00  1.11708236E+00  1.11530149E+00  1.11165905E+00
     2  'FLUX 23     '       2      64
  5.31397521E-01  5.30890226E-01  5.32060206E-01  5.36047220E-01  5.40438652E-01
  5.40734410E-01  5.42644083E-01  5.38721263E-01  5.39197683E-01  5.41044176E-01
  5.45116007E-01  5.50409913E-01  5.50873518E-01  5.44825137E-01  5.47385633E-01
  5.50868690E-01  5.59094310E-01  5.61324954E-01  5.62232137E-01  5.63350797E-01
  5.65710604E-01  5.70413709E-01  5.75210094E-01  5.76873362E-01  5.64068198E-01
  5.68890154E-01  5.77590764E-01  5.87582648E-01  5.94781995E-01  6.06850564E-01
  6.08189762E-01  6.11007214E-01  6.16367757E-01  6.21594548E-01  6.23457074E-01
  6.00609899E-01  6.10400796E-01  6.25060201E-01  6.42667294E-01  6.57668531E-01
  6.68306947E-01  6.77813709E-01  6.85302556E-01  6.87549472E-01  6.89242661E-01
  6.91143453E-01  6.91785097E-01  6.93688273E-01  7.02360332E-01  7.13599026E-01
  7.22305596E-01  7.29015350E-01  7.34092355E-01  7.37858415E-01  7.40434408E-01
  7.42141366E-01  7.43155420E-01  7.43600965E-01  7.43641317E-01  7.43395090E-01
  7.42959380E-01  7.42407799E-01  7.41782844E-01  7.40578651E-01
     2  'FLUX 24     '       2      64
  5.32724142E-01  5.30919611E-01  5.32870412E-01  5.40201962E-01  5.48428059E-01
  5.48974872E-01  5.52773178E-01  5.42080700E-01  5.43025315E-01  5.46555161E-01
  5.54276288E-01  5.64311862E-01  5.65407634E-01  5.56502581E-01  5.60768247E-01
  5.66777825E-01  5.80880642E-01  5.83538353E-01  5.79540372E-01  5.81665874E-01
  5.86190104E-01  5.95246315E-01  6.04631424E-01  6.07689142E-01  5.87519765E-01
  5.94998896E-01  6.09560311E-01  6.26701951E-01  6.38487041E-01  6.53780878E-01
  6.56455278E-01  6.62106812E-01  6.72897100E-01  6.83494627E-01  6.87114298E-01
  6.47807479E-01  6.64085090E-01  6.90172136E-01  7.22147703E-01  7.48656988E-01
  7.66401768E-01  7.82294273E-01  7.94859648E-01  7.98643053E-01  8.01481128E-01
  8.04665804E-01  8.05743635E-01  8.08958411E-01  8.23363483E-01  8.41611803E-01
  8.55808198E-01  8.67012262E-01  8.75840962E-01  8.82793188E-01  8.88020873E-01
  8.91992807E-01  8.94942999E-01  8.97008359E-01  8.98409307E-01  8.99294734E-01
  8.99782777E-01  8.99947941E-01  8.99864316E-01  8.99933934E-01
     2  'FLUX 25     '       2      64
  4.50780660E-01  4.49024349E-01  4.51155365E-01  4.59281206E-01  4.68438208E-01
  4.69058394E-01  4.73321408E-01  4.61907417E-01  4.62817997E-01  4.66578573E-01
  4.75084484E-01  4.86284077E-01  4.87532496E-01  4.77668583E-01  4.82298732E-01
  4.88655746E-01  5.04997909E-01  5.07949412E-01  5.03371060E-01  5.05726337E-01
  5.10787249E-01  5.21047115E-01  5.31760275E-01  5.35327375E-01  5.12443185E-01
  5.20890057E-01  5.37557542E-01  5.57128251E-01  5.70418537E-01  5.87536454E-01
  5.90599656E-01  5.97117722E-01  6.09677196E-01  6.22111082E-01  6.26465917E-01
  5.81114829E-01  5.99922061E-01  6.29961669E-01  6.67243898E-01  6.98606730E-01
  7.20319510E-01  7.39743233E-01  7.54948914E-01  7.59487450E-01  7.62886643E-01
  7.66688943E-01  7.67950773E-01  7.71817386E-01  7.89238274E-01  8.11546624E-01
  8.29179347E-01  8.43377352E-01  8.54856670E-01  8.64192009E-01  8.71526957E-01
  8.77400815E-01  8.82065654E-01  8.85646045E-01  8.88385177E-01  8.90437961E-01
  8.91924500E-01  8.92906845E-01  8.93483698E-01  8.95042717E-01
     2  'FLUX 26     '       2      64
  5.34530222E-01  5.34702361E-01  5.35312116E-01  5.37395120E-01  5.39442837E-01
  5.39595306E-01  5.39824963E-01  5.44035614E-01  5.44150949E-01  5.45109630E-01
  5.47187269E-01  5.50016582E-01  5.49741149E-01  5.41318953E-01  5.44148743E-01
  5.47634304E-01  5.53792834E-01  5.57447672E-01  5.69767118E-01  5.70369720E-01
  5.71659267E-01  5.74099004E-01  5.76347351E-01  5.77321708E-01  5.61335862E-01
  5.67582369E-01  5.76458454E-01  5.85541308E-01  5.93468070E-01  6.16171062E-01
  6.17001891E-01  6.18610740E-01  6.21489942E-01  6.24207497E-01  6.25254929E-01
  6.00210369E-01  6.11347377E-01  6.26032293E-01  6.41919971E-01  6.56289279E-01
  6.67650878E-01  6.77649856E-01  6.85250878E-01  6.87391400E-01  6.88946247E-01
  6.90616667E-01  6.91063702E-01  6.92705214E-01  7.00970173E-01  7.13705480E-01
  7.24965036E-01  7.34679103E-01  7.42967427E-01  7.50017822E-01  7.55810380E-01
  7.60633945E-01  7.64616668E-01  7.67806947E-01  7.70356178E-01  7.72360384E-01
  7.73895800E-01  7.74998724E-01  7.75752008E-01  7.77563751E-01
     2  'FLUX 27     '       2      64
  6.36938751E-01  6.33733034E-01  6.36999547E-01  6.50324285E-01  6.65419400E-01
  6.66449189E-01  6.73367739E-01  6.54912114E-01  6.56237483E-01  6.62312984E-01
  6.76342249E-01  6.95075214E-01  6.97140276E-01  6.80634558E-01  6.88361585E-01
  6.98762774E-01  7.26201653E-01  7.30804920E-01  7.23474741E-01  7.27379739E-01
  7.35869467E-01  7.53233790E-01  7.71511495E-01  7.77573645E-01  7.38389373E-01
  7.52826929E-01  7.81371474E-01  8.14550757E-01  8.36955130E-01  8.66258144E-01
  8.71599615E-01  8.82988334E-01  9.05039251E-01  9.27036464E-01  9.34727550E-01
  8.55118692E-01  8.87829244E-01  9.40584898E-01  1.00614560E+00  1.06157207E+00
  1.10052598E+00  1.13524914E+00  1.16218221E+00  1.17010498E+00  1.17602050E+00
  1.18256533E+00  1.18464005E+00  1.19130695E+00  1.22163284E+00  1.26169050E+00
  1.29444551E+00  1.32172680E+00  1.34460461E+00  1.36395824E+00  1.37989438E+00
  1.39329469E+00  1.40452969E+00  1.41371727E+00  1.42124522E+00  1.42734230E+00
  1.43217790E+00  1.43580484E+00  1.43843019E+00  1.44469821E+00
     2  'FLUX 28     '       2      64
  2.02594638E-01  2.02713028E-01  2.02912599E-01  2.03569368E-01  2.04113275E-01
  2.04158738E-01  2.04033226E-01  2.07170501E-01  2.07196489E-01  2.07528725E-01
  2.08181545E-01  2.09052637E-01  2.08806992E-01  2.04589754E-01  2.05949053E-01
  2.07612768E-01  2.10051939E-01  2.11950853E-01  2.19477266E-01  2.19681010E-01
  2.20113844E-01  2.20851555E-01  2.21404433E-01  2.21718252E-01  2.13897318E-01
  2.16976583E-01  2.21059754E-01  2.25070044E-01  2.28848979E-01  2.41220802E-01
  2.41515204E-01  2.42036149E-01  2.42870554E-01  2.43571013E-01  2.43865073E-01
  2.32075498E-01  2.37376973E-01  2.44096175E-01  2.50968218E-01  2.57238150E-01
  2.62248665E-01  2.66703457E-01  2.70086020E-01  2.71018505E-01  2.71670878E-01
  2.72359699E-01  2.72493750E-01  2.73145020E-01  2.76724517E-01  2.82641739E-01
  2.88120031E-01  2.93011457E-01  2.97322214E-01  3.01109731E-01  3.04336190E-01
  3.07122231E-01  3.09513450E-01  3.11513871E-01  3.13185871E-01  3.14565957E-01
  3.15681458E-01  3.16538692E-01  3.17182064E-01  3.18668664E-01
     2  'FLUX 29     '       2      64
  2.67800510E-01  2.67924398E-01  2.68053651E-01  2.68649429E-01  2.69166768E-01
  2.69208759E-01  2.68958926E-01  2.72368729E-01  2.72337794E-01  2.72605091E-01
  2.73191601E-01  2.74083734E-01  2.73819029E-01  2.69492477E-01  2.70847529E-01
  2.72451758E-01  2.74836093E-01  2.76716292E-01  2.84504741E-01  2.84680903E-01
  2.85071641E-01  2.85791636E-01  2.86418378E-01  2.86735922E-01  2.78716594E-01
  2.81874716E-01  2.86020547E-01  2.90024191E-01  2.93793052E-01  3.06187034E-01
  3.06493402E-01  3.07046950E-01  3.08007866E-01  3.08936119E-01  3.09294313E-01
  2.97032326E-01  3.02463531E-01  3.09449524E-01  3.16704750E-01  3.23447704E-01
  3.29059839E-01  3.33858281E-01  3.37373972E-01  3.38330328E-01  3.38999510E-01
  3.39715272E-01  3.39851379E-01  3.40541780E-01  3.44163209E-01  3.50435853E-01
  3.56404930E-01  3.61840218E-01  3.66709143E-01  3.71047258E-01  3.74792457E-01
  3.78063232E-01  3.80899966E-01  3.83297503E-01  3.85320127E-01  3.87004316E-01
  3.88377726E-01  3.89444262E-01  3.90255719E-01  3.92112225E-01
     2  'FLUX 30     '       2      64
  2.61706948E-01  2.61815578E-01  2.61831015E-01  2.62038827E-01  2.62135029E-01
  2.62147635E-01  2.61773020E-01  2.65214980E-01  2.65152872E-01  2.65250802E-01
  2.65452325E-01  2.65818864E-01  2.65535384E-01  2.62073904E-01  2.63119936E-01
  2.64332443E-01  2.65820146E-01  2.67354876E-01  2.74426252E-01  2.74497300E-01
  2.74662584E-01  2.74929225E-01  2.75087506E-01  2.75236517E-01  2.68957347E-01
  2.71453679E-01  2.74537832E-01  2.77385175E-01  2.80249804E-01  2.90549636E-01
  2.90720403E-01  2.90992707E-01  2.91417480E-01  2.91809410E-01  2.91972995E-01
  2.82714814E-01  2.86842704E-01  2.92012721E-01  2.97157526E-01  3.01981539E-01
  3.06032836E-01  3.09509337E-01  3.12058926E-01  3.12736034E-01  3.13195497E-01
  3.13669115E-01  3.13728243E-01  3.14167529E-01  3.16739649E-01  3.21516871E-01
  3.26241016E-01  3.30646425E-01  3.34664792E-01  3.38297546E-01  3.41475904E-01
  3.44281912E-01  3.46739292E-01  3.48835498E-01  3.50618571E-01  3.52114737E-01
  3.53343964E-01  3.54306906E-01  3.55047911E-01  3.56728584E-01
     2  'FLUX 31     '       2      64
  4.37708765E-01  4.37845737E-01  4.37880993E-01  4.38231200E-01  4.38450187E-01
  4.38472331E-01  4.37996954E-01  4.42510456E-01  4.42428321E-01  4.42585260E-01
  4.42928523E-01  4.43529367E-01  4.43161517E-01  4.38437760E-01  4.39873457E-01
  4.41533118E-01  4.43666756E-01  4.45752591E-01  4.55182761E-01  4.55297470E-01
  4.55562890E-01  4.56019908E-01  4.56347823E-01  4.56583619E-01  4.47951853E-01
  4.51386362E-01  4.55677032E-01  4.59662586E-01  4.63609785E-01  4.77465093E-01
  4.77722138E-01  4.78150159E-01  4.78849620E-01  4.79515910E-01  4.79782104E-01
  4.67003882E-01  4.72699285E-01  4.79879677E-01  4.87092227E-01  4.93832171E-01
  4.99472201E-01  5.04285514E-01  5.07791460E-01  5.08707643E-01  5.09336591E-01
  5.09965301E-01  5.10034084E-01  5.10620892E-01  5.14120817E-01  5.20808816E-01
  5.27550757E-01  5.33932984E-01  5.39830625E-01  5.45223475E-01  5.49994767E-01
  5.54247558E-01  5.58005214E-01  5.61238766E-01  5.64011157E-01  5.66355169E-01
  5.68295300E-01  5.69828212E-01  5.71020186E-01  5.73703289E-01
     2  'FLUX 32     '       2      64
  1.91669926E-01  1.91710442E-01  1.91764608E-01  1.92006156E-01  1.92213833E-01
  1.92231551E-01  1.92139089E-01  1.93610787E-01  1.93595871E-01  1.93702951E-01
  1.93942696E-01  1.94303334E-01  1.94190413E-01  1.92366824E-01  1.92946777E-01
  1.93627238E-01  1.94640085E-01  1.95452899E-01  1.98788568E-01  1.98861971E-01
  1.99024662E-01  1.99325070E-01  1.99577630E-01  1.99714154E-01  1.96312383E-01
  1.97667480E-01  1.99440211E-01  2.01147303E-01  2.02752516E-01  2.07948014E-01
  2.08074987E-01  2.08304420E-01  2.08701909E-01  2.09080279E-01  2.09230363E-01
  2.04125732E-01  2.06413180E-01  2.09343567E-01  2.12367892E-01  2.15136632E-01
  2.17376843E-01  2.19356611E-01  2.20851049E-01  2.21243411E-01  2.21509829E-01
  2.21775889E-01  2.21802101E-01  2.22044095E-01  2.23576784E-01  2.26366043E-01
  2.29151264E-01  2.31789976E-01  2.34236538E-01  2.36483112E-01  2.38480553E-01
  2.40269318E-01  2.41857171E-01  2.43230104E-01  2.44412601E-01  2.45416701E-01
  2.46251404E-01  2.46914268E-01  2.47432709E-01  2.48595282E-01
     2  'FLUX 33     '       2      64
  1.61760807E-01  1.61774099E-01  1.61898673E-01  1.62357762E-01  1.62843168E-01
  1.62878051E-01  1.62966758E-01  1.63483188E-01  1.63503319E-01  1.63700908E-01
  1.64159581E-01  1.64802700E-01  1.64780051E-01  1.63275003E-01  1.63791671E-01
  1.64418787E-01  1.65659845E-01  1.66298851E-01  1.68224245E-01  1.68352470E-01
  1.68631092E-01  1.69187993E-01  1.69743404E-01  1.69961900E-01  1.67011380E-01
  1.68168038E-01  1.69869453E-01  1.71631485E-01  1.73103198E-01  1.76932722E-01
  1.77112788E-01  1.77475646E-01  1.78156853E-01  1.78833291E-01  1.79084048E-01
  1.74354419E-01  1.76448300E-01  1.79281354E-01  1.82430878E-01  1.85254380E-01
  1.87471256E-01  1.89418897E-01  1.90885529E-01  1.91280305E-01  1.91556945E-01
  1.91845670E-01  1.91894352E-01  1.92168757E-01  1.93716407E-01  1.96328327E-01
  1.98848799E-01  2.01200128E-01  2.03361332E-01  2.05336124E-01  2.07086459E-01
  2.08651811E-01  2.10040614E-01  2.11241454E-01  2.12276250E-01  2.13155657E-01
  2.13887423E-01  2.14469090E-01  2.14924335E-01  2.15945870E-01
     2  'FLUX 34     '       2      64
  3.18733901E-02  3.18736732E-02  3.18963565E-02  3.19759995E-02  3.20561826E-02
  3.20622176E-02  3.20787765E-02  3.22076567E-02  3.22116129E-02  3.22471187E-02
  3.23271193E-02  3.24358381E-02  3.24286297E-02  3.21357287E-02  3.22375149E-02
  3.23617123E-02  3.25931758E-02  3.27207893E-02  3.31329070E-02  3.31559740E-02
  3.32058482E-02  3.33026126E-02  3.33933346E-02  3.34319584E-02  3.28596048E-02
  3.30851860E-02  3.34128365E-02  3.37488763E-02  3.40344869E-02  3.48111838E-02
  3.48433591E-02  3.49071026E-02  3.50237414E-02  3.51353325E-02  3.51779610E-02
  3.42753939E-02  3.46773192E-02  3.52175571E-02  3.58067751E-02  3.63297462E-02
  3.67311686E-02  3.70949768E-02  3.73764001E-02  3.74522693E-02  3.75043191E-02
  3.75574455E-02  3.75641957E-02  3.76132242E-02  3.79141755E-02  3.84159088E-02
  3.89000028E-02  3.93523090E-02  3.97687815E-02  4.01499607E-02  4.04884070E-02
  4.07915488E-02  4.10608873E-02  4.12941314E-02  4.14953902E-02  4.16666530E-02
  4.18093503E-02  4.19229455E-02  4.20120135E-02  4.22115959E-02
     2  'FLUX 35     '       2      64
  3.12552191E-02  3.12547274E-02  3.12811323E-02  3.13755199E-02  3.14749666E-02
  3.14821377E-02  3.15062068E-02  3.15870792E-02  3.15924995E-02  3.16337794E-02
  3.17284539E-02  3.18584554E-02  3.18558849E-02  3.15687731E-02  3.16699147E-02
  3.17941234E-02  3.20438407E-02  3.21653374E-02  3.25138122E-02  3.25403996E-02
  3.25979218E-02  3.27121988E-02  3.28249559E-02  3.28692980E-02  3.23011130E-02
  3.25234719E-02  3.28571349E-02  3.32056396E-02  3.34923565E-02  3.42174508E-02
  3.42537984E-02  3.43274176E-02  3.44652683E-02  3.46005596E-02  3.46508734E-02
  3.37342769E-02  3.41396593E-02  3.46938446E-02  3.53124104E-02  3.58607508E-02
  3.62821221E-02  3.66585329E-02  3.69465314E-02  3.70247848E-02  3.70790064E-02
  3.71352360E-02  3.71444300E-02  3.71979028E-02  3.75047140E-02  3.80119160E-02
  3.84979136E-02  3.89502123E-02  3.93656120E-02  3.97451967E-02  4.00818437E-02
  4.03831638E-02  4.06507701E-02  4.08824347E-02  4.10823002E-02  4.12523635E-02
  4.13940661E-02  4.15068567E-02  4.15952653E-02  4.17935885E-02
     2  'FLUX 36     '       2      64
  3.20055261E-02  3.20048966E-02  3.20338793E-02  3.21372151E-02  3.22475694E-02
  3.22554447E-02  3.22840549E-02  3.23464461E-02  3.23527344E-02  3.23976539E-02
  3.25012654E-02  3.26436497E-02  3.26430574E-02  3.23509648E-02  3.24546620E-02
  3.25823538E-02  3.28473262E-02  3.29699963E-02  3.33002955E-02  3.33291627E-02
  3.33915651E-02  3.35164927E-02  3.36414464E-02  3.36895473E-02  3.31082158E-02
  3.33352350E-02  3.36805619E-02  3.40442993E-02  3.43396068E-02  3.50619741E-02
  3.51010449E-02  3.51807699E-02  3.53311412E-02  3.54797170E-02  3.55346613E-02
  3.45889069E-02  3.50066125E-02  3.55808996E-02  3.62279639E-02  3.68010662E-02
  3.72411795E-02  3.76332402E-02  3.79327610E-02  3.80135812E-02  3.80709805E-02
  3.81298363E-02  3.81396823E-02  3.81961130E-02  3.85166779E-02  3.90421748E-02
  3.95436510E-02  4.00094539E-02  4.04368117E-02  4.08270918E-02  4.11730893E-02
  4.14827392E-02  4.17577438E-02  4.19958159E-02  4.22012508E-02  4.23760712E-02
  4.25217673E-02  4.26377617E-02  4.27286923E-02  4.29327004E-02
     2  'FLUX 37     '       2      64
  3.31635065E-02  3.31640393E-02  3.31915282E-02  3.32874656E-02  3.33876908E-02
  3.33949998E-02  3.34195867E-02  3.35116722E-02  3.35173383E-02  3.35595571E-02
  3.36557068E-02  3.37869003E-02  3.37834880E-02  3.34840156E-02  3.35893594E-02
  3.37187648E-02  3.39759365E-02  3.41045707E-02  3.44777331E-02  3.45048793E-02
  3.45634371E-02  3.46790999E-02  3.47919501E-02  3.48371379E-02  3.42465788E-02
  3.44783068E-02  3.48235294E-02  3.51838320E-02  3.54822613E-02  3.62450704E-02
  3.62819321E-02  3.63563001E-02  3.64948623E-02  3.66299935E-02  3.66806164E-02
  3.57343554E-02  3.61545272E-02  3.67250405E-02  3.73593904E-02  3.79226096E-02
  3.83563153E-02  3.87441292E-02  3.90404053E-02  3.91207673E-02  3.91765572E-02
  3.92343141E-02  3.92432250E-02  3.92977670E-02  3.96129526E-02  4.01382968E-02
  4.06435207E-02  4.11146842E-02  4.15481217E-02  4.19447124E-02  4.22968715E-02
  4.26124260E-02  4.28929478E-02  4.31360453E-02  4.33459617E-02  4.35247384E-02
  4.36738096E-02  4.37925979E-02  4.38858308E-02  4.40946706E-02
     2  'FLUX 38     '       2      64
  3.27107348E-02  3.27118747E-02  3.27401087E-02  3.28389853E-02  3.29437330E-02
  3.29512656E-02  3.29773054E-02  3.30526195E-02  3.30585986E-02  3.31017636E-02
  3.32006887E-02  3.33364308E-02  3.33345570E-02  3.30422297E-02  3.31451409E-02
  3.32717523E-02  3.35293971E-02  3.36541235E-02  3.40000428E-02  3.40277031E-02
  3.40873823E-02  3.42062227E-02  3.43241282E-02  3.43702547E-02  3.37927043E-02
  3.40189300E-02  3.43585946E-02  3.47153507E-02  3.50082442E-02  3.57386097E-02
  3.57759520E-02  3.58517878E-02  3.59941758E-02  3.61343920E-02  3.61864977E-02
  3.52560319E-02  3.56686972E-02  3.62307690E-02  3.68605815E-02  3.74204591E-02
  3.78526747E-02  3.82358842E-02  3.85265797E-02  3.86052914E-02  3.86604778E-02
  3.87172922E-02  3.87263298E-02  3.87808122E-02  3.90913002E-02  3.96088473E-02
  4.01062295E-02  4.05699164E-02  4.09964435E-02  4.13867198E-02  4.17333506E-02
  4.20440137E-02  4.23202515E-02  4.25597057E-02  4.27665412E-02  4.29427437E-02
  4.30897325E-02  4.32069078E-02  4.32989374E-02  4.35048155E-02
     2  'FLUX 39     '       2      64
  3.27231400E-02  3.27257439E-02  3.27490009E-02  3.28286365E-02  3.29092629E-02
  3.29153053E-02  3.29313464E-02  3.30553800E-02  3.30596603E-02  3.30951884E-02
  3.31748016E-02  3.32831368E-02  3.32762636E-02  3.29875574E-02  3.30871679E-02
  3.32090035E-02  3.34362909E-02  3.35633121E-02  3.39654088E-02  3.39882337E-02
  3.40373479E-02  3.41326781E-02  3.42227481E-02  3.42607796E-02  3.37003097E-02
  3.39214690E-02  3.42407674E-02  3.45695354E-02  3.48499119E-02  3.56082954E-02
  3.56396437E-02  3.57017070E-02  3.58154625E-02  3.59248817E-02  3.59664559E-02
  3.50872874E-02  3.54801565E-02  3.60040069E-02  3.65760885E-02  3.70870493E-02
  3.74836847E-02  3.78368683E-02  3.81052010E-02  3.81771773E-02  3.82268503E-02
  3.82778235E-02  3.82851250E-02  3.83332334E-02  3.86151262E-02  3.91011722E-02
  3.95753942E-02  4.00208384E-02  4.04325835E-02  4.08106185E-02  4.11473215E-02
  4.14496809E-02  4.17189859E-02  4.19527553E-02  4.21549194E-02  4.23273295E-02
  4.24712859E-02  4.25861850E-02  4.26765680E-02  4.28783000E-02
     2  'FLUX 40     '       2      64
  3.36676016E-02  3.36705185E-02  3.36948261E-02  3.37788947E-02  3.38652730E-02
  3.38716656E-02  3.38888504E-02  3.40052918E-02  3.40098031E-02  3.40469927E-02
  3.41309048E-02  3.42458934E-02  3.42398509E-02  3.39470170E-02  3.40480618E-02
  3.41715924E-02  3.44060920E-02  3.45340222E-02  3.49297002E-02  3.49535309E-02
  3.50048281E-02  3.51052359E-02  3.52017507E-02  3.52415666E-02  3.46728042E-02
  3.48969549E-02  3.52223478E-02  3.55585180E-02  3.58432718E-02  3.66011411E-02
  3.66337374E-02  3.66986282E-02  3.68184820E-02  3.69349197E-02  3.69788334E-02
  3.60844769E-02  3.64838243E-02  3.70177664E-02  3.76039147E-02  3.81268747E-02
  3.85321379E-02  3.88924293E-02  3.91658470E-02  3.92393842E-02  3.92901562E-02
  3.93420309E-02  3.93485874E-02  3.93975489E-02  3.96877304E-02  4.01848927E-02
  4.06693369E-02  4.11243662E-02  4.15450931E-02  4.19315025E-02  4.22758088E-02
  4.25851382E-02  4.28607576E-02  4.31001261E-02  4.33072113E-02  4.34838831E-02
  4.36314605E-02  4.37492952E-02  4.38420326E-02  4.40489762E-02
     2  'FLUX 41     '       2      64
  3.20948325E-02  3.20987478E-02  3.21180448E-02  3.21839005E-02  3.22485939E-02
  3.22535150E-02  3.22618075E-02  3.24077234E-02  3.24107073E-02  3.24404426E-02
  3.25060450E-02  3.25956233E-02  3.25861946E-02  3.23104002E-02  3.24037932E-02
  3.25173736E-02  3.27170379E-02  3.28398682E-02  3.32565419E-02  3.32755670E-02
  3.33165042E-02  3.33946124E-02  3.34662423E-02  3.34980153E-02  3.29704285E-02
  3.31794545E-02  3.34730111E-02  3.37709226E-02  3.40315923E-02  3.47706527E-02
  3.47971916E-02  3.48486938E-02  3.49415876E-02  3.50299440E-02  3.50638852E-02
  3.42525356E-02  3.46167944E-02  3.50952372E-02  3.56087908E-02  3.60692181E-02
  3.64283547E-02  3.67473215E-02  3.69887799E-02  3.70530672E-02  3.70967239E-02
  3.71412076E-02  3.71465459E-02  3.71883363E-02  3.74394283E-02  3.78856882E-02
  3.83271910E-02  3.87449563E-02  3.91330197E-02  3.94906141E-02  3.98101062E-02
  4.00976799E-02  4.03543152E-02  4.05775122E-02  4.07708250E-02  4.09359075E-02
  4.10739258E-02  4.11842540E-02  4.12712023E-02  4.14649025E-02
     2  'FLUX 42     '       2      64
  6.16803505E-02  6.16884828E-02  6.17166683E-02  6.18070997E-02  6.18854798E-02
  6.18921816E-02  6.18923455E-02  6.22602031E-02  6.22631051E-02  6.23061620E-02
  6.23961873E-02  6.25154972E-02  6.24884665E-02  6.19698651E-02  6.21432848E-02
  6.23527728E-02  6.26811311E-02  6.29199743E-02  6.38184920E-02  6.38462380E-02
  6.39055222E-02  6.40118122E-02  6.40958995E-02  6.41419962E-02  6.31660149E-02
  6.35562539E-02  6.40820935E-02  6.46023750E-02  6.50783703E-02  6.65420070E-02
  6.65816665E-02  6.66547120E-02  6.67787418E-02  6.68883100E-02  6.69336021E-02
  6.54810965E-02  6.61403015E-02  6.69853017E-02  6.78600520E-02  6.86437190E-02
  6.92511797E-02  6.98063821E-02  7.02353492E-02  7.03500062E-02  7.04245344E-02
  7.04991594E-02  7.05038458E-02  7.05707297E-02  7.10158646E-02  7.18201622E-02
  7.26255327E-02  7.33929798E-02  7.41093755E-02  7.47719258E-02  7.53656551E-02
  7.59012997E-02  7.63802156E-02  7.67974108E-02  7.71592483E-02  7.74686038E-02
  7.77275413E-02  7.79347569E-02  7.80983120E-02  7.84624591E-02
     2  'FLUX 43     '       2      64
  9.59795564E-02  9.59850252E-02  9.60715935E-02  9.63700041E-02  9.66928154E-02
  9.67156291E-02  9.68007967E-02  9.69195887E-02  9.69397053E-02  9.70689729E-02
  9.73664746E-02  9.77751538E-02  9.77782980E-02  9.69886854E-02  9.72689688E-02
  9.76153836E-02  9.83518586E-02  9.86862630E-02  9.95167866E-02  9.95988101E-02
  9.97750387E-02  1.00129344E-01  1.00488082E-01  1.00623913E-01  9.90604311E-02
  9.96716470E-02  1.00605384E-01  1.01598293E-01  1.02398261E-01  1.04285516E-01
  1.04393020E-01  1.04613699E-01  1.05032034E-01  1.05448015E-01  1.05601296E-01
  1.03075296E-01  1.04197711E-01  1.05732352E-01  1.07473075E-01  1.09014690E-01
  1.10198319E-01  1.11246839E-01  1.12040624E-01  1.12257153E-01  1.12407014E-01
  1.12561837E-01  1.12585939E-01  1.12735257E-01  1.13585517E-01  1.15003698E-01
  1.16371080E-01  1.17650658E-01  1.18832178E-01  1.19917355E-01  1.20884851E-01
  1.21754944E-01  1.22531250E-01  1.23206384E-01  1.23791352E-01  1.24291122E-01
  1.24709189E-01  1.25043467E-01  1.25306860E-01  1.25895575E-01
     2  'FLUX 44     '       2      64
  1.23660952E-01  1.23668820E-01  1.23773545E-01  1.24122486E-01  1.24492586E-01
  1.24519169E-01  1.24620646E-01  1.24827638E-01  1.24852553E-01  1.25006273E-01
  1.25354543E-01  1.25825956E-01  1.25823930E-01  1.24846056E-01  1.25193477E-01
  1.25623986E-01  1.26510039E-01  1.26934081E-01  1.28037483E-01  1.28134847E-01
  1.28343314E-01  1.28756553E-01  1.29164621E-01  1.29324496E-01  1.27398968E-01
  1.28155112E-01  1.29295662E-01  1.30504578E-01  1.31491438E-01  1.33879736E-01
  1.34006560E-01  1.34264678E-01  1.34748518E-01  1.35222122E-01  1.35398850E-01
  1.32325530E-01  1.33698612E-01  1.35559082E-01  1.37650475E-01  1.39502570E-01
  1.40920416E-01  1.42177731E-01  1.43127352E-01  1.43384457E-01  1.43561304E-01
  1.43743783E-01  1.43769920E-01  1.43944949E-01  1.44957483E-01  1.46680176E-01
  1.48356572E-01  1.49933606E-01  1.51395530E-01  1.52742341E-01  1.53946593E-01
  1.55032113E-01  1.56002626E-01  1.56848341E-01  1.57582387E-01  1.58210576E-01
  1.58736929E-01  1.59158647E-01  1.59491792E-01  1.60233736E-01
     2  'FLUX 45     '       2      64
  3.33463967E-01  3.33477348E-01  3.33749175E-01  3.34638655E-01  3.35584641E-01
  3.35652649E-01  3.35935533E-01  3.36343139E-01  3.36411476E-01  3.36804569E-01
  3.37693691E-01  3.38887483E-01  3.38892460E-01  3.36506963E-01  3.37366164E-01
  3.38435531E-01  3.40668350E-01  3.41706455E-01  3.44265878E-01  3.44514310E-01
  3.45045030E-01  3.46096963E-01  3.47134054E-01  3.47540319E-01  3.42840403E-01
  3.44687730E-01  3.47503453E-01  3.50508988E-01  3.52937698E-01  3.58619243E-01
  3.58937889E-01  3.59588921E-01  3.60811174E-01  3.62004161E-01  3.62451494E-01
  3.54982287E-01  3.58330548E-01  3.62882972E-01  3.68026763E-01  3.72537166E-01
  3.75915557E-01  3.78949791E-01  3.81265342E-01  3.81894439E-01  3.82318735E-01
  3.82756770E-01  3.82805586E-01  3.83222431E-01  3.85699093E-01  3.89945656E-01
  3.94107103E-01  3.98044467E-01  4.01712805E-01  4.05107617E-01  4.08156753E-01
  4.10916030E-01  4.13391709E-01  4.15556818E-01  4.17442083E-01  4.19060320E-01
  4.20420259E-01  4.21513438E-01  4.22380477E-01  4.24304903E-01
     2  'FLUX 46     '       2      64
  3.63160491E-01  3.63150895E-01  3.63406956E-01  3.64222258E-01  3.65092725E-01
  3.65155458E-01  3.65459293E-01  3.65649313E-01  3.65715891E-01  3.66077691E-01
  3.66900533E-01  3.67987573E-01  3.68008077E-01  3.65985841E-01  3.66740823E-01
  3.67680371E-01  3.69721115E-01  3.70600015E-01  3.72480452E-01  3.72712731E-01
  3.73207569E-01  3.74190509E-01  3.75152171E-01  3.75533134E-01  3.71558189E-01
  3.73126835E-01  3.75585794E-01  3.78248483E-01  3.80334854E-01  3.84659499E-01
  3.84954751E-01  3.85563523E-01  3.86712432E-01  3.87829036E-01  3.88256609E-01
  3.82067502E-01  3.84867638E-01  3.88736039E-01  3.93188238E-01  3.96944374E-01
  3.99504066E-01  4.01914179E-01  4.03815478E-01  4.04333532E-01  4.04669762E-01
  4.04978544E-01  4.04979259E-01  4.05276984E-01  4.07348722E-01  4.11059320E-01
  4.14804399E-01  4.18417007E-01  4.21832800E-01  4.25031364E-01  4.27935392E-01
  4.30586040E-01  4.32982206E-01  4.35092866E-01  4.36942220E-01  4.38538671E-01
  4.39887494E-01  4.40978616E-01  4.41850543E-01  4.43769157E-01
     2  'FLUX 47     '       2      64
  4.12002504E-01  4.11940813E-01  4.12217259E-01  4.13038492E-01  4.13957983E-01
  4.14022326E-01  4.14462447E-01  4.13723201E-01  4.13807571E-01  4.14168894E-01
  4.15010095E-01  4.16087747E-01  4.16184902E-01  4.14962471E-01  4.15512294E-01
  4.16202515E-01  4.18055803E-01  4.18567002E-01  4.18329924E-01  4.18564647E-01
  4.19057727E-01  4.20063645E-01  4.21069264E-01  4.21459436E-01  4.19127166E-01
  4.20062184E-01  4.21805233E-01  4.23857391E-01  4.25204188E-01  4.25693840E-01
  4.25968975E-01  4.26559567E-01  4.27718431E-01  4.28862065E-01  4.29320872E-01
  4.26234841E-01  4.27735627E-01  4.30019498E-01  4.32992637E-01  4.34977323E-01
  4.35416728E-01  4.36135352E-01  4.36783224E-01  4.37010199E-01  4.37032431E-01
  4.37068701E-01  4.36884969E-01  4.36907858E-01  4.37708855E-01  4.39892858E-01
  4.42504257E-01  4.45244402E-01  4.47979778E-01  4.50640500E-01  4.53132421E-01
  4.55459237E-01  4.57601756E-01  4.59520131E-01  4.61223245E-01  4.62710381E-01
  4.63980019E-01  4.65018958E-01  4.65860516E-01  4.67685938E-01
     2  'FLUX 48     '       2      64
  2.99544305E-01  2.99476326E-01  2.99645454E-01  3.00033242E-01  3.00483048E-01
  3.00514221E-01  3.00839692E-01  3.00005376E-01  3.00068527E-01  3.00244868E-01
  3.00650775E-01  3.01111817E-01  3.01194310E-01  3.01075190E-01  3.01252127E-01
  3.01474482E-01  3.02280962E-01  3.02354306E-01  3.00878525E-01  3.00991654E-01
  3.01212043E-01  3.01667780E-01  3.02096784E-01  3.02289397E-01  3.02373737E-01
  3.02391410E-01  3.02713513E-01  3.03267300E-01  3.03382427E-01  3.00327986E-01
  3.00417274E-01  3.00623327E-01  3.01060081E-01  3.01485181E-01  3.01703066E-01
  3.03317547E-01  3.02846938E-01  3.02359849E-01  3.02182287E-01  3.01081568E-01
  2.98661202E-01  2.96973497E-01  2.95834213E-01  2.95481145E-01  2.95191318E-01
  2.94838965E-01  2.94523090E-01  2.94167519E-01  2.92949766E-01  2.92335421E-01
  2.92536169E-01  2.93161154E-01  2.94026971E-01  2.95023203E-01  2.96065986E-01
  2.97111005E-01  2.98124224E-01  2.99069792E-01  2.99935818E-01  3.00711453E-01
  3.01388144E-01  3.01954418E-01  3.02425236E-01  3.03421766E-01
     2  'FLUX 49     '       2      64
  2.36291230E-01  2.36231133E-01  2.36400679E-01  2.36743286E-01  2.37166092E-01
  2.37193510E-01  2.37529501E-01  2.36386761E-01  2.36460820E-01  2.36618280E-01
  2.36973330E-01  2.37357691E-01  2.37461314E-01  2.37710357E-01  2.37770632E-01
  2.37861410E-01  2.38425553E-01  2.38354981E-01  2.36155048E-01  2.36247852E-01
  2.36416325E-01  2.36776054E-01  2.37122148E-01  2.37278819E-01  2.38189831E-01
  2.37889498E-01  2.37759873E-01  2.37884536E-01  2.37613305E-01  2.33099684E-01
  2.33135045E-01  2.33234361E-01  2.33483121E-01  2.33732298E-01  2.33891681E-01
  2.37194031E-01  2.36035600E-01  2.34572187E-01  2.33328402E-01  2.31144324E-01
  2.27669477E-01  2.25097060E-01  2.23261371E-01  2.22818032E-01  2.22353697E-01
  2.21846417E-01  2.21519098E-01  2.21018910E-01  2.19103634E-01  2.17404634E-01
  2.16617495E-01  2.16349959E-01  2.16411427E-01  2.16681346E-01  2.17084199E-01
  2.17558458E-01  2.18065411E-01  2.18572125E-01  2.19058722E-01  2.19510347E-01
  2.19915867E-01  2.20264941E-01  2.20563933E-01  2.21181005E-01
     2  'FLUX 50     '       2      64
  1.94381490E-01  1.94336310E-01  1.94503546E-01  1.94822669E-01  1.95224851E-01
  1.95250139E-01  1.95567936E-01  1.94400668E-01  1.94478586E-01  1.94627196E-01
  1.94953531E-01  1.95300281E-01  1.95403174E-01  1.95722550E-01  1.95751414E-01
  1.95810884E-01  1.96270704E-01  1.96181193E-01  1.93916291E-01  1.93998352E-01
  1.94139734E-01  1.94444954E-01  1.94741413E-01  1.94877028E-01  1.95978731E-01
  1.95604742E-01  1.95339158E-01  1.95324689E-01  1.94959298E-01  1.90238327E-01
  1.90247491E-01  1.90291137E-01  1.90434784E-01  1.90583780E-01  1.90705657E-01
  1.94456577E-01  1.93121403E-01  1.91362172E-01  1.89755157E-01  1.87245905E-01
  1.83517963E-01  1.80698559E-01  1.78658828E-01  1.78151652E-01  1.77653626E-01
  1.77116692E-01  1.76772371E-01  1.76260725E-01  1.74119011E-01  1.72019705E-01
  1.70837253E-01  1.70194149E-01  1.69904262E-01  1.69848099E-01  1.69956595E-01
  1.70163557E-01  1.70429915E-01  1.70725331E-01  1.71027184E-01  1.71319619E-01
  1.71590820E-01  1.71831146E-01  1.72043100E-01  1.72470376E-01
     2  'FLUX 51     '       2      64
  2.36785233E-01  2.36742988E-01  2.36971691E-01  2.37387329E-01  2.37913087E-01
  2.37945169E-01  2.38350168E-01  2.36843750E-01  2.36953706E-01  2.37150937E-01
  2.37570703E-01  2.38009110E-01  2.38138780E-01  2.38543034E-01  2.38583073E-01
  2.38670021E-01  2.39232361E-01  2.39140332E-01  2.36191511E-01  2.36294448E-01
  2.36463815E-01  2.36828104E-01  2.37177238E-01  2.37343937E-01  2.38872677E-01
  2.38356814E-01  2.37937868E-01  2.37850249E-01  2.37331063E-01  2.30912358E-01
  2.30900481E-01  2.30905056E-01  2.30992958E-01  2.31089115E-01  2.31217489E-01
  2.36620501E-01  2.34706417E-01  2.32100472E-01  2.29618937E-01  2.25919589E-01
  2.20587090E-01  2.16487661E-01  2.13501677E-01  2.12642699E-01  2.11978525E-01
  2.11237431E-01  2.10738882E-01  2.10022897E-01  2.06820190E-01  2.03571692E-01
  2.01625347E-01  2.00453132E-01  1.99795529E-01  1.99484512E-01  1.99427605E-01
  1.99528366E-01  1.99731648E-01  1.99996561E-01  2.00289607E-01  2.00587600E-01
  2.00873420E-01  2.01134011E-01  2.01369911E-01  2.01835588E-01
     2  'FLUX 52     '       2      64
  4.70109642E-01  4.70062226E-01  4.70599085E-01  4.71565932E-01  4.72770989E-01
  4.72844094E-01  4.73704576E-01  4.70679700E-01  4.70939070E-01  4.71406102E-01
  4.72370803E-01  4.73384798E-01  4.73641813E-01  4.74156171E-01  4.74355906E-01
  4.74701464E-01  4.76059586E-01  4.76064652E-01  4.70277548E-01  4.70511973E-01
  4.70891327E-01  4.71689969E-01  4.72437441E-01  4.72808182E-01  4.75639373E-01
  4.74726290E-01  4.74025071E-01  4.74049240E-01  4.73168463E-01  4.59838063E-01
  4.59789664E-01  4.59741026E-01  4.59808499E-01  4.59886730E-01  4.60127354E-01
  4.71802175E-01  4.67782378E-01  4.62110251E-01  4.56564903E-01  4.48254257E-01
  4.36227053E-01  4.26871866E-01  4.19898510E-01  4.18014258E-01  4.16441172E-01
  4.14717048E-01  4.13743198E-01  4.12045270E-01  4.04545248E-01  3.96844894E-01
  3.92126977E-01  3.89188647E-01  3.87440681E-01  3.86501133E-01  3.86163473E-01
  3.86205375E-01  3.86501223E-01  3.86959016E-01  3.87500554E-01  3.88072163E-01
  3.88633609E-01  3.89155209E-01  3.89634609E-01  3.90567243E-01
     2  'FLUX 53     '       2      64
  6.81784034E-01  6.81795776E-01  6.82754099E-01  6.84577525E-01  6.86762333E-01
  6.86896384E-01  6.88241065E-01  6.84303343E-01  6.84752285E-01  6.85642362E-01
  6.87446475E-01  6.89421415E-01  6.89759910E-01  6.89148426E-01  6.89912856E-01
  6.91048145E-01  6.93998039E-01  6.94696188E-01  6.87929451E-01  6.88376307E-01
  6.89129829E-01  6.90656602E-01  6.92059755E-01  6.92751527E-01  6.94683313E-01
  6.94248617E-01  6.94423378E-01  6.95763648E-01  6.95635498E-01  6.78456783E-01
  6.78445637E-01  6.78472817E-01  6.78733230E-01  6.78980589E-01  6.79407537E-01
  6.94531918E-01  6.89770341E-01  6.82635009E-01  6.75608277E-01  6.63986444E-01
  6.46071196E-01  6.31961107E-01  6.21221185E-01  6.18350148E-01  6.15922391E-01
  6.13141656E-01  6.11822426E-01  6.09248102E-01  5.97462595E-01  5.85736990E-01
  5.78813136E-01  5.74706793E-01  5.72465241E-01  5.71478367E-01  5.71405053E-01
  5.71899951E-01  5.72762787E-01  5.73842168E-01  5.75016797E-01  5.76201141E-01
  5.77330828E-01  5.78355134E-01  5.79274297E-01  5.81079423E-01
     2  'FLUX 54     '       2      64
  1.46005464E+00  1.46026647E+00  1.46304715E+00  1.46907938E+00  1.47596073E+00
  1.47640347E+00  1.47994924E+00  1.47300303E+00  1.47421098E+00  1.47713637E+00
  1.48312783E+00  1.49013591E+00  1.49081361E+00  1.48324096E+00  1.48706269E+00
  1.49240506E+00  1.50401223E+00  1.50845087E+00  1.50153780E+00  1.50308526E+00
  1.50595963E+00  1.51162899E+00  1.51690686E+00  1.51931226E+00  1.51138484E+00
  1.51518106E+00  1.52246046E+00  1.53286076E+00  1.53903568E+00  1.51811266E+00
  1.51878047E+00  1.52020574E+00  1.52324390E+00  1.52610910E+00  1.52790713E+00
  1.54205322E+00  1.54023981E+00  1.53584075E+00  1.53270996E+00  1.51805162E+00
  1.48676109E+00  1.46234417E+00  1.44367254E+00  1.43795812E+00  1.43402290E+00
  1.42901671E+00  1.42631829E+00  1.42192638E+00  1.40098870E+00  1.38311362E+00
  1.37516510E+00  1.37276149E+00  1.37385404E+00  1.37716925E+00  1.38189614E+00
  1.38739538E+00  1.39325213E+00  1.39910614E+00  1.40474129E+00  1.40998781E+00
  1.41471422E+00  1.41879344E+00  1.42227638E+00  1.42927706E+00
     2  'FLUX 55     '       2      64
  2.51169777E+00  2.51246262E+00  2.51950240E+00  2.53721285E+00  2.55678868E+00
  2.55810666E+00  2.56688094E+00  2.55643463E+00  2.55922341E+00  2.56768465E+00
  2.58546019E+00  2.60748744E+00  2.60888219E+00  2.57709360E+00  2.59020114E+00
  2.60827637E+00  2.64604545E+00  2.66210580E+00  2.67053580E+00  2.67529106E+00
  2.68488407E+00  2.70371771E+00  2.72184896E+00  2.72933149E+00  2.67626119E+00
  2.69787741E+00  2.73354053E+00  2.77714419E+00  2.80931211E+00  2.82865024E+00
  2.83275962E+00  2.84125924E+00  2.85770917E+00  2.87351131E+00  2.88040948E+00
  2.83307266E+00  2.86092448E+00  2.89612508E+00  2.93974495E+00  2.96026754E+00
  2.94418001E+00  2.93334746E+00  2.92409778E+00  2.92132473E+00  2.91866302E+00
  2.91569996E+00  2.91272974E+00  2.91025305E+00  2.90117431E+00  2.90976119E+00
  2.93044305E+00  2.95658326E+00  2.98528981E+00  3.01492357E+00  3.04400897E+00
  3.07209444E+00  3.09866905E+00  3.12307930E+00  3.14522505E+00  3.16494036E+00
  3.18207645E+00  3.19638848E+00  3.20819139E+00  3.23211432E+00
     2  'FLUX 56     '       2      64
  4.20462132E+00  4.20657825E+00  4.22319794E+00  4.26971292E+00  4.32018900E+00
  4.32368088E+00  4.34472752E+00  4.33041859E+00  4.33646870E+00  4.35854197E+00
  4.40586138E+00  4.46643543E+00  4.46945810E+00  4.37253618E+00  4.40948534E+00
  4.46045160E+00  4.56612587E+00  4.61212015E+00  4.67412901E+00  4.68712282E+00
  4.71478367E+00  4.76907873E+00  4.82235813E+00  4.84309244E+00  4.65738344E+00
  4.73013783E+00  4.84691429E+00  4.98378420E+00  5.09121704E+00  5.26715565E+00
  5.28231907E+00  5.31364012E+00  5.37300730E+00  5.43043900E+00  5.45252752E+00
  5.17803192E+00  5.30629015E+00  5.48205614E+00  5.69184256E+00  5.85775471E+00
  5.94343185E+00  6.01996326E+00  6.07973719E+00  6.09602690E+00  6.10605860E+00
  6.11672258E+00  6.11617517E+00  6.12684774E+00  6.20377350E+00  6.34759092E+00
  6.49253035E+00  6.63202620E+00  6.76386547E+00  6.88739491E+00  7.00024080E+00
  7.10380030E+00  7.19799423E+00  7.28179598E+00  7.35594845E+00  7.42063379E+00
  7.47590876E+00  7.52137375E+00  7.55826378E+00  7.63227272E+00
     2  'FLUX 57     '       2      64
  2.90753913E+00  2.90943217E+00  2.92398429E+00  2.96708536E+00  3.01335549E+00
  3.01659417E+00  3.03535652E+00  3.02790451E+00  3.03297162E+00  3.05349565E+00
  3.09783125E+00  3.15543127E+00  3.15796924E+00  3.06162143E+00  3.09705043E+00
  3.14632583E+00  3.24755263E+00  3.29223967E+00  3.36806965E+00  3.38044786E+00
  3.40760994E+00  3.46086717E+00  3.51358628E+00  3.53347659E+00  3.33818340E+00
  3.41352463E+00  3.53333759E+00  3.67232347E+00  3.78430724E+00  4.00896502E+00
  4.02565718E+00  4.06016970E+00  4.12517548E+00  4.18827438E+00  4.21126413E+00
  3.87781763E+00  4.02540588E+00  4.23272085E+00  4.47971678E+00  4.69467354E+00
  4.84087086E+00  4.96427202E+00  5.06127310E+00  5.08769178E+00  5.10567141E+00
  5.12421370E+00  5.12659740E+00  5.14432430E+00  5.27004337E+00  5.47323799E+00
  5.66208696E+00  5.83541489E+00  5.99372673E+00  6.13820839E+00  6.26740599E+00
  6.38397837E+00  6.48851299E+00  6.58042717E+00  6.66097498E+00  6.73067284E+00
  6.78982878E+00  6.83823395E+00  6.87730885E+00  6.95424652E+00
     2  'FLUX 58     '       2      64
  2.17048883E+00  2.17230654E+00  2.18479896E+00  2.22293401E+00  2.26361370E+00
  2.26647282E+00  2.28267670E+00  2.27870131E+00  2.28297877E+00  2.30125237E+00
  2.34076571E+00  2.39250898E+00  2.39462280E+00  2.30609560E+00  2.33798838E+00
  2.38270473E+00  2.47365427E+00  2.51431894E+00  2.59003854E+00  2.60118270E+00
  2.62605667E+00  2.67476225E+00  2.72325253E+00  2.74118352E+00  2.55695438E+00
  2.62747335E+00  2.73896217E+00  2.86800408E+00  2.97348046E+00  3.20225883E+00
  3.21850109E+00  3.25210166E+00  3.31525540E+00  3.37675476E+00  3.39845753E+00
  3.06295300E+00  3.20802593E+00  3.41402745E+00  3.65992403E+00  3.88262844E+00
  4.04741049E+00  4.18142653E+00  4.28510809E+00  4.31335211E+00  4.33303738E+00
  4.35335159E+00  4.35696077E+00  4.37671614E+00  4.51088810E+00  4.72495365E+00
  4.92040157E+00  5.09736490E+00  5.25722599E+00  5.40176630E+00  5.53001451E+00
  5.64496183E+00  5.74744225E+00  5.83711958E+00  5.91538668E+00  5.98287916E+00
  6.03999901E+00  6.08665848E+00  6.12426901E+00  6.19719553E+00
     2  'FLUX 59     '       2      64
  1.58943284E+00  1.59106600E+00  1.60121238E+00  1.63265419E+00  1.66607189E+00
  1.66842926E+00  1.68166757E+00  1.67933214E+00  1.68279696E+00  1.69797134E+00
  1.73075199E+00  1.77385116E+00  1.77555966E+00  1.70105159E+00  1.72755766E+00
  1.76505518E+00  1.84068727E+00  1.87482703E+00  1.94103003E+00  1.95034420E+00
  1.97137392E+00  2.01250935E+00  2.05360889E+00  2.06859660E+00  1.91094685E+00
  1.97099364E+00  2.06564236E+00  2.17538214E+00  2.26590919E+00  2.46984434E+00
  2.48413610E+00  2.51372957E+00  2.56930017E+00  2.62352681E+00  2.64226413E+00
  2.34342527E+00  2.47089314E+00  2.65322232E+00  2.87162662E+00  3.07387447E+00
  3.22940993E+00  3.35290718E+00  3.44758606E+00  3.47341228E+00  3.49147701E+00
  3.51029301E+00  3.51398587E+00  3.53239965E+00  3.65585184E+00  3.85230732E+00
  4.03014183E+00  4.19002676E+00  4.33359432E+00  4.46272182E+00  4.57680368E+00
  4.67865849E+00  4.76915407E+00  4.84812593E+00  4.91688824E+00  4.97606421E+00
  5.02606821E+00  5.06688833E+00  5.09978724E+00  5.16267347E+00
     2  'FLUX 60     '       2      64
  1.43077421E+00  1.43251765E+00  1.44251823E+00  1.47375798E+00  1.50689018E+00
  1.50922692E+00  1.52239323E+00  1.52029026E+00  1.52372229E+00  1.53891623E+00
  1.57167947E+00  1.61484969E+00  1.61655855E+00  1.54168832E+00  1.56809723E+00
  1.60582066E+00  1.68137443E+00  1.71570110E+00  1.78338158E+00  1.79275095E+00
  1.81410360E+00  1.85583138E+00  1.89763391E+00  1.91270971E+00  1.75218868E+00
  1.81308997E+00  1.90898275E+00  2.02058673E+00  2.11325479E+00  2.32644892E+00
  2.34142470E+00  2.37246609E+00  2.43073916E+00  2.48768973E+00  2.50704718E+00
  2.19313788E+00  2.32569671E+00  2.51652145E+00  2.74611735E+00  2.96199608E+00
  3.13175678E+00  3.26401377E+00  3.36484313E+00  3.39228964E+00  3.41161633E+00
  3.43174434E+00  3.43599606E+00  3.45580578E+00  3.58871365E+00  3.80026698E+00
  3.99067903E+00  4.16102791E+00  4.31334257E+00  4.44981050E+00  4.57000637E+00
  4.67701292E+00  4.77184105E+00  4.85442924E+00  4.92621374E+00  4.98790169E+00
  5.03996992E+00  5.08246708E+00  5.11673021E+00  5.18131399E+00
     2  'FLUX 61     '       2      64
  1.40457809E+00  1.40655267E+00  1.41737294E+00  1.45136738E+00  1.48740149E+00
  1.48993814E+00  1.50440681E+00  1.50152612E+00  1.50527608E+00  1.52195203E+00
  1.55785668E+00  1.60523701E+00  1.60717905E+00  1.52541316E+00  1.55407631E+00
  1.59550250E+00  1.67804253E+00  1.71556652E+00  1.78947127E+00  1.79981017E+00
  1.82358897E+00  1.87004423E+00  1.91671705E+00  1.93336010E+00  1.75560355E+00
  1.82276666E+00  1.92868400E+00  2.05267739E+00  2.15609550E+00  2.39671731E+00
  2.41391945E+00  2.44964576E+00  2.51674247E+00  2.58242798E+00  2.60441685E+00
  2.24574614E+00  2.39574027E+00  2.61339092E+00  2.87686968E+00  3.12767100E+00
  3.32781816E+00  3.48123813E+00  3.59803963E+00  3.62982702E+00  3.65211582E+00
  3.67545128E+00  3.68057156E+00  3.70356178E+00  3.86000538E+00  4.10853815E+00
  4.33089447E+00  4.52886724E+00  4.70515442E+00  4.86251640E+00  5.00071096E+00
  5.12340593E+00  5.23186874E+00  5.32615280E+00  5.40796709E+00  5.47818041E+00
  5.53738356E+00  5.58570337E+00  5.62468147E+00  5.69703293E+00
     2  'FLUX 62     '       2      64
  1.16173089E+00  1.16363072E+00  1.17358637E+00  1.20491052E+00  1.23813391E+00
  1.24046838E+00  1.25404143E+00  1.25017965E+00  1.25368941E+00  1.26921451E+00
  1.30257452E+00  1.34662247E+00  1.34853840E+00  1.27337301E+00  1.29959607E+00
  1.33805621E+00  1.41429424E+00  1.44889367E+00  1.51581669E+00  1.52549541E+00
  1.54795969E+00  1.59184861E+00  1.63607144E+00  1.65166080E+00  1.48586810E+00
  1.54823780E+00  1.64692235E+00  1.76341963E+00  1.86092818E+00  2.08845925E+00
  2.10523009E+00  2.14014149E+00  2.20577574E+00  2.27014613E+00  2.29137564E+00
  1.94587302E+00  2.08898473E+00  2.29854226E+00  2.55423617E+00  2.80018854E+00
  2.99820614E+00  3.14749622E+00  3.26120067E+00  3.29207730E+00  3.31381631E+00
  3.33634925E+00  3.34140611E+00  3.36377215E+00  3.51949358E+00  3.76638365E+00
  3.98593354E+00  4.18046904E+00  4.35298204E+00  4.50640297E+00  4.64074850E+00
  4.75969839E+00  4.86458874E+00  4.95559931E+00  5.03444433E+00  5.10201883E+00
  5.15894365E+00  5.20541286E+00  5.24293280E+00  5.31132698E+00
     2  'FLUX 63     '       2      64
  7.59512961E-01  7.61001825E-01  7.68222034E-01  7.90809393E-01  8.14805508E-01
  8.16486716E-01  8.26475263E-01  8.22607338E-01  8.25212181E-01  8.36539507E-01
  8.60793412E-01  8.92801881E-01  8.94282937E-01  8.40371668E-01  8.59097421E-01
  8.87020469E-01  9.42000508E-01  9.66998816E-01  1.01388311E+00  1.02097154E+00
  1.03755498E+00  1.06994832E+00  1.10266769E+00  1.11408103E+00  9.93634820E-01
  1.03876555E+00  1.11039102E+00  1.19580901E+00  1.26757264E+00  1.43450487E+00
  1.44723880E+00  1.47380865E+00  1.52381778E+00  1.57294762E+00  1.58892429E+00
  1.33035994E+00  1.43657386E+00  1.59337044E+00  1.78634048E+00  1.97366869E+00
  2.12521696E+00  2.23738718E+00  2.32276607E+00  2.34585738E+00  2.36224437E+00
  2.37913847E+00  2.38290644E+00  2.39967084E+00  2.51951766E+00  2.70963573E+00
  2.87784719E+00  3.02626204E+00  3.15739036E+00  3.27360916E+00  3.37511849E+00
  3.46477151E+00  3.54364944E+00  3.61197734E+00  3.67108822E+00  3.72169065E+00
  3.76428652E+00  3.79907274E+00  3.82719588E+00  3.87747693E+00
     2  'FLUX 64     '       2      64
  6.76719666E-01  6.78307354E-01  6.85437858E-01  7.07525969E-01  7.31051147E-01
  7.32691526E-01  7.42685974E-01  7.37637877E-01  7.40279198E-01  7.51497686E-01
  7.75418401E-01  8.06948304E-01  8.08505893E-01  7.56215930E-01  7.74313450E-01
  8.01785767E-01  8.55488062E-01  8.79963815E-01  9.23987925E-01  9.31033254E-01
  9.47632074E-01  9.80048537E-01  1.01286232E+00  1.02419496E+00  9.05904710E-01
  9.50051844E-01  1.02036715E+00  1.10517955E+00  1.17668259E+00  1.34176862E+00
  1.35485888E+00  1.38224030E+00  1.43384051E+00  1.48461699E+00  1.50090742E+00
  1.23948443E+00  1.34603262E+00  1.50459433E+00  1.70154071E+00  1.89429104E+00
  2.05054927E+00  2.16400909E+00  2.25022602E+00  2.27364373E+00  2.29010034E+00
  2.30712175E+00  2.31089497E+00  2.32790947E+00  2.45216894E+00  2.64965892E+00
  2.82361197E+00  2.97648478E+00  3.11107898E+00  3.22998357E+00  3.33358765E+00
  3.42487311E+00  3.50501466E+00  3.57433200E+00  3.63421845E+00  3.68543100E+00
  3.72851181E+00  3.76371098E+00  3.79220939E+00  3.84215665E+00
     2  'FLUX 65     '       2      64
  5.73260128E-01  5.74895501E-01  5.81725180E-01  6.02582693E-01  6.24896884E-01
  6.26439869E-01  6.36154234E-01  6.29625142E-01  6.32243872E-01  6.43004537E-01
  6.65832579E-01  6.95871353E-01  6.97483838E-01  6.48830175E-01  6.65614724E-01
  6.91686392E-01  7.42218316E-01  7.65257299E-01  8.04029942E-01  8.10818136E-01
  8.26932847E-01  8.58409762E-01  8.90361607E-01  9.01258290E-01  7.89493561E-01
  8.30992997E-01  8.97468507E-01  9.78831828E-01  1.04764760E+00  1.20435226E+00
  1.21746635E+00  1.24498260E+00  1.29693151E+00  1.34816051E+00  1.36433017E+00
  1.10834539E+00  1.21168137E+00  1.36707103E+00  1.56235063E+00  1.75515592E+00
  1.91151297E+00  2.02244258E+00  2.10672331E+00  2.12953091E+00  2.14550281E+00
  2.16212273E+00  2.16587377E+00  2.18243742E+00  2.30761552E+00  2.50698280E+00
  2.68166471E+00  2.83446026E+00  2.96843386E+00  3.08634233E+00  3.18878937E+00
  3.27881122E+00  3.35765028E+00  3.42572236E+00  3.48444510E+00  3.53460598E+00
  3.57676959E+00  3.61124253E+00  3.63920069E+00  3.68706870E+00
     2  'FLUX 66     '       2      64
  4.49252218E-01  4.50838566E-01  4.57082361E-01  4.75762784E-01  4.95906800E-01
  4.97289777E-01  5.06324112E-01  4.97981727E-01  5.00487983E-01  5.10319352E-01
  5.31046271E-01  5.58254004E-01  5.59890509E-01  5.17514944E-01  5.32104194E-01
  5.55496454E-01  6.00379765E-01  6.20737791E-01  6.51175439E-01  6.57415092E-01
  6.72346711E-01  7.01542199E-01  7.31297076E-01  7.41274714E-01  6.41922355E-01
  6.78554475E-01  7.37812817E-01  8.11801195E-01  8.74511421E-01  1.01382864E+00
  1.02645695E+00  1.05306888E+00  1.10344934E+00  1.15327799E+00  1.16868138E+00
  9.30086613E-01  1.02519023E+00  1.17029691E+00  1.35552573E+00  1.54021072E+00
  1.68972707E+00  1.79281139E+00  1.87109268E+00  1.89233601E+00  1.90717113E+00
  1.92243338E+00  1.92592132E+00  1.94126344E+00  2.06222749E+00  2.25489020E+00
  2.42247081E+00  2.56816745E+00  2.69525623E+00  2.80658555E+00  2.90298533E+00
  2.98741984E+00  3.06115460E+00  3.12469172E+00  3.17941093E+00  3.22609067E+00
  3.26529980E+00  3.29738259E+00  3.32346010E+00  3.36687684E+00
     2  'FLUX 67     '       2      64
  3.08982134E-01  3.10352266E-01  3.15623999E-01  3.30931216E-01  3.47688109E-01
  3.48818958E-01  3.56623054E-01  3.46299499E-01  3.48552406E-01  3.56818736E-01
  3.74119759E-01  3.96756887E-01  3.98351490E-01  3.65535825E-01  3.76856208E-01
  3.95895898E-01  4.31988180E-01  4.48030859E-01  4.66553748E-01  4.71845567E-01
  4.84610111E-01  5.09644628E-01  5.35323918E-01  5.43722510E-01  4.64455575E-01
  4.93374705E-01  5.41040361E-01  6.02293313E-01  6.54134452E-01  7.63942957E-01
  7.75286198E-01  7.99339831E-01  8.45088303E-01  8.90542150E-01  9.04184461E-01
  7.00321615E-01  7.80107021E-01  9.04592335E-01  1.06702387E+00  1.23078787E+00
  1.36280620E+00  1.45054555E+00  1.51727486E+00  1.53536642E+00  1.54784918E+00
  1.56075382E+00  1.56360507E+00  1.57671368E+00  1.68483901E+00  1.85662806E+00
  2.00453115E+00  2.13207483E+00  2.24257898E+00  2.33881521E+00  2.42179251E+00
  2.49418855E+00  2.55720067E+00  2.61137342E+00  2.65794110E+00  2.69761372E+00
  2.73091221E+00  2.75819039E+00  2.78042674E+00  2.81621885E+00
     2  'FLUX 68     '       2      64
  1.64673582E-01  1.65617079E-01  1.69433907E-01  1.80008084E-01  1.91955268E-01
  1.92738652E-01  1.98571980E-01  1.86779559E-01  1.88558444E-01  1.94461167E-01
  2.06727728E-01  2.22726956E-01  2.24152654E-01  2.04345196E-01  2.11284429E-01
  2.24007189E-01  2.47784585E-01  2.57681787E-01  2.61255860E-01  2.65080154E-01
  2.74359852E-01  2.92732567E-01  3.11836123E-01  3.17824334E-01  2.67507136E-01
  2.85531729E-01  3.16531062E-01  3.58351588E-01  3.93275857E-01  4.58972216E-01
  4.67809469E-01  4.86749530E-01  5.23124635E-01  5.59595704E-01  5.70029318E-01
  4.24566120E-01  4.79758888E-01  5.69427192E-01  6.90616310E-01  8.14382553E-01
  9.13307786E-01  9.75874722E-01  1.02373075E+00  1.03653276E+00  1.04544842E+00
  1.05453515E+00  1.05647182E+00  1.06581426E+00  1.14829731E+00  1.27793336E+00
  1.38767970E+00  1.48116410E+00  1.56138909E+00  1.63071024E+00  1.69015443E+00
  1.74177396E+00  1.78652823E+00  1.82490706E+00  1.85783434E+00  1.88584983E+00
  1.90935373E+00  1.92864525E+00  1.94444394E+00  1.96880722E+00
     2  'FLUX 69     '       2      64
  4.03516293E-02  4.07987498E-02  4.25233319E-02  4.68430184E-02  5.21757156E-02
  5.25124073E-02  5.52466027E-02  4.59225103E-02  4.68098000E-02  4.92793098E-02
  5.44528291E-02  6.12444542E-02  6.21249117E-02  5.71888126E-02  5.90754338E-02
  6.35308474E-02  7.17723519E-02  7.45025426E-02  6.61744848E-02  6.77755922E-02
  7.16374665E-02  7.96075612E-02  8.83129016E-02  9.07995254E-02  7.67759234E-02
  8.15737396E-02  9.11997333E-02  1.06062405E-01  1.17689706E-01  1.28127322E-01
  1.32189915E-01  1.41136914E-01  1.58962175E-01  1.77464724E-01  1.82205752E-01
  1.28075376E-01  1.47167444E-01  1.81506500E-01  2.32092798E-01  2.84871608E-01
  3.26469392E-01  3.50819349E-01  3.69808972E-01  3.74760509E-01  3.78136992E-01
  3.81520689E-01  3.82200390E-01  3.85834813E-01  4.22208548E-01  4.76734012E-01
  5.21046519E-01  5.57887793E-01  5.88993490E-01  6.15560591E-01  6.38184190E-01
  6.57723784E-01  6.74597561E-01  6.89038932E-01  7.01414287E-01  7.11940110E-01
  7.20779121E-01  7.28072286E-01  7.34122634E-01  7.42813051E-01
     2  'FUNSUR  1   '       2       4
  5.76691590E-02  5.96317574E-02  5.76691553E-02  5.96317612E-02
     2  'FUNSUR  2   '       2       4
  2.20587313E-01  2.25617796E-01  2.20587298E-01  2.25617766E-01
     2  'FUNSUR  3   '       2       4
  4.40138400E-01  4.45909351E-01  4.40138429E-01  4.45909351E-01
     2  'FUNSUR  4   '       2       4
  4.08819348E-01  4.11136627E-01  4.08819318E-01  4.11136657E-01
     2  'FUNSUR  5   '       2       4
  3.08394670E-01  3.06264311E-01  3.08394700E-01  3.06264311E-01
     2  'FUNSUR  6   '       2       4
  4.02359903E-01  3.98695916E-01  4.02359933E-01  3.98695916E-01
     2  'FUNSUR  7   '       2       4
  3.51417303E-01  3.48590761E-01  3.51417303E-01  3.48590821E-01
     2  'FUNSUR  8   '       2       4
  4.96639550E-01  4.92629379E-01  4.96639580E-01  4.92629468E-01
     2  'FUNSUR  9   '       2       4
  5.47606528E-01  5.43081582E-01  5.47606468E-01  5.43081701E-01
     2  'FUNSUR 10   '       2       4
  6.02874756E-01  5.98192573E-01  6.02874756E-01  5.98192692E-01
     2  'FUNSUR 11   '       2       4
  6.51684642E-01  6.47016644E-01  6.51684642E-01  6.47016764E-01
     2  'FUNSUR 12   '       2       4
  6.95593536E-01  6.91312492E-01  6.95593476E-01  6.91312551E-01
     2  'FUNSUR 13   '       2       4
  7.25774825E-01  7.21935868E-01  7.25774705E-01  7.21935987E-01
     2  'FUNSUR 14   '       2       4
  7.49383509E-01  7.46104658E-01  7.49383450E-01  7.46104777E-01
     2  'FUNSUR 15   '       2       4
  7.66539514E-01  7.63748705E-01  7.66539454E-01  7.63748825E-01
     2  'FUNSUR 16   '       2       4
  7.06680417E-01  7.04543293E-01  7.06680298E-01  7.04543352E-01
     2  'FUNSUR 17   '       2       4
  7.16243804E-01  7.14459121E-01  7.16243684E-01  7.14459181E-01
     2  'FUNSUR 18   '       2       4
  7.25572407E-01  7.24082828E-01  7.25572288E-01  7.24082947E-01
     2  'FUNSUR 19   '       2       4
  7.32314289E-01  7.31086969E-01  7.32314169E-01  7.31087029E-01
     2  'FUNSUR 20   '       2       4
  1.47847629E+00  1.47675300E+00  1.47847605E+00  1.47675312E+00
     2  'FUNSUR 21   '       2       4
  1.48503304E+00  1.48405206E+00  1.48503292E+00  1.48405218E+00
     2  'FUNSUR 22   '       2       4
  1.11324370E+00  1.11285794E+00  1.11324358E+00  1.11285818E+00
     2  'FUNSUR 23   '       2       4
  7.40602851E-01  7.40477264E-01  7.40602732E-01  7.40477324E-01
     2  'FUNSUR 24   '       2       4
  8.98378134E-01  8.98376644E-01  8.98377955E-01  8.98376763E-01
     2  'FUNSUR 25   '       2       4
  8.91981065E-01  8.92129540E-01  8.91981006E-01  8.92129660E-01
     2  'FUNSUR 26   '       2       4
  7.74953544E-01  7.75159180E-01  7.74953544E-01  7.75159299E-01
     2  'FUNSUR 27   '       2       4
  1.43630815E+00  1.43694854E+00  1.43630791E+00  1.43694866E+00
     2  'FUNSUR 28   '       2       4
  3.16906244E-01  3.17072690E-01  3.16906214E-01  3.17072749E-01
     2  'FUNSUR 29   '       2       4
  3.89994949E-01  3.90204102E-01  3.89994949E-01  3.90204102E-01
     2  'FUNSUR 30   '       2       4
  3.54881406E-01  3.55072856E-01  3.54881376E-01  3.55072886E-01
     2  'FUNSUR 31   '       2       4
  5.70847631E-01  5.71150959E-01  5.70847571E-01  5.71151078E-01
     2  'FUNSUR 32   '       2       4
  2.47378141E-01  2.47508124E-01  2.47378141E-01  2.47508109E-01
     2  'FUNSUR 33   '       2       4
  2.14873835E-01  2.14985967E-01  2.14873821E-01  2.14986011E-01
     2  'FUNSUR 34   '       2       4
  4.20034826E-02  4.20254059E-02  4.20034789E-02  4.20254096E-02
     2  'FUNSUR 35   '       2       4
  4.15859893E-02  4.16077077E-02  4.15859856E-02  4.16077152E-02
     2  'FUNSUR 36   '       2       4
  4.27191071E-02  4.27413918E-02  4.27191034E-02  4.27413993E-02
     2  'FUNSUR 37   '       2       4
  4.38772365E-02  4.39000539E-02  4.38772328E-02  4.39000577E-02
     2  'FUNSUR 38   '       2       4
  4.32912484E-02  4.33136374E-02  4.32912447E-02  4.33136448E-02
     2  'FUNSUR 39   '       2       4
  4.26708721E-02  4.26928326E-02  4.26708721E-02  4.26928364E-02
     2  'FUNSUR 40   '       2       4
  4.38363962E-02  4.38589118E-02  4.38363962E-02  4.38589193E-02
     2  'FUNSUR 41   '       2       4
  4.12672870E-02  4.12883982E-02  4.12672870E-02  4.12884057E-02
     2  'FUNSUR 42   '       2       4
  7.80925155E-02  7.81324878E-02  7.80925080E-02  7.81325027E-02
     2  'FUNSUR 43   '       2       4
  1.25289038E-01  1.25353038E-01  1.25289038E-01  1.25353053E-01
     2  'FUNSUR 44   '       2       4
  1.59478843E-01  1.59559026E-01  1.59478843E-01  1.59559056E-01
     2  'FUNSUR 45   '       2       4
  4.22373742E-01  4.22580630E-01  4.22373742E-01  4.22580689E-01
     2  'FUNSUR 46   '       2       4
  4.41905230E-01  4.42109317E-01  4.41905230E-01  4.42109376E-01
     2  'FUNSUR 47   '       2       4
  4.66016531E-01  4.66209412E-01  4.66016471E-01  4.66209471E-01
     2  'FUNSUR 48   '       2       4
  3.02616686E-01  3.02723050E-01  3.02616656E-01  3.02723080E-01
     2  'FUNSUR 49   '       2       4
  2.20754087E-01  2.20820367E-01  2.20754072E-01  2.20820397E-01
     2  'FUNSUR 50   '       2       4
  1.72221854E-01  1.72267750E-01  1.72221839E-01  1.72267795E-01
     2  'FUNSUR 51   '       2       4
  2.01610640E-01  2.01660365E-01  2.01610625E-01  2.01660395E-01
     2  'FUNSUR 52   '       2       4
  3.90167534E-01  3.90264273E-01  3.90167505E-01  3.90264273E-01
     2  'FUNSUR 53   '       2       4
  5.80143869E-01  5.80320835E-01  5.80143869E-01  5.80320895E-01
     2  'FUNSUR 54   '       2       4
  1.42446864E+00  1.42511845E+00  1.42446864E+00  1.42511857E+00
     2  'FUNSUR 55   '       2       4
  3.21330690E+00  3.21543407E+00  3.21330690E+00  3.21543431E+00
     2  'FUNSUR 56   '       2       4
  7.57241344E+00  7.57869530E+00  7.57241344E+00  7.57869577E+00
     2  'FUNSUR 57   '       2       4
  6.89328003E+00  6.89949322E+00  6.89328003E+00  6.89949369E+00
     2  'FUNSUR 58   '       2       4
  6.14077806E+00  6.14645147E+00  6.14077806E+00  6.14645195E+00
     2  'FUNSUR 59   '       2       4
  5.11526251E+00  5.11998463E+00  5.11526251E+00  5.11998510E+00
     2  'FUNSUR 60   '       2       4
  5.13391066E+00  5.13859081E+00  5.13391018E+00  5.13859129E+00
     2  'FUNSUR 61   '       2       4
  5.64548588E+00  5.65052843E+00  5.64548588E+00  5.65052843E+00
     2  'FUNSUR 62   '       2       4
  5.26432467E+00  5.26887226E+00  5.26432467E+00  5.26887274E+00
     2  'FUNSUR 63   '       2       4
  3.84428048E+00  3.84745383E+00  3.84428072E+00  3.84745407E+00
     2  'FUNSUR 64   '       2       4
  3.81052017E+00  3.81350541E+00  3.81052017E+00  3.81350589E+00
     2  'FUNSUR 65   '       2       4
  3.65820169E+00  3.66088223E+00  3.65820193E+00  3.66088247E+00
     2  'FUNSUR 66   '       2       4
  3.34221196E+00  3.34445572E+00  3.34221172E+00  3.34445596E+00
     2  'FUNSUR 67   '       2       4
  2.79734159E+00  2.79901385E+00  2.79734159E+00  2.79901481E+00
     2  'FUNSUR 68   '       2       4
  1.95716977E+00  1.95816231E+00  1.95716977E+00  1.95816278E+00
     2  'FUNSUR 69   '       2       4
  7.39417553E-01  7.39683568E-01  7.39417613E-01  7.39683628E-01
     2  '1/EIGENVALUE'       2       1
  1.23846817E+00
     1  'K-EFFECTIVE '       2       1
  1.23846817E+00
     1  'K-INFINITY  '       2       1
  1.23846805E+00
     1  'EPS-CONVERGE'       2       5
  4.99999987E-05  9.99999975E-06  4.99999987E-05  1.00000000E+01  1.00000000E+02
     1  'STATE-VECTOR'       1      40
       -99         0         3         3         1       138       127         0
        69        64         0         1         0         0         0         0
         0         0         0         0         0         0         0         0
         0         0         0         0         0         0         0         0
         0         0         0         0         0         0         0         0
